label;一级评论;真实二级评论数;真实点赞数;边数;最大边数;集群密度
0;4月会上线透明镜片，支持无线的哦，可配度数;77;261;338;159059;0.0021249976423842725
78;这不是nreal的眼镜么怎么还变成亲爱的翻译官了;5;72;77;159059;0.00048409709604612126
84;考试带犯法吗;35;577;612;159059;0.003847628867275665
120;有没有透明版;57;7;64;159059;0.00040236641749288
178;上课带墨镜真的很不礼貌;30;42;72;159059;0.00045266221967949
209;没有网也可以吗如果是看纸质的呢;23;15;38;159059;0.0002389050603863975
233;专升本和考研四六级能带进去吗;9;85;94;159059;0.0005909756756926675
243;眼睛黑色的太明显了;13;8;21;159059;0.00013202648073985126
257;看了下价格我不配;10;38;48;159059;0.00030177481311966
268;可能出个日常眼镜款;7;8;15;159059;9.430462909989374e-05
276;高考能不能戴;5;25;30;159059;0.0001886092581997875
282;这个是可以无限用吗，还是和app一样要买点数;1;15;16;159059;0.00010059160437322
284;考试能戴嘛我认真的;1;13;14;159059;8.80176538265675e-05
286;有不是墨镜的吗;3;5;8;159059;5.029580218661e-05
290;是不是买完眼镜，翻译官app还得常年办会员才行;2;8;10;159059;6.28697527332625e-05
294;兔子中的老大跳跳虎Tailwhip小季同学tt翰6;2;0;2;159059;1.25739505466525e-05
300;这个多少钱呀让我死了这条心;1;0;1;159059;6.28697527332625e-06
302;莱斯特小姐六级;1;0;1;159059;6.28697527332625e-06
310;少吃蛋糕蕉白橘青居然有斯语;1;1;2;159059;1.25739505466525e-05
312;浮士德呀呀呀呀村长PatrickStar安久心动了;2;0;2;159059;1.25739505466525e-05
315;霹雳蛋我考试需要;1;0;1;159059;6.28697527332625e-06
317;余瘾沃日，有这考四六级不得嘎嘎乱杀;1;1;2;159059;1.25739505466525e-05
344;Rosy;1;0;1;159059;6.28697527332625e-06
347;买了眼镜以后还需要再额外购买翻译时长吗;1;0;1;159059;6.28697527332625e-06
349;日常暴躁的沫儿想要吗哈哈哈;1;0;1;159059;6.28697527332625e-06
352;帅的过七天RUA爪巴cremebru1ee可以，谁给我买;2;0;2;159059;1.25739505466525e-05
366;亲爱的翻译官感觉应该考虑植入chatgpt更好的辅助留学生;1;1;2;159059;1.25739505466525e-05
372;珍惜现在风的温柔卿栖恋宫园我次;2;2;4;159059;2.5147901093305e-05
376;Chacon我觉得你会需要;1;0;1;159059;6.28697527332625e-06
383;1什么仪高考能不能戴;1;0;1;159059;6.28697527332625e-06
385;mo想要一个了;8;0;8;159059;5.029580218661e-05
395;潇洒saltfish谢谢我需要;1;0;1;159059;6.28697527332625e-06
398;鹿谷小和买个这不用愁了;2;0;2;159059;1.25739505466525e-05
403;噗噗这个对你有没有帮助;1;0;1;159059;6.28697527332625e-06
407;A0真的很需要;1;0;1;159059;6.28697527332625e-06
416;布小伊快v我一个考试;1;0;1;159059;6.28697527332625e-06
418;hinna啊啊啊啊啊;1;0;1;159059;6.28697527332625e-06
423;我上学没学会英语就是等他的出现还有耳机同传，我知道科技的进步会让我在语言方面无障碍，我还希望的有中国的富强使的全世界都在学习中文;1;4;5;159059;3.143487636663125e-05
425;葑茚丶誋憶这个真有用;1;0;1;159059;6.28697527332625e-06
427;callllll买一个过专四;1;0;1;159059;6.28697527332625e-06
432;桃喰柚柚02出国有救了;1;0;1;159059;6.28697527332625e-06
441;皮鸽鹅我努努力看看能不能买得起送给你;1;0;1;159059;6.28697527332625e-06
447;春田来一个刘总;1;0;1;159059;6.28697527332625e-06
452;沈娇娇我觉得我很需要;1;1;2;159059;1.25739505466525e-05
455;无所谓，将近5000的价格让我死心了;1;0;1;159059;6.28697527332625e-06
460;Leela梨辣啊？这简直开挂啊;1;0;1;159059;6.28697527332625e-06
464;Anonymous炸鸡太牛了;1;0;1;159059;6.28697527332625e-06
466;我近视怎么办;2;2;4;159059;2.5147901093305e-05
469;yuannnnnn待在家买一个考英语;1;0;1;159059;6.28697527332625e-06
472;薄情我心动;1;0;1;159059;6.28697527332625e-06
478;濑户内海卧槽还有日语的;1;0;1;159059;6.28697527332625e-06
480;Shaka我靠;1;0;1;159059;6.28697527332625e-06
482;Winniethepoo（想看演唱会版超级水杯凤不是啊我真的想要啊我靠;1;0;1;159059;6.28697527332625e-06
484;看纸质的能不能识别啊;1;0;1;159059;6.28697527332625e-06
490;呆妞如果他能把我想说的说给人家就好了;1;0;1;159059;6.28697527332625e-06
492;鱼丸;2;0;2;159059;1.25739505466525e-05
495;小五MMMMys知礼;1;1;2;159059;1.25739505466525e-05
497;huAng天泽Xddd下个月出透明版我买一个;2;1;3;159059;1.886092581997875e-05
500;他是说话写字都能翻译吗;1;2;3;159059;1.886092581997875e-05
504;百变小蕉我靠;1;0;1;159059;6.28697527332625e-06
506;这墨镜能不能弄透明的眼镜;1;0;1;159059;6.28697527332625e-06
508;一出国前买一个;2;0;2;159059;1.25739505466525e-05
511;偶然5圆儿可以买;1;0;1;159059;6.28697527332625e-06
514;35岁离婚带俩娃袜操;1;0;1;159059;6.28697527332625e-06
517;18岁被迫成年release带去考英语;1;0;1;159059;6.28697527332625e-06
520;xxx嘿Maggieeee66哒带着它去考托福;2;2;4;159059;2.5147901093305e-05
525;日语版有吗？;1;0;1;159059;6.28697527332625e-06
539;生亦如歌;1;0;1;159059;6.28697527332625e-06
541;yoyo;1;0;1;159059;6.28697527332625e-06
552;PHilautia;1;0;1;159059;6.28697527332625e-06
554;XJ;1;0;1;159059;6.28697527332625e-06
556;蜡笔小欣;1;0;1;159059;6.28697527332625e-06
559;张小熊抓鸭子;1;0;1;159059;6.28697527332625e-06
561;爱乐为丝;1;0;1;159059;6.28697527332625e-06
563;J1ntianMmi;1;0;1;159059;6.28697527332625e-06
565;嗯哦;1;0;1;159059;6.28697527332625e-06
572;0;2;1;3;159059;1.886092581997875e-05
577;池中鱼;1;0;1;159059;6.28697527332625e-06
587;小猫不講礼昂fairy;1;0;1;159059;6.28697527332625e-06
592;Rucocoiny柒;1;0;1;159059;6.28697527332625e-06
594;09小困包離離Jayjay;1;2;3;159059;1.886092581997875e-05
596;米粒呔君;1;0;1;159059;6.28697527332625e-06
600;鲤鱼煎包;2;0;2;159059;1.25739505466525e-05
612;芽芽;1;0;1;159059;6.28697527332625e-06
621;我会给你两锤;1;0;1;159059;6.28697527332625e-06
636;ST不懂事长iwanthavethese;1;0;1;159059;6.28697527332625e-06
645;尹;1;0;1;159059;6.28697527332625e-06
649;捕捉一只野生猴;1;0;1;159059;6.28697527332625e-06
651;PLUTO想和你回家蒋文旭;1;0;1;159059;6.28697527332625e-06
655;阿芙乐尔;1;1;2;159059;1.25739505466525e-05
658;是时宜啊词庸刘卷卷（增肌版本）麻辣烫不要辣vivere;1;0;1;159059;6.28697527332625e-06
662;梦惜苦瓜一张酒心悦悦胡茬猫猫头大树撅锤子半月欣辰;3;0;3;159059;1.886092581997875e-05
666;芳心消防员;1;0;1;159059;6.28697527332625e-06
669;咸菜疙瘩汤;1;0;1;159059;6.28697527332625e-06
671;小鱼咕噜噜栀栀蜂蜜小蛋糕;1;0;1;159059;6.28697527332625e-06
673;中考可以带吗;6;77;83;159059;0.0005218189476860788
680;微薇安熠熠生辉的小太阳雪爱探险的Dora小羊失棉了好困芽;1;4;5;159059;3.143487636663125e-05
682;我草HGDec17法修史丹比特向左然后向右;2;1;3;159059;1.886092581997875e-05
685;爱罗;1;1;2;159059;1.25739505466525e-05
692;还是要比较用截止目前DeepL是用过最准确的，而且不用科学上网;22;225;247;159059;0.0015528828925115837
715;抱歉ChatGPT是目前最准的没有之一不会白痴翻译;17;18;35;159059;0.00022004413456641874
733;哈哈刚考上翻译专业就失业;12;49;61;159059;0.00038350549167290125
746;要钱么;5;14;19;159059;0.00011945253019319875
752;明天我试试dpt翻译效果怎么样;4;6;10;159059;6.28697527332625e-05
757;那我为什么不用gpt;3;6;9;159059;5.658277745993625e-05
761;DeepL在公司被公司网络禁了，而且是被北欧的总部禁的，离了个大谱。;2;5;7;159059;4.400882691328375e-05
764;想要这个AI翻译软件的，可以在评论区留言AI翻译获取;5;0;5;159059;3.143487636663125e-05
770;其实我觉得谷歌翻译不错;1;2;3;159059;1.886092581997875e-05
773;马上就收费;2;0;2;159059;1.25739505466525e-05
801;这属于CAT还是啥;1;0;1;159059;6.28697527332625e-06
804;miki踩一踩试一下;1;0;1;159059;6.28697527332625e-06
818;最好用的翻译软件是百度翻译，不用杠，事实如此，可以到哔哩哔哩看对比。没错，百度很垃圾，但翻译方面吊打DeepL，后者纯粹盛名之下。;3;6;9;159059;5.658277745993625e-05
826;免费吗？;1;0;1;159059;6.28697527332625e-06
854;要有个耳机戴在耳朵上就能实现同声翻译，然后又能马上把我说的话翻译出去就好，这软件那软件的，不方便。;1;0;1;159059;6.28697527332625e-06
858;我待会儿就去试试，我这里刚好有一个句子，很多软件翻译都不行，甚至中文版的书翻译得都不准确。;1;0;1;159059;6.28697527332625e-06
862;能实时翻译嘛;1;0;1;159059;6.28697527332625e-06
865;Nero;1;0;1;159059;6.28697527332625e-06
873;OREObb;1;0;1;159059;6.28697527332625e-06
879;中国人制造的话，不会免费的;3;1;4;159059;2.5147901093305e-05
883;还是百度翻译最牛逼，能打败所有国外的翻译;1;1;2;159059;1.25739505466525e-05
885;chatgpt翻译很好;1;1;2;159059;1.25739505466525e-05
929;在哪下载;2;0;2;159059;1.25739505466525e-05
932;怎么下载;1;0;1;159059;6.28697527332625e-06
935;理论上讲，只要数据库足够庞大，这个职业迟早消失面对现实吧;68;89;157;159059;0.0009870551179122214
1004;现在的gpt4就至少能碾压你了;19;39;58;159059;0.0003646445658529225
1025;高端翻译还是不能的;1;18;19;159059;0.00011945253019319875
1027;你可能很懂翻译，但不太懂ai;4;7;11;159059;6.915672800658876e-05
1033;会代替绝大多数的商用、技术翻译;9;0;9;159059;5.658277745993625e-05
1043;人工智能没有娜塔莉老师颜值这么高;2;9;11;159059;6.915672800658876e-05
1046;人工智能目前中文差得远，断句，顺序它都搞不清;2;6;8;159059;5.029580218661e-05
1050;ChatGPT特别是gpt4是绝对没问题可以取代专八程度以下的英语翻译的，你去用了就知道了。特别是汉译英，甚至是古文，你在这里反驳也只是为了卖你的课，拿文心一言举例不觉得好笑吗？把不懂的人往坑里带，你可真行;11;7;18;159059;0.0001131655549198725
1063;Trados上个世纪就能实现现在chatgpt的翻译功能了，现在不还是得依赖人工不过普通高校的英专生确实要被淘汰了;1;2;3;159059;1.886092581997875e-05
1089;车水马龙的确翻译不出来，机器人，体验不出这个场景。Bestlingwithactivityandcrowdedwithpeopleandvehicles。;1;0;1;159059;6.28697527332625e-06
1092;贩卖焦虑AI能取代一堆东西，不能因为将来有可能怎么样的可能性而就不做了自然语言未来也是有可能被AI取代的，多久呢？谁知道AI要是能取代自然语言的话，那肯定先取代了计算机语言，计算机语言逻辑性、严谨度、都比自然语言更规则，能取代自然语言的话那代替计算机语言小菜一碟那么计算机语言就不学了吗？？;1;1;2;159059;1.25739505466525e-05
1102;看我最近视频，它是语言模型，不管是中文还是英语能力，都已经远远超过一般人了;1;0;1;159059;6.28697527332625e-06
1122;小黄子这个老师的颜值好绝啊，感觉这张脸就是天生有英语天赋的;2;0;2;159059;1.25739505466525e-05
1127;20年前，围棋职业玩家对ai不屑一顾，现在吊打职业棋手，人类社会这几千年的文化，ai未来可能只需要一个小时就能全部吸收，甚至现在早已达到这种水平了，ai已经开始出现思维，未来翻译这种行业在ai眼中都是小儿科;1;1;2;159059;1.25739505466525e-05
1129;能把chat念成雀特，你应该不难被代替;1;0;1;159059;6.28697527332625e-06
1132;别说能不能，已经可以取代90以上的翻译了;1;0;1;159059;6.28697527332625e-06
1138;这些都不是事要知道现在GPT还在早期。现在不完全能，不久就能了。刚才试了一下车水马龙，ChatGPT译为bustlingwithtrafficandpeople。这还是GPT35;2;0;2;159059;1.25739505466525e-05
1144;老师我想问一下timeonlypassingwhenwetakingphotos该怎么翻译呀;1;0;1;159059;6.28697527332625e-06
1152;篇章类以后肯定能实现的;1;0;1;159059;6.28697527332625e-06
1178;什么叫ai先了解清楚最先淘汰的就是翻译;3;0;3;159059;1.886092581997875e-05
1198;那是因为百度的翻译辣鸡，换chatgtp翻译试试;1;0;1;159059;6.28697527332625e-06
1200;Chatgpt有一天有了意识后也许都会替代人类的存在，更别说代替人类的翻译，今天他的回答设想一下如果是有意识的说慌，你怕不怕。更何况刚出来的时候就已经有了给出错误答案，然后经过交流更正答案的先例，chatgpt是算力支撑，硬件科技发展决定算力发展，恐龙几亿年的地球主宰都有消逝的一天，才有了人类的崛起，你都敢说这么肯定的观点。看看宇宙你才只知道自己渺小，别做123的预测;1;0;1;159059;6.28697527332625e-06
1209;刚被割韭菜了200;4;3;7;159059;4.400882691328375e-05
1215;是不是也要充钱的？;1;0;1;159059;6.28697527332625e-06
1226;准确度怎么样;1;0;1;159059;6.28697527332625e-06
1232;AI这么优秀了，能把英语从高考中取消吗？选修也行;117;1777;1894;159059;0.011907531167679918
1350;赶紧取消英语高考吧，教育必须与时俱进;61;785;846;159059;0.005318781081234007
1412;所以为什么要高考英语，你知道英语偏科导致上不了好大学会影响一个人一辈子的。;90;418;508;159059;0.003193783438849735
1503;达摩院只打磨，不出品;18;130;148;159059;0.000930472340452285
1522;英语马上要踢出中小学的课本了把英语课留给传统文化课多好呀;13;127;140;159059;0.000880176538265675
1536;钉钉里面好像可以翻译;8;102;110;159059;0.0006915672800658875
1545;机器永远无法代替人工翻译。语言系统远比计算机复杂。;72;51;123;159059;0.0007732979586191288
1619;英语已经没有学习的必要了，可以作为选修;1;36;37;159059;0.00023261808511307124
1621;我一个国际同传的朋友，始终不信AI的速度，我要把这个发给她看;1;28;29;159059;0.00018232228292646124
1623;科大讯飞已经做的很好了，为什么不能合作非要另起炉灶呢？浪费资源;14;20;34;159059;0.0002137571592930925
1638;讯飞浪费了多好的领先机会。如今阿里搞了，那就不一样了阿里的推广资源不是一般的强;1;15;16;159059;0.00010059160437322
1641;学外语的出路越来越窄。。。;1;10;11;159059;6.915672800658876e-05
1644;建议把英语降为副课分数降低;1;8;9;159059;5.658277745993625e-05
1647;马云，又把汉语的国际地位提高了以后全世界都必须学会普通话;1;8;9;159059;5.658277745993625e-05
1705;？？？讯飞不是很早就商用了吗，谷歌在youtube上不是也很早就商用了嘛？？不是一个东西？？？;1;1;2;159059;1.25739505466525e-05
1711;和AI啥关系？;1;0;1;159059;6.28697527332625e-06
1727;未来每个手机都装有一个实时翻译机，还要学英语做什么？;1;1;2;159059;1.25739505466525e-05
1734;有方言版的没？;3;0;3;159059;1.886092581997875e-05
1812;科技到这一步了是时候解救一下我们的孩子，不要牺牲在英语那里，而是加大传统文化、语文的教育;1;3;4;159059;2.5147901093305e-05
1827;取消英语必修吧;1;1;2;159059;1.25739505466525e-05
1848;翻译需要网络吗;1;0;1;159059;6.28697527332625e-06
1860;你去试试，简单的日常的可以，真涉及一点点专业的语言就翻译的南辕北辙。;1;1;2;159059;1.25739505466525e-05
1863;同声传译要有危机了;1;2;3;159059;1.886092581997875e-05
1867;取消英语高考吧;1;0;1;159059;6.28697527332625e-06
1869;未来这个东西会变成耳机。;1;1;2;159059;1.25739505466525e-05
1871;翻译好失业了;1;0;1;159059;6.28697527332625e-06
1877;翻译官要失业了;1;0;1;159059;6.28697527332625e-06
1921;学英语有啥用;1;0;1;159059;6.28697527332625e-06
1966;请问这个比科大讯飞的厉害吗？;7;0;7;159059;4.400882691328375e-05
1975;翻译要失业了;1;0;1;159059;6.28697527332625e-06
1989;是科大讯飞提供支持的吗？;1;1;2;159059;1.25739505466525e-05
2010;啥事候量产;1;0;1;159059;6.28697527332625e-06
2018;语言除了工具作用还有文化涵养，多学学了解些文化也是不错的。;1;0;1;159059;6.28697527332625e-06
2024;YouTube实时翻译不是早就有了吗虽然不是特别准;1;0;1;159059;6.28697527332625e-06
2029;讯飞要凉;2;1;3;159059;1.886092581997875e-05
2037;YouTube多少年前都一直都有的技术吧;1;0;1;159059;6.28697527332625e-06
2047;人工翻译会慢慢的变成稀有工种;1;0;1;159059;6.28697527332625e-06
2054;这么厉害翻译个印度英语试试？;1;0;1;159059;6.28697527332625e-06
2057;以后编程估计都是中文版本了;1;0;1;159059;6.28697527332625e-06
2060;对于不懂英文的人，如果翻译错了，造成损失，谁来负责？建议禁用;1;1;2;159059;1.25739505466525e-05
2062;英语专业学生：我很凌乱我特么心态崩了呀;3;0;3;159059;1.886092581997875e-05
2068;支持把基础医学加入高考;1;0;1;159059;6.28697527332625e-06
2072;能开放给个人使用吗？;2;0;2;159059;1.25739505466525e-05
2100;给它念文言文和古诗词，让它翻译;2;0;2;159059;1.25739505466525e-05
2129;您好，请问有这样的设备售卖么？还是只有钉钉上有这个？;4;0;4;159059;2.5147901093305e-05
2164;5g出来估计会更快;3;1;4;159059;2.5147901093305e-05
2304;讯飞不一样嘛;1;0;1;159059;6.28697527332625e-06
2318;阿添啊仔仔，这和你们那个软件差不多诶;1;0;1;159059;6.28697527332625e-06
2347;手机不就有吗;1;0;1;159059;6.28697527332625e-06
2407;可以翻译日语吗;1;0;1;159059;6.28697527332625e-06
2444;学英语干嘛;3;0;3;159059;1.886092581997875e-05
2462;碰到有口音的也就蹦了;1;0;1;159059;6.28697527332625e-06
2496;哪个软件;1;0;1;159059;6.28697527332625e-06
2504;真的好。以后我儿子不用死命学英语了多学学国学学什么英文md;1;0;1;159059;6.28697527332625e-06
2513;所以没必要学英语了;1;0;1;159059;6.28697527332625e-06
2518;记得二十年前有人说计算机永远赢不了人类;1;0;1;159059;6.28697527332625e-06
2526;这得现场用一台专用服务器才能做到快速翻译，否则靠网络传输，5G也够呛，样子货民用普及很难;1;0;1;159059;6.28697527332625e-06
2531;学英语的要失业了;1;0;1;159059;6.28697527332625e-06
2533;红茶妹妹;2;0;2;159059;1.25739505466525e-05
2536;Iamamazedbytheprogressofscienceandtechnology;1;0;1;159059;6.28697527332625e-06
2563;翻译和英语专业更没什么用了;9;4;13;159059;8.173067855324126e-05
2573;翻译了下载链接一直失效。。。实测;1;1;2;159059;1.25739505466525e-05
2575;哈哈我用过;1;0;1;159059;6.28697527332625e-06
2577;收费吗？;1;0;1;159059;6.28697527332625e-06
2579;谢谢;1;0;1;159059;6.28697527332625e-06
2581;免费吗;1;1;2;159059;1.25739505466525e-05
2583;已收藏;1;1;2;159059;1.25739505466525e-05
2586;请问有更专业的翻译软件吗？收费也可以的。;1;0;1;159059;6.28697527332625e-06
2588;DeepL用多了会弹出来付费吧亲;1;0;1;159059;6.28697527332625e-06
2590;文档需要收费，而且只在日本和新加坡使用，翻译文档的撤吧;1;0;1;159059;6.28697527332625e-06
2592;这是限流了。;7;28;35;159059;0.00022004413456641874
2600;出国人员的福音;2;23;25;159059;0.00015717438183315626
2603;高中英语等外语考试还有必要吗？;4;11;15;159059;9.430462909989374e-05
2608;科大讯飞？;1;22;23;159059;0.00014460043128650376
2610;听日语不错;4;1;5;159059;3.143487636663125e-05
2617;我落伍了第一次听说;1;2;3;159059;1.886092581997875e-05
2620;能翻译少数民族语言吗，我有个傻子邻居他总是用少数民族语言骂我;1;1;2;159059;1.25739505466525e-05
2641;卫生问题怎么解决？我是不会戴别人戴过的耳机;1;0;1;159059;6.28697527332625e-06
2657;ai翻译是不错，但是抖音的视频博主用的ai音，还是算了吧;3;4;7;159059;4.400882691328375e-05
2661;0;2;2;4;159059;2.5147901093305e-05
2664;不错不错;3;6;9;159059;5.658277745993625e-05
2669;0;2;3;5;159059;3.143487636663125e-05
2675;中国科技碾压西方时，那些流氓国家就会耍流氓，不交专利费了;5;11;16;159059;0.00010059160437322
2681;翻译工具只是过渡，最终全球都将会说中文取消英语主科势在必行。在我们国家做生意就必须使用中文;1;9;10;159059;6.28697527332625e-05
2685;xxxx是啥能不能说清楚一点;1;0;1;159059;6.28697527332625e-06
2687;从头到尾就一直在琢磨“哔”掉的是啥，哪位好心的大哥告诉我一下本期内容是啥？;1;0;1;159059;6.28697527332625e-06
2689;chatgpt自动化;1;0;1;159059;6.28697527332625e-06
2691;我十年苦读英语价值几百元？;1;0;1;159059;6.28697527332625e-06
2707;华为的AI字幕也挺好;13;61;74;159059;0.0004652361702261425
2721;收费，可以撤了;1;90;91;159059;0.0005721147498726888
2723;下次看直播可以试试;10;21;31;159059;0.00019489623347311374
2734;翻译日文的时候会不会被记录到数据里面;4;17;21;159059;0.00013202648073985126
2739;没有字幕就翻译不了吧;3;9;12;159059;7.5443703279915e-05
2743;你这翻译网上很多软件都有，而且效果比你的好，当然你的也还行;4;4;8;159059;5.029580218661e-05
2748;直播实时翻译可以用吗;2;8;10;159059;6.28697527332625e-05
2751;花了19试了一下，不好用呀。;3;2;5;159059;3.143487636663125e-05
2755;主要是日语;1;7;8;159059;5.029580218661e-05
2759;好哥们来学习了;2;2;4;159059;2.5147901093305e-05
2762;我需要泰语;1;4;5;159059;3.143487636663125e-05
2789;Number娣;2;0;2;159059;1.25739505466525e-05
2799;Vivo自带有这个功能吗？;1;1;2;159059;1.25739505466525e-05
2809;千万别用特别垃圾，韩语压根翻译不出来;1;0;1;159059;6.28697527332625e-06
2815;垃圾软件，只能翻译字幕，不能语音实时翻译，有字幕翻译出来的还是乱七八糟;2;1;3;159059;1.886092581997875e-05
2818;中英日韩，精准识别，符合大众;1;2;3;159059;1.886092581997875e-05
2846;就喜欢这种长视频，一口气讲完，从不分集;3;6;9;159059;5.658277745993625e-05
2850;还有个媒帮派也挺牛的;1;6;7;159059;4.400882691328375e-05
2852;收费的，而且很多也是大空话作用不是很大，不过确实有提醒作用，大家别指望代替自己;1;5;6;159059;3.77218516399575e-05
2854;百度直接搜索写作猫帮你们节约命。;1;4;5;159059;3.143487636663125e-05
2857;20岁美艳小妈今天用了一下，一会儿就写了一篇交上去了;2;2;4;159059;2.5147901093305e-05
2860;goodpoint;1;1;2;159059;1.25739505466525e-05
2863;所以到底是哪个网站;2;1;3;159059;1.886092581997875e-05
2866;你好：怎么下载。是在电脑上下载吗？;2;0;2;159059;1.25739505466525e-05
2873;什么软件？;3;0;3;159059;1.886092581997875e-05
2878;你该试试gpt，不是一个维度的产物。;1;0;1;159059;6.28697527332625e-06
2885;？点哪里？;1;0;1;159059;6.28697527332625e-06
2887;怎么白屏？;1;0;1;159059;6.28697527332625e-06
2889;去了别的应用翻译不出来真无语;1;0;1;159059;6.28697527332625e-06
2891;苹果是否没这个功能;1;0;1;159059;6.28697527332625e-06
2903;苹果能用吗;2;0;2;159059;1.25739505466525e-05
2906;好都不好用;1;0;1;159059;6.28697527332625e-06
2908;苹果根本用不了;1;0;1;159059;6.28697527332625e-06
2912;我想学日语;1;2;3;159059;1.886092581997875e-05
2914;可以翻译日语吗？;1;1;2;159059;1.25739505466525e-05
2918;YouTube自带;2;1;3;159059;1.886092581997875e-05
2921;能不能把插件名字发出来;1;0;1;159059;6.28697527332625e-06
2923;没有B站吗;1;0;1;159059;6.28697527332625e-06
2939;战争间谍解密利器;78;4949;5027;159059;0.03160462469901106
3018;大家不要暴露我们的方言。军事密语靠大家保密;76;2527;2603;159059;0.01636499663646823
3095;我可以说这是台语吗？然后这人也是台湾的。台语和闽南语口音还是有差异的。;102;195;297;159059;0.0018672316561778963
3198;这个好吗？破解了我们的方言密码，以后万一需要隐秘对话时都一点办法没有;22;137;159;159059;0.0009996290684588737
3221;翻译领域最牛逼的不是讯飞吗;33;99;132;159059;0.000829880736079065
3255;不慌，闽南语一村一个调，只能适用录的人;20;90;110;159059;0.0006915672800658875
3276;未来碟工情报工作好难做了;4;125;129;159059;0.0008110198102590862
3281;啥时候翻译四川话;22;13;35;159059;0.00022004413456641874
3304;所以现在的科技学什么英语嘛;4;9;13;159059;8.173067855324126e-05
3311;不做粤语嘛？;2;0;2;159059;1.25739505466525e-05
3317;721s汽水泡泡Ni？？;1;0;1;159059;6.28697527332625e-06
3340;以前讲笑话，说打起仗来，用方言老外听不懂。现在可好了，啥啥都能翻译出来;1;3;4;159059;2.5147901093305e-05
3376;我看到了试用，是不是买回来还得充会员;7;24;31;159059;0.00019489623347311374
3384;高中用哪个？;8;0;8;159059;5.029580218661e-05
3393;我早就买了，孩子用着还挺开心的;2;5;7;159059;4.400882691328375e-05
3396;那个笔配套课需要另外收费吗？;2;1;3;159059;1.886092581997875e-05
3399;这要搭配他们自己的书用，还是任何书本都可以;1;1;2;159059;1.25739505466525e-05
3401;考试能带么？;1;1;2;159059;1.25739505466525e-05
3403;澳门书本可以用吗？;1;1;2;159059;1.25739505466525e-05
3405;啊？你有家庭有孩子了？那我不能继续爱你了，不能破坏了你家庭，不能影响了你孩子。;1;1;2;159059;1.25739505466525e-05
3408;这笔对字体有没有要求？？;1;0;1;159059;6.28697527332625e-06
3415;课文同步说免费6个月后期有费用费用是多少;1;0;1;159059;6.28697527332625e-06
3436;多少米啊？;1;0;1;159059;6.28697527332625e-06
3438;多少钱;1;0;1;159059;6.28697527332625e-06
3442;多少米;1;0;1;159059;6.28697527332625e-06
3444;买这个笔有书本吗;1;0;1;159059;6.28697527332625e-06
3448;多少钱;1;0;1;159059;6.28697527332625e-06
3450;摆烂大需要一个不;3;1;4;159059;2.5147901093305e-05
3454;怎么下载跟课程同步;1;0;1;159059;6.28697527332625e-06
3530;这个“试用”是买完这个产品后还要花钱？;1;0;1;159059;6.28697527332625e-06
3534;对儿童太实用了;1;0;1;159059;6.28697527332625e-06
3538;第一;1;0;1;159059;6.28697527332625e-06
3544;别的不知道，给你家孩子的仓鼠换个大点的笼子和跑轮吧;2;0;2;159059;1.25739505466525e-05
3548;要凉了;1;0;1;159059;6.28697527332625e-06
3557;一年级需要吗;1;0;1;159059;6.28697527332625e-06
3566;怎么下载;1;0;1;159059;6.28697527332625e-06
3568;怎么关闭呢;1;3;4;159059;2.5147901093305e-05
3573;0;1;0;1;159059;6.28697527332625e-06
3576;我手机咋没有;1;0;1;159059;6.28697527332625e-06
3584;有些小伙伴问有没有中文，逐行中文解释代码的视频发布了大家看一看;1;15;16;159059;0.00010059160437322
3586;我相信，下一步就是统一开发语言了。只要你输入自然语言，可以输出任何开发语言。;41;236;277;159059;0.0017414921507113712
3628;这个东西最好别用，毕竟你把代码传递给后台让人家解析，如果是极其核心的业务容易让人找出漏洞;10;87;97;159059;0.0006098366015126462
3639;这么神奇？给我编个chatgpt呗。;19;2;21;159059;0.00013202648073985126
3659;十刀一个月，估计没几个人舍得，但是是真的好用;6;3;9;159059;5.658277745993625e-05
3666;没有中文就算了不如我自己理解的快;2;11;13;159059;8.173067855324126e-05
3669;码农会很惨，不出两年;2;4;6;159059;3.77218516399575e-05
3672;准备找份保洁的工作;2;5;7;159059;4.400882691328375e-05
3675;我知道他说的不对还会问他吗;1;17;18;159059;0.0001131655549198725
3677;这感觉解释了个寂寞;2;3;5;159059;3.143487636663125e-05
3682;有没有中文;1;7;8;159059;5.029580218661e-05
3684;让它给我写下业务代码和系统架构，它行吗;1;1;2;159059;1.25739505466525e-05
3688;我最纯良牛逼;2;0;2;159059;1.25739505466525e-05
3694;前端先下岗，后端也快了，最后是美工;1;0;1;159059;6.28697527332625e-06
3702;你不懂的哀蕊课不懂，推给你;1;0;1;159059;6.28697527332625e-06
3708;检查访问时时出错，没有已注册的实例是什么意思啊;2;0;2;159059;1.25739505466525e-05
3719;收费的吧？;1;0;1;159059;6.28697527332625e-06
3721;我在想，如果我知道那个是对的，我又何必去问它呢？如果它的结果不是一定对，意义不大的;1;1;2;159059;1.25739505466525e-05
3725;怎么idea上没上线;1;0;1;159059;6.28697527332625e-06
3729;小白问一下怎么安装;1;0;1;159059;6.28697527332625e-06
3735;不能运行啊;1;0;1;159059;6.28697527332625e-06
3739;注释都不用写了;1;0;1;159059;6.28697527332625e-06
3741;啥插件;2;0;2;159059;1.25739505466525e-05
3750;岂不是不用写注释了;1;1;2;159059;1.25739505466525e-05
3753;什么语言都行吗;1;0;1;159059;6.28697527332625e-06
3755;我写的我都不懂，它能懂;2;0;2;159059;1.25739505466525e-05
3758;天天想睡觉;1;0;1;159059;6.28697527332625e-06
3770;EMO竹林中;5;0;5;159059;3.143487636663125e-05
3786;不久程序员都没用了;1;0;1;159059;6.28697527332625e-06
3788;彻底？你博人眼球需要这样么;1;0;1;159059;6.28697527332625e-06
3795;可是我觉得一点都不好用。废话超多遇到复杂情况就是浪费时间;1;0;1;159059;6.28697527332625e-06
3797;说那么多没用，就问你，不需要程序员，用它能不能完成一个完整的项目？;1;0;1;159059;6.28697527332625e-06
3808;这玩意儿用多了脑子会不会退化，都不自己思考了;1;0;1;159059;6.28697527332625e-06
3824;老兄，很喜欢看你的视频，总感觉像临终遗言，让人深信不疑;59;1039;1098;159059;0.006903098850112223
3884;果然是高手，简单直观，半死不活的就说清楚了;99;1901;2000;159059;0.0125739505466525
3985;竟然经常有人说AI代替不了中医小看人工只能;33;9;42;159059;0.0002640529614797025
4019;这博主真的像一股清流;9;569;578;159059;0.0036338717079825726
4030;关于chatgpt，讲的最深入浅出最明白的一个，没有之一;8;187;195;159059;0.0012259601782986188
4039;你信不信你有催眠作用;21;186;207;159059;0.0013014038815785337
4061;您真是太有特色的知识渊博的人;4;423;427;159059;0.0026845384417103087
4066;突然发现瓦清这么有智慧，极有可能是个AI机器人。;18;334;352;159059;0.00221301529621084
4085;感觉博主就是个人工智能，讲话的语调和知识渊博的程度都很符合所以强烈建议下一代al添加表情和感情;7;210;217;159059;0.0013642736343117963
4093;你咋这么优秀呢，我要嫁给你，可以吗;29;20;49;159059;0.00030806178839298625
4123;看似是在说chatgpt，其实在说我笨跟我的大脑没关系，是我懒;7;41;48;159059;0.00030177481311966
4131;每天睡前看，长知识还助眠;5;120;125;159059;0.0007858719091657812
4137;瓦哥，能不能把你背后的奥特曼送给我儿子？;19;77;96;159059;0.00060354962623932
4157;很喜欢看瓦清老师的视频，直白易懂;2;62;64;159059;0.00040236641749288
4160;chatgpt主要是依靠数据模型，1972年就有了，只不过以前没有大数据，所以结果不过精确，现在好多了。它的基本运行逻辑就是概率论和贝叶斯定理，没什么神秘的。;22;58;80;159059;0.0005029580218661
4205;为什么一只兔子两条腿;1;0;1;159059;6.28697527332625e-06
4233;数学领域使用gpt不太满意有没有可能是提问者没有使用专业术语进行提问呢？;2;0;2;159059;1.25739505466525e-05
4240;和那位聊装修做阳光房的女士一样的语气;1;0;1;159059;6.28697527332625e-06
4272;等数学能考满分那应试教育可以废除了;1;1;2;159059;1.25739505466525e-05
4313;懒橙owo;1;0;1;159059;6.28697527332625e-06
4318;我突然有个想法，比如，我想变成一个什么样的人，把我想法告诉AI后，它会不会给我制定一个完美的人生？;1;1;2;159059;1.25739505466525e-05
4332;能聊一聊三体这本书吗;2;0;2;159059;1.25739505466525e-05
4364;涨知识来了;1;0;1;159059;6.28697527332625e-06
4375;如果可以创造神经网络，有自学的能力，那输入一个人的记忆和一摸一样的思维方式，这个人是不是能精神永生了;2;3;5;159059;3.143487636663125e-05
4380;哦谢谢你。现在知道了;1;0;1;159059;6.28697527332625e-06
4388;不动啥叫AI？;1;0;1;159059;6.28697527332625e-06
4390;请博主说明一下最好不要和GBT聊天的理由;3;0;3;159059;1.886092581997875e-05
4394;可不可以講短點？想滑走，但又聽完;1;0;1;159059;6.28697527332625e-06
4403;ai怎么做到分析的，;1;0;1;159059;6.28697527332625e-06
4405;ai能不能写出滕王阁序这样的文章;3;1;4;159059;2.5147901093305e-05
4411;怎么下载啊？;1;0;1;159059;6.28697527332625e-06
4413;怎么学在哪里学chatgpt;1;1;2;159059;1.25739505466525e-05
4424;国内怎么用啊;1;0;1;159059;6.28697527332625e-06
4433;有没有可能，以后人类都不用工作了，生产一批机器人负责全社会的生产力，人类开心就好;1;0;1;159059;6.28697527332625e-06
4440;怎么下;3;0;3;159059;1.886092581997875e-05
4444;现在国内还不能用啊？;3;3;6;159059;3.77218516399575e-05
4454;数字结构，宽泛模式比定义标准，词汇触发任务组合触发任务，累积数据库调用模式，整合式调用，超运算能力才能让模型更大，运算力决定智能能力，也就是数据库调用极限。;1;0;1;159059;6.28697527332625e-06
4458;这么厉害，用来炒股如何？;2;0;2;159059;1.25739505466525e-05
4467;Anonyme不想写翻译了;1;0;1;159059;6.28697527332625e-06
4476;原来它数学不好啊我说彩票结果怎么总是对不上;1;1;2;159059;1.25739505466525e-05
4489;ChatGPT在哪里看嘛？;2;0;2;159059;1.25739505466525e-05
4500;如何下载;7;0;7;159059;4.400882691328375e-05
4511;教教我们怎么用chaitGPT吧，就相信你;1;1;2;159059;1.25739505466525e-05
4516;你家的兔子两条腿？;1;0;1;159059;6.28697527332625e-06
4542;我想知道在哪里下载;1;0;1;159059;6.28697527332625e-06
4568;我就想知道AI自己和自己下棋，最后谁的胜率高;1;4;5;159059;3.143487636663125e-05
4577;AI只需要看一部金刚经，就可以开悟了;1;0;1;159059;6.28697527332625e-06
4589;中国版什么时候上;1;1;2;159059;1.25739505466525e-05
4597;你和大能什么关系;4;9;13;159059;8.173067855324126e-05
4617;机器人能否更A，这样可以自动干农活，解放农民，自动干流水线，解放工人，人类就会自由;7;4;11;159059;6.915672800658876e-05
4631;Transformer我教你读，跟着我念：全是佛门儿;2;2;4;159059;2.5147901093305e-05
4635;所有影响接受语言信息的颜值表情语气情绪都被你排除了;1;21;22;159059;0.0001383134560131775
4642;这毫无情绪的语气我怀疑你是一个AI;2;31;33;159059;0.00020747018401976624
4646;按照你的说法，是不是可以这样理解ai已经获得人类文明的数据，人类文明的语言以及人类思维方式，而我们人类却对造物的思维方式运行方式一无所知;1;1;2;159059;1.25739505466525e-05
4656;这个博主应该是中国的ai虽然每句话节奏音量都是平行的但是节奏感很好给人类讲解的内容也是很容易理解的就是头发设计的有点长;2;1;3;159059;1.886092581997875e-05
4662;人类的自我意识是如何形成的，我相信刚出生的婴儿是没有的。;2;8;10;159059;6.28697527332625e-05
4667;半死不活讲的清清楚楚，我就奇怪怎么做到轻声细语却震耳欲聋的，字字清晰，佩服;1;6;7;159059;4.400882691328375e-05
4673;随着AI机器人发展将来人类会不会被嫌弃，被淘汰;3;7;10;159059;6.28697527332625e-05
4678;这个英文应该是转换的意思：穿斯佛么;3;12;15;159059;9.430462909989374e-05
4685;transform不会读？大哥，不会吧;38;15;53;159059;0.00033320968948629125
4748;Dylan;1;0;1;159059;6.28697527332625e-06
4757;精分的馒头;1;0;1;159059;6.28697527332625e-06
4760;葡萄汁;3;0;3;159059;1.886092581997875e-05
4769;El小贼大盗的薯片Mickey广州市榜兴阀门有限公司米尔微言;1;0;1;159059;6.28697527332625e-06
4783;0;1;0;1;159059;6.28697527332625e-06
4861;我明明对你说的话题很感兴趣，可是听到一大半竟然睡着了;1;0;1;159059;6.28697527332625e-06
4893;你说GPT以后有坏T还是好T呢;1;0;1;159059;6.28697527332625e-06
4936;想试一试;1;0;1;159059;6.28697527332625e-06
4951;我是造型师：直接让你：万丈光芒;2;0;2;159059;1.25739505466525e-05
4957;我们可以使用chatgpt吗;1;0;1;159059;6.28697527332625e-06
4961;人工智能以后代替人类的工作，那以后会不会不需要底层人类。;1;0;1;159059;6.28697527332625e-06
4980;这个软件在哪下载啊;3;0;3;159059;1.886092581997875e-05
4989;胡萝卜很尴尬冲啊程序员;1;0;1;159059;6.28697527332625e-06
4995;如何使用chat呢;2;0;2;159059;1.25739505466525e-05
5002;让它解读一下道德经，它都搞不明白;1;0;1;159059;6.28697527332625e-06
5006;哪里下载;1;0;1;159059;6.28697527332625e-06
5038;换个角度想，会编程数学能差到哪里去？你品你细品;2;0;2;159059;1.25739505466525e-05
5058;这玩意我能下载app吗;1;0;1;159059;6.28697527332625e-06
5079;你确定一只兔子两条腿吗;1;0;1;159059;6.28697527332625e-06
5087;哥，帮我问问GPT有没有补气的方子，你帮我试一下有没有效果;1;0;1;159059;6.28697527332625e-06
5137;能换个背景吗？或者边走边说，看着会更加生动啊;1;0;1;159059;6.28697527332625e-06
5172;不知它会不会下中国象棋;1;0;1;159059;6.28697527332625e-06
5188;这个应该叫统计学习;1;0;1;159059;6.28697527332625e-06
5232;三元每当变幻时欧阳江珂薇恩;1;0;1;159059;6.28697527332625e-06
5238;我就问一句话，事情出错了，你负责还是ai负责？;2;0;2;159059;1.25739505466525e-05
5241;让AR去炒股，不知道胜率有多大？;7;0;7;159059;4.400882691328375e-05
5265;怎么下载啊，没弄好;3;0;3;159059;1.886092581997875e-05
5273;流浪的猪这个博主有意思;1;0;1;159059;6.28697527332625e-06
5306;它很好就是我们用不了;1;0;1;159059;6.28697527332625e-06
5329;在哪里下载呢;1;0;1;159059;6.28697527332625e-06
5332;biubiubiu;1;0;1;159059;6.28697527332625e-06
5357;说说保健品吧，健康的人也能吃吗;2;0;2;159059;1.25739505466525e-05
5368;那么问题来了，你生气了会皱眉吗;1;0;1;159059;6.28697527332625e-06
5376;这是个开悟的高人;1;0;1;159059;6.28697527332625e-06
5399;为什么我下载的中国版AIgbt不行;1;0;1;159059;6.28697527332625e-06
5408;能玩双色球吗;1;0;1;159059;6.28697527332625e-06
5410;哪里有客服端下载？;1;0;1;159059;6.28697527332625e-06
5414;人类制造了机器，却被机器超越了太可怕了;1;0;1;159059;6.28697527332625e-06
5428;怎么才能用到，ChatJPG教一下嘛，别人教的大部分都是坑。;1;0;1;159059;6.28697527332625e-06
5438;我下载了也尝试用了可感觉对我这种人没有太多作用;1;0;1;159059;6.28697527332625e-06
5440;在哪下载怎么安装;1;0;1;159059;6.28697527332625e-06
5450;GUI1986空;2;0;2;159059;1.25739505466525e-05
5460;说到翻译，低端的翻译可能被淘汰，比如口语翻译，但是直接可以读AI翻译的书，我觉得这很有点难，我觉得AI短期内无法翻译出高质量的译本的，大概率是可以翻译出大概意思，但是一本好书的关键就在于那些细节性的东西，当然真有那么一天真是太好了，可以打破知识的壁垒;2;0;2;159059;1.25739505466525e-05
5480;小郭;1;0;1;159059;6.28697527332625e-06
5485;怎么下载;3;0;3;159059;1.886092581997875e-05
5510;哪里才能买到呀;2;0;2;159059;1.25739505466525e-05
5523;我想下载分享;1;0;1;159059;6.28697527332625e-06
5540;禁用了，怎么学？？？;1;0;1;159059;6.28697527332625e-06
5573;能下载转发就好了;2;0;2;159059;1.25739505466525e-05
5584;阿台同学;1;0;1;159059;6.28697527332625e-06
5591;你的讲解对才高一斗的老少都皆宜，高深的AI竞然被居家大妈听懂了，那关注就是由衷必然的了。;1;0;1;159059;6.28697527332625e-06
5627;瓦清，非常喜欢这名字，说不出的一种内涵和吸引力;1;0;1;159059;6.28697527332625e-06
5648;你使用过吗？;1;0;1;159059;6.28697527332625e-06
5673;先不谈会不会用，我连怎么下载都不知道，谁能出个教程啊;1;0;1;159059;6.28697527332625e-06
5682;去那里下载？;1;0;1;159059;6.28697527332625e-06
5694;我是java程序员，我想知道转AI难吗;1;0;1;159059;6.28697527332625e-06
5708;五好小田shnzdd;1;0;1;159059;6.28697527332625e-06
5713;特斯拉的自动驾驶技术也是类似这种;1;0;1;159059;6.28697527332625e-06
5720;问题是怎么接触AI;1;0;1;159059;6.28697527332625e-06
5744;从哪里可以使用GTP呢;1;0;1;159059;6.28697527332625e-06
5763;有人类解释不清的地方，就有人类控制不了的地方;1;0;1;159059;6.28697527332625e-06
5773;听你说话真是累得要命;1;0;1;159059;6.28697527332625e-06
5776;有我有gpt不知道应该怎么正确使用。;2;0;2;159059;1.25739505466525e-05
5801;在哪里下载？;1;0;1;159059;6.28697527332625e-06
5809;帅哥，问下，他会写商业计划书吗？谢谢;1;0;1;159059;6.28697527332625e-06
5814;国内能用chatGPT吗;1;0;1;159059;6.28697527332625e-06
5826;请问哥们儿你做什么职业;1;0;1;159059;6.28697527332625e-06
5830;能不能讲一下电子计算机为什么能计算;1;0;1;159059;6.28697527332625e-06
5841;酸甜苦辣咸一个两个边角料把自己变成榆树;1;0;1;159059;6.28697527332625e-06
5850;云尼拿我哥说的学计算机语言指的应该是学会使用ai;1;0;1;159059;6.28697527332625e-06
5852;我直接拉到末尾听最后一句;1;0;1;159059;6.28697527332625e-06
5873;GPT最近可以用了吗？;2;0;2;159059;1.25739505466525e-05
5877;我自己在用这个但觉得很恐怖;1;0;1;159059;6.28697527332625e-06
5883;Thansformer翻译者;2;0;2;159059;1.25739505466525e-05
5902;每个人的大脑都一样吗？为什么有的人学的快有的人学的慢;1;0;1;159059;6.28697527332625e-06
5937;欠儿登;1;0;1;159059;6.28697527332625e-06
5951;所以怎么用呢？;1;0;1;159059;6.28697527332625e-06
5985;是不是要收费？我那天搞了一个用了会儿就提示我说免费次数用完了;10;0;10;159059;6.28697527332625e-05
6005;最近墙过不去了，没法用;1;0;1;159059;6.28697527332625e-06
6015;不是应该数学厉害吗？;1;0;1;159059;6.28697527332625e-06
6028;我是看后面三个奥特曼的;1;0;1;159059;6.28697527332625e-06
6039;老说aiai去哪下载？;1;0;1;159059;6.28697527332625e-06
6060;如何使用？在哪里下载;1;0;1;159059;6.28697527332625e-06
6092;那它会把光刻机、B2等那些高科技说出来么;2;0;2;159059;1.25739505466525e-05
6111;我是让chatgpt给我写;1;0;1;159059;6.28697527332625e-06
6113;对比过了，直接调得谷歌翻译，和谷歌翻译一字不差;6;4;10;159059;6.28697527332625e-05
6120;有金山快译强吗？;2;1;3;159059;1.886092581997875e-05
6124;这个插件是什么名字;2;1;3;159059;1.886092581997875e-05
6127;你能不能直接说重点呢，你说一堆废话人家凭啥给你点赞关注呢;1;7;8;159059;5.029580218661e-05
6130;什么插件不说;1;1;2;159059;1.25739505466525e-05
6136;其实你应该明确的名字还有获取方式这样视频就有价值了更多人愿意去持续关注看你后续的分享;3;1;4;159059;2.5147901093305e-05
6142;要钱的不用看了;3;3;6;159059;3.77218516399575e-05
6148;我有个大胆的想法;1;1;2;159059;1.25739505466525e-05
6153;api接口都一样;1;5;6;159059;3.77218516399575e-05
6156;陈老师，能给个链接吗;2;0;2;159059;1.25739505466525e-05
6162;陈老师;1;0;1;159059;6.28697527332625e-06
6164;求分享，老师;1;0;1;159059;6.28697527332625e-06
6174;老师求链接;2;0;2;159059;1.25739505466525e-05
6189;陈老师，求链接;1;0;1;159059;6.28697527332625e-06
6209;抢沙发，让别人坐板凳;1;1;2;159059;1.25739505466525e-05
6216;陈老师，求链接;1;0;1;159059;6.28697527332625e-06
6218;要钱的，我试过了;1;0;1;159059;6.28697527332625e-06
6464;什么时候上日文;14;67;81;159059;0.0005092449971394262
6479;日语能翻译不？;8;32;40;159059;0.00025147901093305
6488;日语就翻不出来;4;29;33;159059;0.00020747018401976624
6493;为什么我的mate30pro没有这个;13;3;16;159059;0.00010059160437322
6507;可是翻译得不准;2;13;15;159059;9.430462909989374e-05
6510;我买了一台假手机，没有这功能;2;9;11;159059;6.915672800658876e-05
6513;日本电影也能翻译吗;2;5;7;159059;4.400882691328375e-05
6516;我华为手机是白用了大半年了，好多功能居然都不知道;2;6;8;159059;5.029580218661e-05
6519;为啥我的没这个ai字幕;3;2;5;159059;3.143487636663125e-05
6523;p40pro没有这功能吧？;5;0;5;159059;3.143487636663125e-05
6529;我是一名学生在学习日语，想问一下能翻译日语吗;1;3;4;159059;2.5147901093305e-05
6565;94去试下好不好用;3;0;3;159059;1.886092581997875e-05
6575;园长小卖部华为的;1;0;1;159059;6.28697527332625e-06
6597;v20没有;4;0;4;159059;2.5147901093305e-05
6610;我的小米10可以吗;1;0;1;159059;6.28697527332625e-06
6612;荣耀不能用;1;0;1;159059;6.28697527332625e-06
6639;只有华为才拥有这个功能吧;1;0;1;159059;6.28697527332625e-06
6649;睡华为畅享不可以;1;0;1;159059;6.28697527332625e-06
6676;英语能听懂就是日语有点难灵光一闪;1;0;1;159059;6.28697527332625e-06
6690;如果能直接翻译成中文语音不是更好吗？这样就不用又看电影又看字幕了。;1;0;1;159059;6.28697527332625e-06
6741;真实用;1;0;1;159059;6.28697527332625e-06
6747;这么神奇吗;1;0;1;159059;6.28697527332625e-06
6751;0;1;1;2;159059;1.25739505466525e-05
6756;只看国语版，原版又要看画面，又要看字幕;1;0;1;159059;6.28697527332625e-06
6763;最新款华为手机才有这功能;1;0;1;159059;6.28697527332625e-06
6789;华为手机时时刻刻为国人考虑各个方面功能带来方便;1;2;3;159059;1.886092581997875e-05
6795;爷爷：孝死我了;21;467;488;159059;0.00306804393338321
6817;你猜猜我的论文是怎么减少查重率的;18;207;225;159059;0.0014145694364984063
6837;该说不说，《9个尸体蛋糕在前台寻找西柚味脑干》挺押韵的;9;242;251;159059;0.0015780307936048889
6853;最起码唐的翻译留住了;1;11;12;159059;7.5443703279915e-05
6858;我把口水笑出来，还喷了一手机;1;2;3;159059;1.886092581997875e-05
6861;你的南仁笑死我了;1;0;1;159059;6.28697527332625e-06
6863;chu赶紧的麻溜的乐一乐;1;0;1;159059;6.28697527332625e-06
6875;山有几川婉婷妹妹不做梵高小困哈哈;1;1;2;159059;1.25739505466525e-05
6878;现在爱着你白云味棉花糖肉腼腆害羞内向社恐文静不那那银河快递员不要看我好好不那那画不圆的圈哈哈哈哈哈哈哈哈哈哈哈哭死ooi;4;0;4;159059;2.5147901093305e-05
6884;逢很温柔淇毅果儿风你猜猜我笑不笑。;2;0;2;159059;1.25739505466525e-05
6890;栀子别开花;1;0;1;159059;6.28697527332625e-06
6897;Renci这也翻译优秀;2;0;2;159059;1.25739505466525e-05
6901;笑不活了;1;0;1;159059;6.28697527332625e-06
6903;只羽你别太荒谬;1;0;1;159059;6.28697527332625e-06
6906;大大老师不连我我就哭死了哈哈哈哈;1;0;1;159059;6.28697527332625e-06
6911;奶味气泡哈哈哈哈哈哈哈哈哈哈哈哈哈哈哈哈;3;0;3;159059;1.886092581997875e-05
6916;辰砂mm;1;1;2;159059;1.25739505466525e-05
6919;嘿嘿噗哈哈哈哈哈哈哈哈哈哈哈哈哈哈哈哈哈哈哈哈哈哈哈哈;1;1;2;159059;1.25739505466525e-05
6922;多次拒绝王源人都笑麻了;1;0;1;159059;6.28697527332625e-06
6926;00;1;0;1;159059;6.28697527332625e-06
6928;阿悦笑死了;1;0;1;159059;6.28697527332625e-06
6930;起早贪黑上大专还挺押韵;1;0;1;159059;6.28697527332625e-06
6934;纪千凡哈哈哈哈笑死了。机翻;1;1;2;159059;1.25739505466525e-05
6936;19天苟窖什么（害怕网络不够暴力）笑不活了;2;1;3;159059;1.886092581997875e-05
6940;累死笑死我了哈哈哈哈哈哈;1;1;2;159059;1.25739505466525e-05
6942;荔枝心笑死我了;1;1;2;159059;1.25739505466525e-05
6945;QwQ笑不活了;1;0;1;159059;6.28697527332625e-06
6948;蟹bro牛逼;1;0;1;159059;6.28697527332625e-06
6954;红红贴贴哈哈哈哈哈，这笑死我了;2;0;2;159059;1.25739505466525e-05
6960;君绾笑死;1;0;1;159059;6.28697527332625e-06
6963;油头女王9个尸体蛋糕在前台寻找西柚味脑干哈哈哈哈哈哈哈哈哈哈哈哈哈哈哈哈哈哈哈哈哈哈哈哈哈哈哈哈;1;0;1;159059;6.28697527332625e-06
6966;岁CurryTUO尼後孑堕落06年冬鸭芽雅亚笑死了;1;2;3;159059;1.886092581997875e-05
6970;奶味柠檬茶哈哈哈哈哈哈哈哈哈哈这人工智能笑死我了;1;0;1;159059;6.28697527332625e-06
6980;美人鱼哈哈哈哈哈哈哈;1;0;1;159059;6.28697527332625e-06
6984;橙子耶笑了;1;0;1;159059;6.28697527332625e-06
6987;魏宰real;1;0;1;159059;6.28697527332625e-06
6992;骸哈哈哈爷爷死了哈哈哈哈;1;0;1;159059;6.28697527332625e-06
6994;sky羽姜淮0210哈哈哈哈哈哈哈哈;1;1;2;159059;1.25739505466525e-05
6996;蟑螂淼焱知道估计要笑死了;1;0;1;159059;6.28697527332625e-06
6999;满级ia椿闲扰月泽惖;2;0;2;159059;1.25739505466525e-05
7005;戏剧院，限局于你鹅鹅鹅鹅笑死我了;1;0;1;159059;6.28697527332625e-06
7015;gggz老柠子溯流mercuryBLACKPINKJENNIE金智妮Iss航讀卿Young小孙自在人心哈哈哈哈哈哈哈哈哈哈哈哈哈哈哈哈哈哈;1;0;1;159059;6.28697527332625e-06
7017;噶你我的爷爷死在了短吻鳄里;1;0;1;159059;6.28697527332625e-06
7020;小锦白日梦游指南今天会想唯唯吗辣条仔糖糖甜甜哈哈哈哈哈;1;0;1;159059;6.28697527332625e-06
7023;0;1;0;1;159059;6.28697527332625e-06
7027;帮我带句话哈哈哈;1;0;1;159059;6.28697527332625e-06
7029;仄声AI智能。;2;0;2;159059;1.25739505466525e-05
7034;白麓懂了懂;1;0;1;159059;6.28697527332625e-06
7039;玫瑰海岸线;1;0;1;159059;6.28697527332625e-06
7041;翔仔双敌LittledevilT哈哈哈哈哈哈哈哈;2;0;2;159059;1.25739505466525e-05
7044;bbsttttby笑死我了;1;0;1;159059;6.28697527332625e-06
7046;这个人工智能很有灵性rui;1;0;1;159059;6.28697527332625e-06
7048;离璃人工智能;1;0;1;159059;6.28697527332625e-06
7053;我朋友是朴新难;2;0;2;159059;1.25739505466525e-05
7056;刻晴小姐我的神清川“三生”雲山不是山东风42号洲际导弹;1;0;1;159059;6.28697527332625e-06
7058;祈安;1;0;1;159059;6.28697527332625e-06
7060;LikeYOU;1;0;1;159059;6.28697527332625e-06
7062;雷电影;1;0;1;159059;6.28697527332625e-06
7072;苏打水;1;0;1;159059;6.28697527332625e-06
7074;Cc;2;0;2;159059;1.25739505466525e-05
7078;浅陌Crush年桔萧苌;1;0;1;159059;6.28697527332625e-06
7085;是洋洋呐;2;0;2;159059;1.25739505466525e-05
7088;一只小北北;1;0;1;159059;6.28697527332625e-06
7097;从反方向开始移动;1;0;1;159059;6.28697527332625e-06
7099;吾与汝；；;1;0;1;159059;6.28697527332625e-06
7102;该;1;0;1;159059;6.28697527332625e-06
7106;反方向的鐘R我不是烙饼;2;1;3;159059;1.886092581997875e-05
7111;吹吹海风;1;1;2;159059;1.25739505466525e-05
7117;嘟噜噜不知名的小du小简Rilife;3;0;3;159059;1.886092581997875e-05
7121;Lx;1;0;1;159059;6.28697527332625e-06
7123;小吴好呆；；多肉惠子的第二个朋友圈李谱儿;1;0;1;159059;6.28697527332625e-06
7125;祈枫林luca麦外敷;2;0;2;159059;1.25739505466525e-05
7130;仍在流浪;1;0;1;159059;6.28697527332625e-06
7132;Nspecialny冰岛方酒酒求你还是努力吧;3;0;3;159059;1.886092581997875e-05
7136;离别詩筱汐抹林記住昕;1;0;1;159059;6.28697527332625e-06
7141;阿肜青衫忆笙养鱼Bd1230封零;1;0;1;159059;6.28697527332625e-06
7146;予秋山兔557东榆土豆鸽全脂牛奶凉然把清清藏心里云祭火江洛浠;4;1;5;159059;3.143487636663125e-05
7151;讨厌粽子;1;0;1;159059;6.28697527332625e-06
7153;猫喙魍嶽嘿嘿，;2;1;3;159059;1.886092581997875e-05
7164;杉;1;0;1;159059;6.28697527332625e-06
7166;苏暖苏暖;1;0;1;159059;6.28697527332625e-06
7175;橘个梨子不吃香菜梅子熟了;1;1;2;159059;1.25739505466525e-05
7179;西北风拥护者悦悦;1;0;1;159059;6.28697527332625e-06
7189;哈欠鲨;2;0;2;159059;1.25739505466525e-05
7192;苏打饼干、头;1;1;2;159059;1.25739505466525e-05
7198;魚;1;1;2;159059;1.25739505466525e-05
7200;慧儿哦吼;1;1;2;159059;1.25739505466525e-05
7202;0;1;1;2;159059;1.25739505466525e-05
7210;侥幸是鲨掉吖认尺小新我爱林舒晴;1;2;3;159059;1.886092581997875e-05
7221;Cloud在午渃水Allure吃了仨小黑羊又皮了;1;4;5;159059;3.143487636663125e-05
7237;似卿ac;3;0;3;159059;1.886092581997875e-05
7243;念情;1;0;1;159059;6.28697527332625e-06
7245;今夜月色真美;1;0;1;159059;6.28697527332625e-06
7247;小新卖蜡笔;1;0;1;159059;6.28697527332625e-06
7255;暴富暴富我不暴富谁暴富暴富暴富暴富暴富哈哈旁观的少年Hahaha;1;0;1;159059;6.28697527332625e-06
7258;脑子喝水;1;1;2;159059;1.25739505466525e-05
7261;其多？秋子不做朴下雨的雨懒大王;1;0;1;159059;6.28697527332625e-06
7263;戏子多秋my克拉拉耶辰生威浅笙漓张良小北方;2;1;3;159059;1.886092581997875e-05
7277;春树;3;0;3;159059;1.886092581997875e-05
7281;billkin;1;0;1;159059;6.28697527332625e-06
7294;SereinEthereal;1;0;1;159059;6.28697527332625e-06
7298;入水无痕祈Bubble;1;0;1;159059;6.28697527332625e-06
7303;秋团子若熙一份奶盖请问还有饭吗？蒙德第一记仇骑士;1;0;1;159059;6.28697527332625e-06
7308;zj不配有版权;1;0;1;159059;6.28697527332625e-06
7316;Estp木槿啵啵莓;1;0;1;159059;6.28697527332625e-06
7320;英子小熊回家辣;1;0;1;159059;6.28697527332625e-06
7332;深;1;0;1;159059;6.28697527332625e-06
7341;Evryuupi;1;0;1;159059;6.28697527332625e-06
7347;我是月亮可爱多博美大小姐;1;0;1;159059;6.28697527332625e-06
7349;小源不会唱歌;1;0;1;159059;6.28697527332625e-06
7353;巴啦啦烤山楂;1;0;1;159059;6.28697527332625e-06
7356;仙女本仙;1;0;1;159059;6.28697527332625e-06
7359;不想减肥辣;2;1;3;159059;1.886092581997875e-05
7371;回忆、勾勒的曾经;1;0;1;159059;6.28697527332625e-06
7378;哇哇哇哇哇;1;0;1;159059;6.28697527332625e-06
7380;安笙;1;0;1;159059;6.28697527332625e-06
7385;via;1;0;1;159059;6.28697527332625e-06
7387;小鹿不乱撞;1;0;1;159059;6.28697527332625e-06
7397;ohhtf10nYwNx82号蓝玫瑰;2;1;3;159059;1.886092581997875e-05
7400;cLowN;1;0;1;159059;6.28697527332625e-06
7407;额么么;1;0;1;159059;6.28697527332625e-06
7416;不语;1;0;1;159059;6.28697527332625e-06
7418;琳儿;1;0;1;159059;6.28697527332625e-06
7422;不爱他啦;1;0;1;159059;6.28697527332625e-06
7424;嵩七;2;0;2;159059;1.25739505466525e-05
7429;思乐;1;0;1;159059;6.28697527332625e-06
7436;寸日;1;0;1;159059;6.28697527332625e-06
7440;04;1;0;1;159059;6.28697527332625e-06
7451;平意难赫;2;0;2;159059;1.25739505466525e-05
7457;伤心番茄酱毛小羽;3;0;3;159059;1.886092581997875e-05
7461;Deepmemory;1;0;1;159059;6.28697527332625e-06
7463;七饭啦;1;0;1;159059;6.28697527332625e-06
7467;0;1;0;1;159059;6.28697527332625e-06
7469;temperature;2;0;2;159059;1.25739505466525e-05
7472;小面包高价;1;0;1;159059;6.28697527332625e-06
7478;池鱼;1;0;1;159059;6.28697527332625e-06
7483;不会勾对角;1;0;1;159059;6.28697527332625e-06
7486;宫水三叶的狗;1;0;1;159059;6.28697527332625e-06
7491;兰泽;2;0;2;159059;1.25739505466525e-05
7501;奶油小草霁安古利特特特我要气死你yyyyy哈哈哈哈哈哈;2;2;4;159059;2.5147901093305e-05
7504;梦兮花己谢廿一鱼丸00李居安bbbb皖璃鱼筱原先生快乐的绿羊HikLGeek273391;1;2;3;159059;1.886092581997875e-05
7506;误入我擦;1;1;2;159059;1.25739505466525e-05
7509;归途O企鹅o笑死我了;1;0;1;159059;6.28697527332625e-06
7530;TequieroH舒小陌玉笑死我了;1;0;1;159059;6.28697527332625e-06
7533;绝世小帅笑死我了;1;0;1;159059;6.28697527332625e-06
7535;小虞木马吃不饱的机灵鬼醉崽平安喜樂睡觉大王;1;0;1;159059;6.28697527332625e-06
7539;最喜欢你啦littlekong梓柒;3;0;3;159059;1.886092581997875e-05
7545;穿上回忆和风沙;1;0;1;159059;6.28697527332625e-06
7549;你看有UFO;1;0;1;159059;6.28697527332625e-06
7555;墨守离了个大谱;1;0;1;159059;6.28697527332625e-06
7559;0;1;0;1;159059;6.28697527332625e-06
7562;阿兀（恋爱版）;1;0;1;159059;6.28697527332625e-06
7569;一二哈哈哈哈哈哈哈哈哈哈哈哈;4;0;4;159059;2.5147901093305e-05
7579;嗯;1;0;1;159059;6.28697527332625e-06
7588;乖乖;1;0;1;159059;6.28697527332625e-06
7594;橙子汁儿;2;0;2;159059;1.25739505466525e-05
7602;朱安元;1;0;1;159059;6.28697527332625e-06
7616;小源超可爱;2;0;2;159059;1.25739505466525e-05
7621;早过一个冬;2;0;2;159059;1.25739505466525e-05
7624;阿随;1;0;1;159059;6.28697527332625e-06
7631;寄绾笑死我了;1;0;1;159059;6.28697527332625e-06
7636;今天还好么;1;0;1;159059;6.28697527332625e-06
7639;波萝;1;0;1;159059;6.28697527332625e-06
7645;拒绝与狗交流;1;0;1;159059;6.28697527332625e-06
7651;锦艺城;1;0;1;159059;6.28697527332625e-06
7654;巜;1;0;1;159059;6.28697527332625e-06
7658;Tammy泛理想三旬人工智障;1;0;1;159059;6.28697527332625e-06
7660;胆小鬼;1;0;1;159059;6.28697527332625e-06
7665;鳗鱼热心网友抚琴;1;0;1;159059;6.28697527332625e-06
7667;DM;1;0;1;159059;6.28697527332625e-06
7669;胖嘟嘟;1;0;1;159059;6.28697527332625e-06
7672;奇女子;1;0;1;159059;6.28697527332625e-06
7679;去码头整点薯条人工智能;1;0;1;159059;6.28697527332625e-06
7683;芭比Q;1;0;1;159059;6.28697527332625e-06
7686;哈阿;1;0;1;159059;6.28697527332625e-06
7692;从一而终;1;0;1;159059;6.28697527332625e-06
7702;南笙腿心悸Redaman噗哈哈哈哈哈;3;0;3;159059;1.886092581997875e-05
7719;lulucinda;1;0;1;159059;6.28697527332625e-06
7723;邱饱儿;1;0;1;159059;6.28697527332625e-06
7730;婉R;2;0;2;159059;1.25739505466525e-05
7737;星晨;1;0;1;159059;6.28697527332625e-06
7741;杉47岁爱上小鲜肉;2;0;2;159059;1.25739505466525e-05
7745;无谓哈哈哈;1;0;1;159059;6.28697527332625e-06
7752;偏爱只给wsy;1;0;1;159059;6.28697527332625e-06
7754;Nell;1;0;1;159059;6.28697527332625e-06
7757;李大墨;1;0;1;159059;6.28697527332625e-06
7762;狐狸观察员;1;0;1;159059;6.28697527332625e-06
7764;子融。;1;0;1;159059;6.28697527332625e-06
7767;AAA深圳水产批发张姐哈哈哈哈哈哈哈哈;1;0;1;159059;6.28697527332625e-06
7770;锤锤锤哈哈哈;1;0;1;159059;6.28697527332625e-06
7773;Yi鑫;1;0;1;159059;6.28697527332625e-06
7780;离谱死了小煜ovo;1;0;1;159059;6.28697527332625e-06
7783;小奶牙;1;0;1;159059;6.28697527332625e-06
7787;小赵超爱汪老师（上岸版）笑死我了;1;0;1;159059;6.28697527332625e-06
7789;呀。。。;1;0;1;159059;6.28697527332625e-06
7793;3656;1;0;1;159059;6.28697527332625e-06
7795;炯黎;1;0;1;159059;6.28697527332625e-06
7798;杰哥鼬飞飞咩呀（）;2;0;2;159059;1.25739505466525e-05
7808;把戏坊在逃老板娘;2;0;2;159059;1.25739505466525e-05
7813;悲伤萧小五很困的芝士年糕;1;0;1;159059;6.28697527332625e-06
7816;Chos1npm8aceMake1r小周有点无聊;1;0;1;159059;6.28697527332625e-06
7818;蜻蜓吖;1;0;1;159059;6.28697527332625e-06
7822;源源人工智障哈哈哈哈哈哈哈哈哈哈哈哈;2;0;2;159059;1.25739505466525e-05
7835;热心网友渔先生墨颜;1;0;1;159059;6.28697527332625e-06
7844;嘿嘿朴朴PT化为液体的光网友小偲小熊软糖酱皈汐（不纯情但男高）蛋包饭TT（）;4;0;4;159059;2.5147901093305e-05
7849;T;1;0;1;159059;6.28697527332625e-06
7858;22;1;0;1;159059;6.28697527332625e-06
7861;蘑菇不会开花;1;0;1;159059;6.28697527332625e-06
7864;Angel;1;0;1;159059;6.28697527332625e-06
7866;我想静静;3;0;3;159059;1.886092581997875e-05
7873;今日伏笔;1;0;1;159059;6.28697527332625e-06
7877;雨别笑死我了;1;0;1;159059;6.28697527332625e-06
7883;半糖主义;1;0;1;159059;6.28697527332625e-06
7892;矮玉米;1;0;1;159059;6.28697527332625e-06
7895;ONE;1;0;1;159059;6.28697527332625e-06
7897;木羽;1;0;1;159059;6.28697527332625e-06
7902;盐也也;1;0;1;159059;6.28697527332625e-06
7904;清都山水郎Right肉丸摆烂小胖完零星倦;2;0;2;159059;1.25739505466525e-05
7908;二蛋扭呀扭;1;0;1;159059;6.28697527332625e-06
7911;胡乎乎萝北丶今天也不想起床;1;0;1;159059;6.28697527332625e-06
7915;好想吃炸鸡;1;0;1;159059;6.28697527332625e-06
7917;陈住气;1;0;1;159059;6.28697527332625e-06
7927;海娇;1;0;1;159059;6.28697527332625e-06
7934;辞忧;1;0;1;159059;6.28697527332625e-06
7940;航班晚点嘿嘿我不是隐士;1;0;1;159059;6.28697527332625e-06
7947;橘子味的橙子（宗师位可联系）;1;0;1;159059;6.28697527332625e-06
7949;慕杨人川慕;1;0;1;159059;6.28697527332625e-06
7959;丸丸子;1;0;1;159059;6.28697527332625e-06
7964;早悟兰因。;1;0;1;159059;6.28697527332625e-06
7968;44Humburt翎商樱井妮可Jxdx我没有瓜子黎遇心;1;0;1;159059;6.28697527332625e-06
7970;0;1;0;1;159059;6.28697527332625e-06
7976;（漫游星空）独宠可还心存幻想我吃不吐皮;1;0;1;159059;6.28697527332625e-06
7983;陈立青;1;0;1;159059;6.28697527332625e-06
7986;0;1;0;1;159059;6.28697527332625e-06
7991;咔咔;1;0;1;159059;6.28697527332625e-06
7996;碳烧魚餅;1;0;1;159059;6.28697527332625e-06
8005;ELven;1;0;1;159059;6.28697527332625e-06
8012;甜酒果夫人;1;0;1;159059;6.28697527332625e-06
8017;妈妈说名字太长会有小可爱跟着读叫叫呱老何浅羽靖辉在下宁采臣挽秋;1;0;1;159059;6.28697527332625e-06
8037;阿赵儿（厌学版）;1;0;1;159059;6.28697527332625e-06
8042;菡萏胖成了;1;0;1;159059;6.28697527332625e-06
8057;SunlightstreamingonIncenseStonekindlesavioletsmoke;2;0;2;159059;1.25739505466525e-05
8064;0;1;0;1;159059;6.28697527332625e-06
8066;这就是德语批改网吗？;2;1;3;159059;1.886092581997875e-05
8069;所以我买了课程;3;4;7;159059;4.400882691328375e-05
8074;那位穿着貂皮大衣的黑发美女可真养眼哪哈哈;3;2;5;159059;3.143487636663125e-05
8080;老师发女装视频的时候请注意一下时差好吗我今晚要失眠了;1;0;1;159059;6.28697527332625e-06
8090;小马过河阳光彩虹小白马deepl是德国的啊;1;1;2;159059;1.25739505466525e-05
8093;怎么用;1;1;2;159059;1.25739505466525e-05
8097;Zeitverbringenstattspielen;1;1;2;159059;1.25739505466525e-05
8103;演的好，下次别演了;1;0;1;159059;6.28697527332625e-06
8106;这是我自己的做法，希望能够帮助大家。;6;2;8;159059;5.029580218661e-05
8113;让他翻译滕王阁序，再翻译回中文。翻译得很烂对吧，将进酒呢;2;23;25;159059;0.00015717438183315626
8116;怎么能可以教教吗;2;0;2;159059;1.25739505466525e-05
8119;手机版本怎么用呀;5;0;5;159059;3.143487636663125e-05
8126;我登不上，一直说系统负荷重;1;0;1;159059;6.28697527332625e-06
8134;手机版怎么下载呀;1;0;1;159059;6.28697527332625e-06
8136;这是什么软件？;1;3;4;159059;2.5147901093305e-05
8138;小米手环带这个实时翻译吗？;2;0;2;159059;1.25739505466525e-05
8142;哪有通话翻译;1;0;1;159059;6.28697527332625e-06
8148;全部是华为玩剩下的，小米至今都还没有华为的全局图片翻译功能;1;0;1;159059;6.28697527332625e-06
8155;如何浏览呀老板;3;0;3;159059;1.886092581997875e-05
8159;如果拿别人的东西请一开始标明出处;2;1;3;159059;1.886092581997875e-05
8165;老师，放哪了;1;0;1;159059;6.28697527332625e-06
8177;OpenPromptStudio;2;7;9;159059;5.658277745993625e-05
8180;四喜茶茶;3;0;3;159059;1.886092581997875e-05
8187;猴子失恋后复活了牛顿;615;11000;11615;159059;0.07302321779968439
8803;霍金：人工智能会攻占人类人工智能：猴子失恋后复活了牛顿;152;5588;5740;159059;0.03608723806889268
8956;《人工智障》;40;2937;2977;159059;0.018716325388692247
8997;外国人他们天天背的就这玩意;59;2102;2161;159059;0.013586153565658026
9057;请务必教我这道最简单的家常菜;15;1377;1392;159059;0.00875146958047014
9073;有没有可能，李白就是这么写的欺负那时候的中国人没文化，不会英语;20;1124;1144;159059;0.00719229971268523
9094;有点知识搅拌机的感觉;14;861;875;159059;0.0055011033641604685
9109;我小名就叫彬彬;19;96;115;159059;0.0007230021564325188
9129;现在的很多小孩子只知道李白是个打野的，还有网络顺口溜拼凑的诗词。感觉会和这个差不多;1;17;18;159059;0.0001131655549198725
9136;苏轼表示，我居然是个素食主义者，那东坡肘子，东坡肉之类的不是我的吗？;2;4;6;159059;3.77218516399575e-05
9150;无名诗;1;1;2;159059;1.25739505466525e-05
9154;十连满命真菌刚出锅的荷包蛋;1;0;1;159059;6.28697527332625e-06
9156;倦恋鸟哈哈哈还真挺押韵;1;0;1;159059;6.28697527332625e-06
9159;不会二段跳的阿南子哈哈哈哈哈哈哈哈;2;0;2;159059;1.25739505466525e-05
9163;泰戈尔不打嗝y0214;1;0;1;159059;6.28697527332625e-06
9171;远方常听影子提起她鸢不知道叫啥玩意南星这就是翻译专业存在的理由;3;1;4;159059;2.5147901093305e-05
9176;哈哈n。真的不行了;1;1;2;159059;1.25739505466525e-05
9182;魈杏仁儿;1;0;1;159059;6.28697527332625e-06
9186;TheMainTank念呐小赵小王要快乐Ame我想你笑死我了;3;0;3;159059;1.886092581997875e-05
9193;西柠Sandm野肆武绘星者沈娇娇（齐司礼笨鸟版）Dawn哈哈哈哈哈哈哈;1;0;1;159059;6.28697527332625e-06
9195;帆丫头迷鱼;1;1;2;159059;1.25739505466525e-05
9197;老街笑死;1;0;1;159059;6.28697527332625e-06
9200;陈小小小小农我笑死了哈哈哈哈哈哈哈哈哈哈哈哈哈哈哈哈哈哈哈哈哈哈哈哈哈哈哈哈哈哈哈哈哈哈哈哈哈哈哈哈哈哈哈哈哈哈哈哈哈哈哈哈哈哈哈哈哈哈哈哈哈哈哈哈哈哈哈哈哈哈哈哈哈哈哈哈哈哈哈哈哈哈哈哈哈哈哈哈哈哈哈哈哈哈哈哈哈哈哈哈哈哈哈哈哈哈哈哈哈哈哈哈;1;1;2;159059;1.25739505466525e-05
9202;余生若梦哈哈哈哈就这玩意能攻击人类;1;0;1;159059;6.28697527332625e-06
9204;Einefee我要不行了;1;0;1;159059;6.28697527332625e-06
9207;AaugetyZXY晗Meteoriten对称性你压我腿毛了;2;0;2;159059;1.25739505466525e-05
9210;零51張anbb女孩Sun洋芋饭;1;0;1;159059;6.28697527332625e-06
9218;Eddie笑死;1;1;2;159059;1.25739505466525e-05
9223;卿酒哈哈哈哈哈哈哈哈;1;1;2;159059;1.25739505466525e-05
9225;轩瘦了1斤了什么邹笑不活了;1;1;2;159059;1.25739505466525e-05
9230;鹿安;2;0;2;159059;1.25739505466525e-05
9235;Z哈哈哈;1;0;1;159059;6.28697527332625e-06
9237;再谢一山春6;1;1;2;159059;1.25739505466525e-05
9242;染安啊哈哈哈哈哈哈哈;1;0;1;159059;6.28697527332625e-06
9249;荬氪锂;1;0;1;159059;6.28697527332625e-06
9252;岁岁sweetie哈哈哈哈;1;0;1;159059;6.28697527332625e-06
9254;初春。;1;0;1;159059;6.28697527332625e-06
9257;瑜瑜瑜瑜瑜笑死了;1;0;1;159059;6.28697527332625e-06
9260;秋以为期喜欢异瞳小黑猫冰冰冰冰冰块救命功德都给我笑没了;1;1;2;159059;1.25739505466525e-05
9262;Leon;1;0;1;159059;6.28697527332625e-06
9264;盛夏笑死我了;1;0;1;159059;6.28697527332625e-06
9266;海淞狮;1;0;1;159059;6.28697527332625e-06
9268;晴天恋雨猴子失恋后复活了牛顿;1;0;1;159059;6.28697527332625e-06
9270;hh6662KZbafang顶级翻译;1;1;2;159059;1.25739505466525e-05
9272;昏睡牛角包要笑死我;1;0;1;159059;6.28697527332625e-06
9275;Serendipity哈哈哈哈哈哈;1;0;1;159059;6.28697527332625e-06
9277;惜哈哈哈;1;0;1;159059;6.28697527332625e-06
9279;乍见之欢快落的小蚊子哈哈哈哈;2;0;2;159059;1.25739505466525e-05
9282;慢慢;1;1;2;159059;1.25739505466525e-05
9285;优雅的水晶毛炉;1;1;2;159059;1.25739505466525e-05
9287;笨蛋老婆白新羽快看笑死我了啊;1;0;1;159059;6.28697527332625e-06
9292;文玥之卿nnn;1;0;1;159059;6.28697527332625e-06
9294;C笑死我了;1;0;1;159059;6.28697527332625e-06
9296;小清子小清瞎剪;1;0;1;159059;6.28697527332625e-06
9300;dsespoir准备要发芽Dadaliyaaaaaa;1;3;4;159059;2.5147901093305e-05
9304;哈哈哈;1;0;1;159059;6.28697527332625e-06
9308;今天也会被幸运光临哦;1;1;2;159059;1.25739505466525e-05
9310;今天早睡了没叮叮车卓玛;2;0;2;159059;1.25739505466525e-05
9314;不忘初心不眷笑死我了;1;0;1;159059;6.28697527332625e-06
9318;灰色的世界这翻译绝了啊;2;0;2;159059;1.25739505466525e-05
9321;来碗冰豆花蜀道难好背吧;1;0;1;159059;6.28697527332625e-06
9327;孑然;2;0;2;159059;1.25739505466525e-05
9335;痴迷睡觉你知道翻译多难了吧;1;0;1;159059;6.28697527332625e-06
9337;柒辰人工智障;1;0;1;159059;6.28697527332625e-06
9339;千柒6;1;1;2;159059;1.25739505466525e-05
9341;冰复活吧;1;0;1;159059;6.28697527332625e-06
9344;林景笑不活了;1;0;1;159059;6.28697527332625e-06
9348;是小刘呀;2;0;2;159059;1.25739505466525e-05
9351;摸专业户哈哈哈哈哈哈哈哈哈哈哈哈;1;1;2;159059;1.25739505466525e-05
9353;Fairy;1;0;1;159059;6.28697527332625e-06
9358;是雪饼耶哈哈哈哈哈;1;0;1;159059;6.28697527332625e-06
9361;1块5方便面Dddd小狗晕倒啦芋泥厚牛奶君与辞相识Y;1;1;2;159059;1.25739505466525e-05
9366;哈戳戳;1;0;1;159059;6.28697527332625e-06
9368;古月莫得感情愚蠢的狐狸李安奕笑死香妹真菜;2;1;3;159059;1.886092581997875e-05
9373;三木可很好森眸暖光羊儿梦泽;2;0;2;159059;1.25739505466525e-05
9379;祭蠡哈哈哈;1;0;1;159059;6.28697527332625e-06
9384;槐序一十六画稿让我痛苦安”6;3;2;5;159059;3.143487636663125e-05
9389;光明山楂很认真猴子失恋后复活了牛顿;1;0;1;159059;6.28697527332625e-06
9392;江户川啊哈哈哈;1;1;2;159059;1.25739505466525e-05
9394;小木苏苏。;1;0;1;159059;6.28697527332625e-06
9397;晚颜。我干嘛啦福西西绝了;1;0;1;159059;6.28697527332625e-06
9399;醉春风狗头军师彬彬哈哈哈哈哈哈哈哈哈哈哈哈哈哈哈哈哈哈哈;1;1;2;159059;1.25739505466525e-05
9401;妙啊;1;0;1;159059;6.28697527332625e-06
9403;慕慕不能熬夜;1;0;1;159059;6.28697527332625e-06
9409;小欣软糖笑死我了;1;0;1;159059;6.28697527332625e-06
9411;浅浅;1;0;1;159059;6.28697527332625e-06
9417;恋江一千零一夜Jio小凌hhhhhh;3;3;6;159059;3.77218516399575e-05
9421;我读春秋的;2;0;2;159059;1.25739505466525e-05
9428;楚曦月夏芊月呆橘;1;1;2;159059;1.25739505466525e-05
9430;前女友拾壹没下雨蜡笔小新終;2;0;2;159059;1.25739505466525e-05
9433;Gtqi;1;0;1;159059;6.28697527332625e-06
9440;你好张阿姨花未名灰太狼大王骑牛约会偶尔宠信;1;1;2;159059;1.25739505466525e-05
9443;。。。。;1;0;1;159059;6.28697527332625e-06
9446;真的不想熬夜lads小兔子乖乖无敌大土豆蛋蛋喝完橙汁变成了蠢材肥波莫得感情的杀手小舞蜡笔小新眼子AwA王MwM茜一个纯纯大废物小杨出没术雅得或舍图图就有大耳朵田;3;0;3;159059;1.886092581997875e-05
9454;kkki雅;1;0;1;159059;6.28697527332625e-06
9459;暮晨天生金发公主;1;1;2;159059;1.25739505466525e-05
9462;木木;1;0;1;159059;6.28697527332625e-06
9465;沉溺暮色里;1;0;1;159059;6.28697527332625e-06
9469;帅气深情霹雳大母猴;1;0;1;159059;6.28697527332625e-06
9471;趁秋意拥抱苏西快跑原耽必须是光WHISPER苏打水拿铁江停KaitouKiddo无敌爆王龙战士大布劉书柚;1;3;4;159059;2.5147901093305e-05
9474;芷汐芊屿简单x;1;0;1;159059;6.28697527332625e-06
9478;忍住就要哭了;2;1;3;159059;1.886092581997875e-05
9484;下划线舒楠煎的荷包蛋咚巴拉咚咚咚西巴拉来一碗麻辣烫t上杉绘梨衣;2;4;6;159059;3.77218516399575e-05
9487;好想挣大钱;1;0;1;159059;6.28697527332625e-06
9489;0;1;0;1;159059;6.28697527332625e-06
9493;请推送哈士奇蟹蟹;1;0;1;159059;6.28697527332625e-06
9495;AAA野生榛蘑批发零售于哥zhuyaxvan饿了不洗澡西西里zZ君屿油葫芦侠;2;0;2;159059;1.25739505466525e-05
9501;楊子岩kitty林楚沐瑶湮熙;1;0;1;159059;6.28697527332625e-06
9503;爱oStrawberry为你唱情歌亿万暴发户;1;1;2;159059;1.25739505466525e-05
9506;Chuuya小羊炖麒麟Violet（ikun）;1;0;1;159059;6.28697527332625e-06
9509;半糖奶酪;1;1;2;159059;1.25739505466525e-05
9519;djx;1;0;1;159059;6.28697527332625e-06
9521;彩虹;1;0;1;159059;6.28697527332625e-06
9526;惠白云苍狗YAlone施乌恩;1;1;2;159059;1.25739505466525e-05
9535;一枚萧小五;1;1;2;159059;1.25739505466525e-05
9540;海滩长颈鹿阿贝多的苦茶子汤姆今天没喝大;2;0;2;159059;1.25739505466525e-05
9544;成为你的今后的唯一;1;0;1;159059;6.28697527332625e-06
9548;小丑团退退退我尊的生气了Xinxin我直接拜拜拉粑粑小魔仙裤裤得鸭子谢怜;2;1;3;159059;1.886092581997875e-05
9556;长歌只想睡觉C19;1;1;2;159059;1.25739505466525e-05
9561;。。。;1;0;1;159059;6.28697527332625e-06
9563;柒恃;1;0;1;159059;6.28697527332625e-06
9572;F;1;0;1;159059;6.28697527332625e-06
9576;预谋懿416林沐;1;2;3;159059;1.886092581997875e-05
9580;叶颂;1;0;1;159059;6.28697527332625e-06
9582;耳冬柒;1;0;1;159059;6.28697527332625e-06
9584;sha似不似;1;0;1;159059;6.28697527332625e-06
9588;WAn彭彭龙（疫情居家破大防且发胖版）9999;1;0;1;159059;6.28697527332625e-06
9592;lml;1;1;2;159059;1.25739505466525e-05
9595;叮叮;1;0;1;159059;6.28697527332625e-06
9598;柒讨人晏的晏学会左手小崔经常暴躁小王子和他的三朵玫瑰花刘终终呐;1;0;1;159059;6.28697527332625e-06
9600;霖森;1;0;1;159059;6.28697527332625e-06
9603;月妖琴;1;0;1;159059;6.28697527332625e-06
9605;不知道长存不离意海还念喧嚣鸡哥何在;1;1;2;159059;1.25739505466525e-05
9609;SSRIT;1;0;1;159059;6.28697527332625e-06
9613;sky光遇白墨;1;0;1;159059;6.28697527332625e-06
9615;不习惯o;1;0;1;159059;6.28697527332625e-06
9617;满目棠梨映红袖Xxxx;1;0;1;159059;6.28697527332625e-06
9619;Zuoyvlin;1;0;1;159059;6.28697527332625e-06
9627;不加冰哈;1;0;1;159059;6.28697527332625e-06
9629;Lelele;1;0;1;159059;6.28697527332625e-06
9641;猫雷章鱼曹核福DIO;1;0;1;159059;6.28697527332625e-06
9645;讨厌爱;1;0;1;159059;6.28697527332625e-06
9653;Sasori仌彳亍;1;0;1;159059;6.28697527332625e-06
9659;借蟹黄小方鱼仔;1;0;1;159059;6.28697527332625e-06
9663;长白;1;0;1;159059;6.28697527332625e-06
9672;了文伦;1;0;1;159059;6.28697527332625e-06
9677;青青草原懒大王;1;0;1;159059;6.28697527332625e-06
9681;酒暖回忆思念瘦;1;0;1;159059;6.28697527332625e-06
9687;前一天;1;0;1;159059;6.28697527332625e-06
9690;LLLLLLLLLLLLLLXY;1;1;2;159059;1.25739505466525e-05
9692;半俗;1;0;1;159059;6.28697527332625e-06
9696;啊这啊这终会Gentle敌敌魏;3;0;3;159059;1.886092581997875e-05
9700;鹤不知归是佰不是柏王志嫡励志上北大秦秦秦秦;3;3;6;159059;3.77218516399575e-05
9706;春日月球;1;0;1;159059;6.28697527332625e-06
9720;玉子妙蛙狗子iyayaya凫;2;0;2;159059;1.25739505466525e-05
9724;清朝老森与零CARATwillcheese三点睡不着;2;0;2;159059;1.25739505466525e-05
9727;多次拒绝刘亦菲齐雨有有Devs;7;0;7;159059;4.400882691328375e-05
9737;Axxxxxxxxye;2;0;2;159059;1.25739505466525e-05
9740;悲伤哈哈哈;2;2;4;159059;2.5147901093305e-05
9743;玖巷铭陌；人工智障;3;0;3;159059;1.886092581997875e-05
9747;想变有钱的cc酸辣腌萝卜兔子;1;2;3;159059;1.886092581997875e-05
9756;我想安静当个死人《人工智能会代替人类》;1;1;2;159059;1.25739505466525e-05
9758;邓老王;1;0;1;159059;6.28697527332625e-06
9760;哈哈哈，它仿佛在说一个很新的诗词。六六不想掉大分扶光;1;0;1;159059;6.28697527332625e-06
9762;Dear;1;0;1;159059;6.28697527332625e-06
9764;米卡这特么是人工智障;1;0;1;159059;6.28697527332625e-06
9766;小菜咩池疑不迟疑向珊溪灵旺旺没有大礼包Dffdygf;1;0;1;159059;6.28697527332625e-06
9768;鱼;1;0;1;159059;6.28697527332625e-06
9770;6。哈哈哈哈哈哈哈哈;1;0;1;159059;6.28697527332625e-06
9772;余生孤独又何妨大姐上线啊;1;0;1;159059;6.28697527332625e-06
9774;原来是宝贝对方正在输入。。。楠楠哥;1;0;1;159059;6.28697527332625e-06
9776;木子三水吉MrTK甜的发腻故里此生注定无忧Tiamo晓）长安吖安家;1;0;1;159059;6.28697527332625e-06
9778;能不能别钓我了哥们恋爱脑容易被骗吃鱼Chin现充恶魔初见A香菜批发11二十四颗草哈哈哈哈哈哈哈哈哈;1;0;1;159059;6.28697527332625e-06
9780;8023小徐同志;1;0;1;159059;6.28697527332625e-06
9782;274;1;0;1;159059;6.28697527332625e-06
9784;cici;1;0;1;159059;6.28697527332625e-06
9786;哈哈哈哈哈哈哈;1;0;1;159059;6.28697527332625e-06
9788;68灼灼其华Blowest粘豆包;1;1;2;159059;1.25739505466525e-05
9843;JIA;1;0;1;159059;6.28697527332625e-06
9848;澈川川笑对世间狗顾vi我要成为3号位;2;0;2;159059;1.25739505466525e-05
9851;澈川川这个？;1;0;1;159059;6.28697527332625e-06
9856;Kim;1;0;1;159059;6.28697527332625e-06
9864;陈欢喜哈哈哈哈;1;0;1;159059;6.28697527332625e-06
9866;。。;2;0;2;159059;1.25739505466525e-05
9872;艾蕾狂娜1个嗯人间失格叶树白吭气儿华晨宇啊青衫one南怀瑾;4;0;4;159059;2.5147901093305e-05
9882;穆钰;1;0;1;159059;6.28697527332625e-06
9886;只跟腹肌男说话;1;0;1;159059;6.28697527332625e-06
9888;小五;1;0;1;159059;6.28697527332625e-06
9891;肯;1;0;1;159059;6.28697527332625e-06
9896;且且爱猫李恩卓李奕Morandi;1;0;1;159059;6.28697527332625e-06
9898;汣汣不能平哈哈哈哈;1;0;1;159059;6.28697527332625e-06
9906;恶友学习;1;0;1;159059;6.28697527332625e-06
9913;半个梦厶0;2;0;2;159059;1.25739505466525e-05
9916;热心王大姐揽月观星Ccyyyydd搁浅LAN我就问这个是文化差异吗;2;0;2;159059;1.25739505466525e-05
9919;小懿今天吃什么哈哈哈哈哈;2;0;2;159059;1.25739505466525e-05
9927;你是哪块小面包hey程程子不染哈哈哈哈哈哈哈;2;0;2;159059;1.25739505466525e-05
9931;雾橘花666;1;0;1;159059;6.28697527332625e-06
9937;死后请在我坟前弄个WiFi蓝桉xx是个憨憨;1;0;1;159059;6.28697527332625e-06
9943;南宫昭亭;1;0;1;159059;6.28697527332625e-06
9946;呀呀呀呀AAAAAAaaaa哈哈哈哈;2;0;2;159059;1.25739505466525e-05
9950;我来人间凑数的日子empytdi安Chemick玖玖归一;2;0;2;159059;1.25739505466525e-05
9953;你给双倍赈早见琥珀主徐北游北黎丶张小猪7迎夏夏夏夏夏晚安老哈哈哈哈哈哈;3;0;3;159059;1.886092581997875e-05
9958;蓝澜神秘胖达;2;0;2;159059;1.25739505466525e-05
9963;萱萱;2;0;2;159059;1.25739505466525e-05
9973;南寻在抖音做吃货小新超温柔翱翔天际;1;0;1;159059;6.28697527332625e-06
9975;行李箱Ambition;1;1;2;159059;1.25739505466525e-05
9981;XXX哈哈哈哈;1;0;1;159059;6.28697527332625e-06
9987;0;1;0;1;159059;6.28697527332625e-06
9989;白日梦想家00飞天修狗;1;1;2;159059;1.25739505466525e-05
9991;烬天若冰心风暴龙王战神月下追梦;1;0;1;159059;6.28697527332625e-06
9993;汪怪祁辛子小野叔FFFF;4;0;4;159059;2.5147901093305e-05
10001;模糊的官弑hhhhhhhh;2;0;2;159059;1.25739505466525e-05
10009;小李好困;1;0;1;159059;6.28697527332625e-06
10011;听listen;3;0;3;159059;1.886092581997875e-05
10024;不要香菜，;1;0;1;159059;6.28697527332625e-06
10028;痞丫;1;0;1;159059;6.28697527332625e-06
10037;GhostKibara好离谱;1;0;1;159059;6.28697527332625e-06
10051;非理性人格;1;1;2;159059;1.25739505466525e-05
10056;粟和煎蛋啊晨曦69;1;1;2;159059;1.25739505466525e-05
10058;是余不是鱼y;2;0;2;159059;1.25739505466525e-05
10068;Srecrs看看;1;1;2;159059;1.25739505466525e-05
10071;琳;1;0;1;159059;6.28697527332625e-06
10075;AAA湖南二手车批发周姐不觉哈哈哈哈哈哈哈哈哈;2;1;3;159059;1.886092581997875e-05
10080;小落睡不醒;1;0;1;159059;6.28697527332625e-06
10087;妤小温DHLOVE哈哈哈人工智障;1;0;1;159059;6.28697527332625e-06
10089;破名合计半天;1;0;1;159059;6.28697527332625e-06
10092;我能把自己卖出去吗我妈实在不想看见我了;3;3;6;159059;3.77218516399575e-05
10120;我突然有个大胆的想法;3;15;18;159059;0.0001131655549198725
10124;升了鸿蒙后ai字幕为啥不能翻译了，只能显示原文;1;6;7;159059;4.400882691328375e-05
10127;感觉是男人的福声，我重新看了几部以前的电影;2;0;2;159059;1.25739505466525e-05
10136;自闭沈苏儿;1;0;1;159059;6.28697527332625e-06
10140;能翻日语吗，我的梦想是一直想学习日语;3;25;28;159059;0.000176035307653135
10151;在哪里可以用;1;0;1;159059;6.28697527332625e-06
10168;你们是没用过YouTube？;1;1;2;159059;1.25739505466525e-05
10176;怎么用;1;0;1;159059;6.28697527332625e-06
10187;主要是钱没到位;1;0;1;159059;6.28697527332625e-06
10198;TTS;1;0;1;159059;6.28697527332625e-06
10206;日语谁看字幕呀，听声音就够了;12;102;114;159059;0.0007167151811591925
10219;频率太快，手机都翻译卡了;2;13;15;159059;9.430462909989374e-05
10223;小米的可以吗;8;7;15;159059;9.430462909989374e-05
10233;《日语正当视频学习》;1;3;4;159059;2.5147901093305e-05
10235;关键他的放大外放声音翻译啊;3;2;5;159059;3.143487636663125e-05
10252;纯路人下辈子一定早睡自豪不言弃你们肯定用的到;1;0;1;159059;6.28697527332625e-06
10264;白蛇伞;1;0;1;159059;6.28697527332625e-06
10267;压脉带，奇摸鸡，一库一库。不用翻译我也懂;2;0;2;159059;1.25739505466525e-05
10270;OPPOvivo小米手机三星GALAXY盖乐世我床上摆了一排手机，没有一个支持的，三星只支持英文，我要换手机;2;0;2;159059;1.25739505466525e-05
10273;真的吗，晚上试试;1;0;1;159059;6.28697527332625e-06
10288;科大讯飞？？？？;1;4;5;159059;3.143487636663125e-05
10292;哪个公司的技术？;1;0;1;159059;6.28697527332625e-06
10299;别来下我头;1;0;1;159059;6.28697527332625e-06
10301;谁都不放过啊;2;7;9;159059;5.658277745993625e-05
10304;主播说太快会不会手变成火影结印一样;1;2;3;159059;1.886092581997875e-05
10306;哪家公司的？科大讯飞的吗？;1;1;2;159059;1.25739505466525e-05
10320;我说的学习资料就真的只是学习外语的;3;19;22;159059;0.0001383134560131775
10324;又想骗我换华为的;3;2;5;159059;3.143487636663125e-05
10328;识别出来英语字幕也看不懂啊;2;4;6;159059;3.77218516399575e-05
10331;李哥好帅;1;2;3;159059;1.886092581997875e-05
10333;color也行;1;2;3;159059;1.886092581997875e-05
10335;李哥学习肯定不错;1;1;2;159059;1.25739505466525e-05
10338;你现在怎么变得这么变态了;1;0;1;159059;6.28697527332625e-06
10340;刚刚去试了，不同步，差评;1;0;1;159059;6.28697527332625e-06
10342;做理综无聊刷一下抖音;1;0;1;159059;6.28697527332625e-06
10344;带上耳机还能翻译吗;1;0;1;159059;6.28697527332625e-06
10354;方寸不乱;2;0;2;159059;1.25739505466525e-05
10362;0;1;0;1;159059;6.28697527332625e-06
10364;0;1;1;2;159059;1.25739505466525e-05
10367;白玉京;1;0;1;159059;6.28697527332625e-06
10369;小米能不能学学，多搞几个语言;2;0;2;159059;1.25739505466525e-05
10373;用过，非常拉垮日语翻译的什么啊英语还行;1;0;1;159059;6.28697527332625e-06
10375;这是锤子2019年发的功能，后来华为抄去了。现在苹果也有了。;1;0;1;159059;6.28697527332625e-06
10380;太好了，终于也祸害到国外了，不能只有中国女人吃土;8;10000;10008;159059;0.06292004853544911
10389;天不怕，地不怕，就怕佳琦OMG，估计老外也感受到了。;3;4127;4130;159059;0.025965207878837413
10394;淘宝这玩意是会上瘾的，赶紧把他整出口，祸害祸害国外的小姐姐去;4;2238;2242;159059;0.014095398562797453
10399;终于不是祸害我们了大家一起被祸害不分皮肤颜色不分人种我们是一家人我们共住地球村;1;1385;1386;159059;0.008713747728830183
10401;国外女人也要破产了，我心里平衡了;2;826;828;159059;0.005205615526314135
10417;汪星人;1;1;2;159059;1.25739505466525e-05
10426;着迷666666;1;1;2;159059;1.25739505466525e-05
10517;朋友儿子上八年级，成绩很差，问他长大想做什么，答：当网红。;1;7;8;159059;5.029580218661e-05
10521;谁能告诉我李佳琪为什么这么厉害？;2;28;30;159059;0.0001886092581997875
10527;别在给孩子们树立这样的典型了，都当网红，别干别的，演员创造艺术，网红创造什么？;2;10;12;159059;7.5443703279915e-05
10550;Yyyyn;1;0;1;159059;6.28697527332625e-06
10560;我抓到你了;1;3;4;159059;2.5147901093305e-05
10565;Tc咿呀呦;1;0;1;159059;6.28697527332625e-06
10570;迷眸;1;2;3;159059;1.886092581997875e-05
10593;是小六子呀;1;0;1;159059;6.28697527332625e-06
10607;用了一年，希望越来越好;2;1;3;159059;1.886092581997875e-05
10612;在哪里下载;1;0;1;159059;6.28697527332625e-06
10614;怎么下载;1;0;1;159059;6.28697527332625e-06
10616;怎么收费？;1;0;1;159059;6.28697527332625e-06
10618;文化不高会不会用;1;0;1;159059;6.28697527332625e-06
10620;怎么下载;1;0;1;159059;6.28697527332625e-06
10626;怎么下载？怎么收费的？;1;0;1;159059;6.28697527332625e-06
10628;哪里下载;1;0;1;159059;6.28697527332625e-06
10632;我深吸了一口气，周边的人缺氧而死;132;12000;12132;159059;0.07627358401599406
10765;诸葛亮：“你最好今天晚上左眼站岗，右眼放哨”;73;4971;5044;159059;0.031711503278657606
10839;还好我在河南北部不然说不清了;107;3276;3383;159059;0.021268837349662704
10947;《我有两个亲生母亲》;28;1770;1798;159059;0.011303981541440598
10976;《对厕所生活十分痴迷》;4;1089;1093;159059;0.006871663973745591
10981;哈哈哈，最可口的;25;839;864;159059;0.0054319466361538804
11007;两个亲生母亲，一人生一半吗;16;754;770;159059;0.004840970960461212
11024;人类AI将来会统治人类吗AI女人由氢氧化钠组成;18;543;561;159059;0.0035269931283360262
11043;当你这样试你就发现了新大陆;2;529;531;159059;0.0033383838701362386
11046;诸葛亮估计能气活过来;5;380;385;159059;0.002420485480230606
11052;来个河南的解释解释啊这样我真的很害怕;18;182;200;159059;0.00125739505466525
11071;我深吸一口气，周围的人因缺氧而死这肺活量;2;286;288;159059;0.00181064887871796
11074;我一直以为广东人吃福建人很厉害了，没想到河南人对吃人更讲究。;16;198;214;159059;0.0013454127084918176
11092;《刚出生时，我住在哈佛大学，我很贫穷》;1;138;139;159059;0.0008738895629923488
11094;Aaaaaaaaaaaaa渠LipuorJoeSTian27;1;1;2;159059;1.25739505466525e-05
11110;暗黑魅影少爷;1;0;1;159059;6.28697527332625e-06
11115;0;1;0;1;159059;6.28697527332625e-06
11117;别抛弃我wenmon绪山真寻aynerrr我要死了;2;0;2;159059;1.25739505466525e-05
11123;Zyiskshd伍五秦谁是小虞Rosymyy没穿过一条苦茶;1;1;2;159059;1.25739505466525e-05
11125;SODA。;1;0;1;159059;6.28697527332625e-06
11130;小王想我嘛landduuev一祺吃泡芙樽酒莫名丸子呀;1;0;1;159059;6.28697527332625e-06
11132;锦鲤小桐不用担心人工智能代替人类了;1;0;1;159059;6.28697527332625e-06
11137;等等我马上送乐了;1;0;1;159059;6.28697527332625e-06
11142;Helena三玖未太6;1;2;3;159059;1.886092581997875e-05
11145;再睡会;1;0;1;159059;6.28697527332625e-06
11147;TeFuir小叶睡不醒好好笑;1;0;1;159059;6.28697527332625e-06
11150;良久笑死了看后边;1;0;1;159059;6.28697527332625e-06
11152;乐死;1;1;2;159059;1.25739505466525e-05
11154;困成憨包;1;1;2;159059;1.25739505466525e-05
11158;简6;1;1;2;159059;1.25739505466525e-05
11161;吱吱吱甜酒果成为父亲后，我爱上了第四任父亲;1;1;2;159059;1.25739505466525e-05
11163;半勺小奶酪小廖同学牛啊;2;0;2;159059;1.25739505466525e-05
11166;橙白榆哈哈哈哈哈哈哈哈哈哈哈哈哈;2;0;2;159059;1.25739505466525e-05
11169;尹尹;1;0;1;159059;6.28697527332625e-06
11177;胖胖的zzAAA专业建材批发张总小徐有点难过喵桑Serendipity牛逼;2;0;2;159059;1.25739505466525e-05
11180;日出又日落哈哈哈哈哈哈;1;0;1;159059;6.28697527332625e-06
11182;YYYYYYIN9暴躁昭帅漂亮多金的成功女人小罗平安是福财运滚滚父母健康有钱有闲的美女我叫阿肥YYYYL很离谱;1;0;1;159059;6.28697527332625e-06
11185;EXAID;1;0;1;159059;6.28697527332625e-06
11188;九天狐笑死我;1;1;2;159059;1.25739505466525e-05
11191;山有沐浠我要笑死;1;0;1;159059;6.28697527332625e-06
11193;锦锂小公主我们河南这么离谱我怎么不知道;1;2;3;159059;1.886092581997875e-05
11195;西柠Sandm野肆武绘星者沈娇娇（齐司礼笨鸟版）Dawn;2;0;2;159059;1.25739505466525e-05
11203;瘦橙子小XXXynau迷你世界膏胎冥学长羡夕阿麦子黎辛挽条鱼炸了sdfj逐渐离谱;1;1;2;159059;1.25739505466525e-05
11206;请叫我碗盆妈咪赶进度ing《我住在哈佛大学》《我很贫穷》;1;0;1;159059;6.28697527332625e-06
11213;今天有煎蛋吗笑死我了笑死我了笑死我了;1;0;1;159059;6.28697527332625e-06
11217;也太幸运了吧兰纳坤你是猪儿虫派朝伟盐渍油梨如懿粉头子离谱哈哈哈哈;1;1;2;159059;1.25739505466525e-05
11227;黄甫采梦杨咩咩笑死我了哈哈哈哈哈哈哈哈哈哈;1;0;1;159059;6.28697527332625e-06
11230;xhh;1;0;1;159059;6.28697527332625e-06
11232;Horizon月川岛？？？？？？？？？？？？？;1;1;2;159059;1.25739505466525e-05
11235;不似那年春智障;1;0;1;159059;6.28697527332625e-06
11238;1128;1;0;1;159059;6.28697527332625e-06
11240;无奈的大怨种;1;0;1;159059;6.28697527332625e-06
11242;（）清栀zhi呵黑脸君XH我喝咖啡喝s了公主吃不饱笑死我了，哈哈哈哈哈哈哈哈哈嗝屁;1;2;3;159059;1.886092581997875e-05
11245;cuoo笑疯了;1;0;1;159059;6.28697527332625e-06
11249;困LONge笑死;1;0;1;159059;6.28697527332625e-06
11256;qiu答应我，看完;2;0;2;159059;1.25739505466525e-05
11259;promisekakd王守zforiy不行了科学家：人工智能会取代人类人工智能：猴子们在垃圾场购买硬盘;1;3;4;159059;2.5147901093305e-05
11262;我笑不活了好烦哦;2;0;2;159059;1.25739505466525e-05
11269;安徒生香菜卡牙里了fafa呆呆小易M哈哈哈哈哈哈哈哈哈哈哈哈哈哈哈哈哈哈哈哈哈哈哈;1;0;1;159059;6.28697527332625e-06
11274;板栗。哈哈哈哈哈哈哈;2;0;2;159059;1.25739505466525e-05
11283;“W”先生;1;0;1;159059;6.28697527332625e-06
11285;不许人间见白头;1;0;1;159059;6.28697527332625e-06
11287;笑死我了，互相品尝;8;85;93;159059;0.0005846887004193412
11297;埃你孤身走暗巷;1;0;1;159059;6.28697527332625e-06
11300;雫哈哈哈给你肚子笑痛回起来;1;1;2;159059;1.25739505466525e-05
11309;呆木哈哈哈看这个;1;0;1;159059;6.28697527332625e-06
11311;昵称一个酷少女墨兮每天都困fufu（私信被封版）睡眠Eternity啊吧Ww玥;3;5;8;159059;5.029580218661e-05
11315;有为青年儿这这个笑死我了;1;0;1;159059;6.28697527332625e-06
11317;咸氧6;2;1;3;159059;1.886092581997875e-05
11320;《我深吸了一口气，周围的人因缺氧而死》;5;83;88;159059;0.00055325382405271
11328;璞復雅玩;1;0;1;159059;6.28697527332625e-06
11331;luvsicc凯子q的AAA汽修专业小云ANDYOUO乐死我了啊;1;3;4;159059;2.5147901093305e-05
11333;51hJUSTIN哈哈哈哈哈哈哈哈嗝;1;1;2;159059;1.25739505466525e-05
11335;哈哈哈哈哈哈哈哈哈哈哈哈哈哈哈哈哈哈哈哈哈哈;1;0;1;159059;6.28697527332625e-06
11337;Cherry哈哈哈哈哈这什么东西;1;0;1;159059;6.28697527332625e-06
11339;施;2;0;2;159059;1.25739505466525e-05
11343;一只山鬼ovo马上睡着了又给我笑醒了;1;0;1;159059;6.28697527332625e-06
11349;xiao柒;1;0;1;159059;6.28697527332625e-06
11351;梦yan不想吃香菜le笑死我了;4;0;4;159059;2.5147901093305e-05
11360;7TaO今麦郎老板拉屎不带纸青丝儿吼声？？;1;0;1;159059;6.28697527332625e-06
11365;柠桔初开哈哈哈哈哈哈哈哈哈哈哈哈哈哈哈哈哈哈;1;1;2;159059;1.25739505466525e-05
11367;Csyyy这都啥啊;1;0;1;159059;6.28697527332625e-06
11371;妙妙妙妙妙屋w哈哈哈哈哈哈哈哈;1;0;1;159059;6.28697527332625e-06
11374;猪泥耶笑死我了哈哈还哈啊哈哈啊哈还哈;1;0;1;159059;6.28697527332625e-06
11376;ZchenI揩笑死我了;1;2;3;159059;1.886092581997875e-05
11380;无敌炫酷森vvi藏我受不了了;2;1;3;159059;1.886092581997875e-05
11385;小乖yko桑延Jenojam陳斯文败类鼠尾草你跳辣舞那么美滨滨滨滨滨高冷男plusPromax受不了了;3;5;8;159059;5.029580218661e-05
11389;简隋英的皮鞋唧唧面魏承泽笑死我了;2;0;2;159059;1.25739505466525e-05
11392;綮救命我要被笑死了;1;0;1;159059;6.28697527332625e-06
11396;椒盐虾哈哈哈哈哈哈哈哈;1;0;1;159059;6.28697527332625e-06
11398;华籍美人笑得我到处拉屎哈哈哈哈哈哈哈哈哈哈哈哈;1;0;1;159059;6.28697527332625e-06
11403;摘不回丶优酱酱酱笑死了;1;1;2;159059;1.25739505466525e-05
11405;看到我请让我学习你看这个开头，那人吃凉拌自己的舌头;1;4;5;159059;3.143487636663125e-05
11408;Augenstern哈哈哈哈哈哈;1;0;1;159059;6.28697527332625e-06
11410;鲸落落落救命哈哈哈哈哈哈哈哈哈哈哈哈救命;1;0;1;159059;6.28697527332625e-06
11412;是小九呐;1;0;1;159059;6.28697527332625e-06
11420;柑橘调小悔太空喜之郎哈哈哈哈哈哈哈哈哈哈哈哈哈哈哈哈哈哈哈哈哈哈哈哈哈哈哈哈哈哈哈哈哈;1;0;1;159059;6.28697527332625e-06
11422;比奇堡恶霸想飞的固拉多爱戳瞎子的眼查有此人黑色静态AAA山东建材批发刘哥realJupiter喝不喝崂山白花蛇草水我快笑死了;1;0;1;159059;6.28697527332625e-06
11424;白菜蛋子还不如让我来;1;0;1;159059;6.28697527332625e-06
11427;回来再说翊言x思水哈哈哈哈哈哈哈哈哈哈哈哈我笑死了;3;3;6;159059;3.77218516399575e-05
11433;歖好恐怖的谷歌翻译;1;0;1;159059;6.28697527332625e-06
11435;镜湖月（网课版）;1;0;1;159059;6.28697527332625e-06
11441;祖母：你最好有事;1;25;26;159059;0.0001634613571064825
11444;biarrr哈哈哈哈哈哈哈哈哈哈哈;1;0;1;159059;6.28697527332625e-06
11447;小魚笑死我了，看完;1;0;1;159059;6.28697527332625e-06
11451;愤怒的老中街冰棍;1;0;1;159059;6.28697527332625e-06
11454;我有两个亲生母亲，我的祖母对厕所生活十分痴迷;2;8;10;159059;6.28697527332625e-05
11457;河南南部不澄清我可就要造谣了;1;5;6;159059;3.77218516399575e-05
11461;专家：未来人类会被AI统治AI：我的祖母对厕所生活十分痴迷;1;5;6;159059;3.77218516399575e-05
11463;还得是河南兄弟会吃啊;2;11;13;159059;8.173067855324126e-05
11478;在我们河南确实是这样子的;5;28;33;159059;0.00020747018401976624
11485;安以曦白狐子小赵睡不醒林就影林北不卖四文鱼睡眼惺忪（红红火火）成天想暴富蒋柏松环佩鸣月笑死;2;6;8;159059;5.029580218661e-05
11488;这个评论区河南的老表很活跃啊，啥事这么开心;1;9;10;159059;6.28697527332625e-05
11491;这个出师表;3;62;65;159059;0.00040865339276620626
11496;冬日论超级无敌宇宙第一暴龙战士低调哥;1;1;2;159059;1.25739505466525e-05
11498;冷静的鸭比;1;1;2;159059;1.25739505466525e-05
11501;perpetual;1;0;1;159059;6.28697527332625e-06
11517;今天你开心;1;0;1;159059;6.28697527332625e-06
11523;AAA作业批发商老李（有点想似版）江祀家主大人的狗SYDc330早點睡《》;1;3;4;159059;2.5147901093305e-05
11526;思古一;1;0;1;159059;6.28697527332625e-06
11528;Comquat一米八的婷馄饨;1;0;1;159059;6.28697527332625e-06
11538;1031YikL果味奶酪Ling;1;3;4;159059;2.5147901093305e-05
11543;罗志志志强凬七实子夏知许其琛;1;1;2;159059;1.25739505466525e-05
11545;梓;1;0;1;159059;6.28697527332625e-06
11548;靼靼HZ小王同学诩你创艺山与coLLbarbone;1;0;1;159059;6.28697527332625e-06
11551;Lyn小棚友;1;0;1;159059;6.28697527332625e-06
11556;又失眠了吗;1;0;1;159059;6.28697527332625e-06
11562;琉暮清影松奈希子（一斗老婆版）;1;0;1;159059;6.28697527332625e-06
11567;KeyXKaitoukido;1;0;1;159059;6.28697527332625e-06
11573;这就去;1;0;1;159059;6.28697527332625e-06
11576;綺礼MidKing;1;1;2;159059;1.25739505466525e-05
11580;承野昧bia唧一下的芋圆，，，;3;1;4;159059;2.5147901093305e-05
11585;FANDINYT;1;0;1;159059;6.28697527332625e-06
11587;檸檬非女勿扰Moonquakes;1;1;2;159059;1.25739505466525e-05
11590;如初JJRL潇潇curry;1;0;1;159059;6.28697527332625e-06
11592;老街;1;0;1;159059;6.28697527332625e-06
11598;小瑄没假期都会好的黑黑是傻黑;3;2;5;159059;3.143487636663125e-05
11603;纯情188体育生;1;0;1;159059;6.28697527332625e-06
11605;30thMonday大笨熊的春天。梗偶;2;0;2;159059;1.25739505466525e-05
11610;hlyd;1;0;1;159059;6.28697527332625e-06
11613;吃鱼;1;0;1;159059;6.28697527332625e-06
11624;屿浪妍某人;1;1;2;159059;1.25739505466525e-05
11633;锅巴ovo;1;0;1;159059;6.28697527332625e-06
11635;余;1;1;2;159059;1.25739505466525e-05
11638;我的奥特曼找不到了四百手女士;1;2;3;159059;1.886092581997875e-05
11641;玛卡巴卡想回家imyiyiimazhangimlizhiGreeny映许许许鹿imriqingnono在在sssb不爱吃早饭真6我对牛奶过敏安年中国加油我在十点差三分的时候开始想你无敌暴龙战神米尤Stephanie玛卡巴卡幕布斜视那雨就别停了;7;0;7;159059;4.400882691328375e-05
11652;小babyy个达不6啦啦啦Cgetier坠河11MYJA舞动De灵魂JIN;3;3;6;159059;3.77218516399575e-05
11656;哈利波特的狗不是王也浩干饭5分钟;3;0;3;159059;1.886092581997875e-05
11668;权hoshi是kiyo小鼠伊萨;1;0;1;159059;6.28697527332625e-06
11672;miss有树枝的小黑豪哥最帅7249411004白草君（为金毛Siri发声）子徽;1;1;2;159059;1.25739505466525e-05
11676;blackpink永远的神悲伤螺蛳粉;1;1;2;159059;1.25739505466525e-05
11679;芸柒;1;0;1;159059;6.28697527332625e-06
11681;YMjiak7HuaiiiianYilm;1;2;3;159059;1.886092581997875e-05
11687;失眠师Biscuits秋时相识锦释怀DejaVu;1;1;2;159059;1.25739505466525e-05
11693;lyr;1;0;1;159059;6.28697527332625e-06
11695;stephenc;1;0;1;159059;6.28697527332625e-06
11697;天凉好个秋;1;0;1;159059;6.28697527332625e-06
11699;今夕是何夕;1;0;1;159059;6.28697527332625e-06
11702;寻一处你姐的阿呆;1;1;2;159059;1.25739505466525e-05
11704;cal用户3480157834549;1;0;1;159059;6.28697527332625e-06
11707;Lyn;1;0;1;159059;6.28697527332625e-06
11716;夏鸣星快亲亲我（李泽言最爱的宝贝版X玖时代少年团萧逸BE已重置分别的漆黑夜非著名制作人婉拒陆景和多次的女人ZeyanCharlie;3;1;4;159059;2.5147901093305e-05
11721;不要熬夜keAlida;2;0;2;159059;1.25739505466525e-05
11729;花落吉吉撩熊二hui;1;0;1;159059;6.28697527332625e-06
11731;七百;1;0;1;159059;6.28697527332625e-06
11735;1z南;1;0;1;159059;6.28697527332625e-06
11738;以羡为光;1;0;1;159059;6.28697527332625e-06
11740;JXR是言川呀想吃宇的一天哦lawwc;2;0;2;159059;1.25739505466525e-05
11743;梅川苦茶子;1;0;1;159059;6.28697527332625e-06
11747;友利奈緒橘红威士忌。爱吃卤脖脖空梦;6;2;8;159059;5.029580218661e-05
11755;future芝士pp;2;0;2;159059;1.25739505466525e-05
11767;不吃香菜了锅包肉不甜Star妮喋;1;1;2;159059;1.25739505466525e-05
11769;亓酒（花心乙游人版RoseanneParkSidana蔡;2;1;3;159059;1.886092581997875e-05
11774;落俗;1;2;3;159059;1.886092581997875e-05
11778;haku;1;0;1;159059;6.28697527332625e-06
11787;吃葡萄不吐香蕉皮古她妈黑暗之神瘦了？;1;0;1;159059;6.28697527332625e-06
11792;琳莹;1;0;1;159059;6.28697527332625e-06
11796;道渡肖大大;2;0;2;159059;1.25739505466525e-05
11799;我不冷女子小丑祭司;2;0;2;159059;1.25739505466525e-05
11802;灯泡;1;0;1;159059;6.28697527332625e-06
11804;小猫恋爱诗;1;0;1;159059;6.28697527332625e-06
11813;真言回旋闪光醒醒;1;0;1;159059;6.28697527332625e-06
11820;蔓留日常小迷糊德布罗意好xiang睡觉我要爆炸啦啦啦1900时欢易心易意;1;2;3;159059;1.886092581997875e-05
11824;rooStars隐隐约约与本妮妮喜欢奶茶;2;2;4;159059;2.5147901093305e-05
11827;单粟湘Bananachief岞春橪陆竹子欲雪扒鸭要涩涩D501鹿角巷唐曼曼曼曼曼;1;2;3;159059;1.886092581997875e-05
11829;RobertLewandowski汉堡不要酱;1;2;3;159059;1.886092581997875e-05
11833;小馋包;2;2;4;159059;2.5147901093305e-05
11843;我的招牌笑容君莫言。心想是晨;1;2;3;159059;1.886092581997875e-05
11846;热心市民江奕奕皓不行了真的要死了是海;3;2;5;159059;3.143487636663125e-05
11852;格瑞属鸽子Pluto可我不是付雪梨情話木木夕呀哈哈哈哈哈哈哈哈;5;2;7;159059;4.400882691328375e-05
11859;叽里咕噜爱因斯坦牛我是梦宸una小罗早睡早起燕子穿皮衣NTJJ小王同学aa;1;2;3;159059;1.886092581997875e-05
11863;喜欢吃蛋糕卷枝芽Fiver滚进白起怀里繁星不及你ECHOKrimaYforikLYZ;5;2;7;159059;4.400882691328375e-05
11869;beluga宸敛快乐小仔阿北索隆夫人Eachhy齐总监的笨鸟高冷男神弛少wzzzzz笑啦;2;2;4;159059;2.5147901093305e-05
11872;月亮不睡七月檐言的猫火影忍者永带妹前五百粉回关;3;2;5;159059;3.143487636663125e-05
11876;祁;1;2;3;159059;1.886092581997875e-05
11879;漩涡鸣人;1;2;3;159059;1.886092581997875e-05
11881;日羲SG木南赵公子差点长成帅哥;1;2;3;159059;1.886092581997875e-05
11883;小小迈特去哪了hello7青青草原我最骚Serendipity;2;2;4;159059;2.5147901093305e-05
11887;数据线Jia次次烤五花出门不穿苦茶子笑窜了睡;2;2;4;159059;2.5147901093305e-05
11891;蓝桉，koi看完;2;2;4;159059;2.5147901093305e-05
11894;小韩不会信惹冲击八十星看完;2;2;4;159059;2.5147901093305e-05
11899;抑鬱錢7love张起灵金刀大菜牙Ru泽反方向的钟恋日银河;1;2;3;159059;1.886092581997875e-05
11907;xzh祎May28东北乐迪Savior简哥的苦茶子siu啪爱玩游戏的小肖杨婉妍蒽妤困困雪练习2年半睡觉一只emo羊笑亖我了;2;1;3;159059;1.886092581997875e-05
11910;I2deiny;1;1;2;159059;1.25739505466525e-05
11914;知南暖虽然早就听过谷歌翻译特牛，但是这个翻译我还是没有想到。有点同情那个俄罗斯小哥了;1;1;2;159059;1.25739505466525e-05
11916;aV7不会运球的欧文;1;1;2;159059;1.25739505466525e-05
11918;WzoexJan12牛逼笑死我了你们看到哈哈哈哈哈哈哈哈哈哈哈哈哈哈哈哈哈哈哈哈哈好;2;1;3;159059;1.886092581997875e-05
11921;超级无敌宇宙霹雳摆烂大王且666不行了太他妈好笑了;1;1;2;159059;1.25739505466525e-05
11923;桉米米世界天祥院英智我要笑死了;2;1;3;159059;1.886092581997875e-05
11926;核核儿救命哈哈哈哈哈哈哈哈哈哈哈哈哈哈哈哈哈;1;1;2;159059;1.25739505466525e-05
11929;SoexAug27绾青丝做人就要瑞思拜你能不收谷子了不XWBXWB;1;1;2;159059;1.25739505466525e-05
11932;嗦一口螺狮粉成神我开不了口擱淺怪兽妈的哈哈哈哈哈哈哈哈哈哈哈;1;1;2;159059;1.25739505466525e-05
11939;周周有钱花;1;1;2;159059;1.25739505466525e-05
11949;博A带个门普信pMneskin6;1;1;2;159059;1.25739505466525e-05
11951;Pieces6;1;1;2;159059;1.25739505466525e-05
11954;羽;1;1;2;159059;1.25739505466525e-05
11959;深夜伤感灭霸;1;1;2;159059;1.25739505466525e-05
11966;组团偷乙游男主苦茶（1001）把妤写进诗尾CleoH;1;1;2;159059;1.25739505466525e-05
11969;诸星桜玉何笑死我了;1;1;2;159059;1.25739505466525e-05
11972;平平无奇小石同学哈哈哈哈哈;1;1;2;159059;1.25739505466525e-05
11974;（呆）;1;1;2;159059;1.25739505466525e-05
11978;巽河南;1;1;2;159059;1.25739505466525e-05
11981;Palpitate20岁温柔后妈啊信成功人士hello77一身懵逼正气kkPAON笑死我了;1;1;2;159059;1.25739505466525e-05
11988;噗噗温酒煮茶芷芷Suriel;1;1;2;159059;1.25739505466525e-05
11991;木子快看笑死我了;1;1;2;159059;1.25739505466525e-05
11997;神秘人丢了一堆拨片;1;1;2;159059;1.25739505466525e-05
11999;我服了啊;1;1;2;159059;1.25739505466525e-05
12003;hoewFeb06猫猫虫qwq偉多GaCallduck樱桃小狗子笑死了;1;1;2;159059;1.25739505466525e-05
12005;和哈哈哈;1;1;2;159059;1.25739505466525e-05
12010;lryfsr宇宙无敌超级善良极正义的黄金霹雳霸王龙朱棍棍池祎哈哈哈哈哈哈;1;1;2;159059;1.25739505466525e-05
12013;陳崋婳yu笑死我了;1;1;2;159059;1.25739505466525e-05
12015;20190020377笑拉了他丫的;2;1;3;159059;1.886092581997875e-05
12020;卿九螺旋丸子海南萧亚轩大大东东lzH11点就去睡觉拉孚颂佰纪CVC蛇皮鸭乐死了;2;1;3;159059;1.886092581997875e-05
12023;小棒球芝士雪豹啊啊Tomotachi囍宝直不直ZHANGMUTrive害怕;1;1;2;159059;1.25739505466525e-05
12025;7913哈哈哈哈哈哈哈诸葛亮快气活了哈哈哈哈哈哈哈;1;1;2;159059;1.25739505466525e-05
12029;雲汐;3;1;4;159059;2.5147901093305e-05
12033;傅融菀菀类卿294昧光豪茜酱6;2;1;3;159059;1.886092581997875e-05
12036;0701哈哈哈哈哈哈哈哈哈哈哈哈哈哈哈;1;1;2;159059;1.25739505466525e-05
12038;不爱吃蟹黄堡我不要再吃当归啦子阳;1;1;2;159059;1.25739505466525e-05
12041;海岸;1;1;2;159059;1.25739505466525e-05
12043;补越越;1;1;2;159059;1.25739505466525e-05
12046;一叶叶叶子;1;1;2;159059;1.25739505466525e-05
12050;zzzZZZ笑死了;1;1;2;159059;1.25739505466525e-05
12057;欣欣;1;1;2;159059;1.25739505466525e-05
12061;莫音w哈哈哈哈哈哈哈哈哈哈哈哈;2;1;3;159059;1.886092581997875e-05
12066;栗子味方糕嗣飞飞鱼love燕霁ou阿祈周沫（昭裴丸）少女罗思源小鬼追上来吧小狗线团;2;1;3;159059;1.886092581997875e-05
12070;歆酒v冰冰西瓜XIE;2;1;3;159059;1.886092581997875e-05
12073;熊熊爱睡觉屁屁好困在mRNA上移动的核糖体;1;1;2;159059;1.25739505466525e-05
12075;鲨鱼辣椒，斑马chatdbq哈哈哈哈哈哈;2;1;3;159059;1.886092581997875e-05
12084;对不起笑死了。。。。。。ZzZ;2;1;3;159059;1.886092581997875e-05
12098;九鸟子？？;1;1;2;159059;1.25739505466525e-05
12100;关你西红柿信仰万丈光芒天降正义jennierubyjane17林杨海鸟跟鱼相爱22岁离异带俩娃？;2;1;3;159059;1.886092581997875e-05
12104;九柠M日落之前请告诉我齊7周星星的生米籽籽该睡了;1;1;2;159059;1.25739505466525e-05
12107;厄里斯小陈好哇塞feio3o;2;1;3;159059;1.886092581997875e-05
12110;7个零钱包典雅的栗子kkl朴25笑死了我哈哈哈哈哈哈哈;2;1;3;159059;1.886092581997875e-05
12114;吾日三省吾身;2;1;3;159059;1.886092581997875e-05
12117;郑取不到名字我特么快笑死了;1;1;2;159059;1.25739505466525e-05
12121;如果奇迹会发声;1;1;2;159059;1.25739505466525e-05
12124;清欢;1;1;2;159059;1.25739505466525e-05
12129;有点智能。但;1;1;2;159059;1.25739505466525e-05
12138;117C是玥不是悦玖拾柒;1;1;2;159059;1.25739505466525e-05
12147;来自猩猩的你yang;1;1;2;159059;1.25739505466525e-05
12149;派大星海洋裤里的P;1;1;2;159059;1.25739505466525e-05
12151;刘小哞哈哈哈;1;1;2;159059;1.25739505466525e-05
12153;纹;1;1;2;159059;1.25739505466525e-05
12156;Nai奶黄包小林老铁AAA我不行了笑死我了;2;1;3;159059;1.886092581997875e-05
12163;閖亟S;1;1;2;159059;1.25739505466525e-05
12165;踏月哈哈哈哈哈哈哈哈哈哈哈哈哈哈哈哈哈哈哈哈哈哈哈哈哈哈哈哈哈哈哈哈哈哈哈哈哈哈哈哈哈哈哈哈哈;1;1;2;159059;1.25739505466525e-05
12170;lyx笨蛋;1;1;2;159059;1.25739505466525e-05
12173;Nian12哈哈哈哈哈哈哈哈哈哈;1;1;2;159059;1.25739505466525e-05
12181;废物ddImsrytobotheruCaptain阿尔法哇哇唧唧141988又土kanekikeLforikM风车车啵贤儿呀;1;1;2;159059;1.25739505466525e-05
12183;看见月亮了阿童豆er？？未陌刻师傅牛皮;1;1;2;159059;1.25739505466525e-05
12185;芜湖小飞机小楠同学什么卿啊;1;1;2;159059;1.25739505466525e-05
12190;狸花哈哈哈笑死我了这翻译;1;1;2;159059;1.25739505466525e-05
12197;戚柒染苒暄柒6哈哈哈哈哈哈;1;1;2;159059;1.25739505466525e-05
12203;长亭晚寒蝉凄;1;1;2;159059;1.25739505466525e-05
12210;FOUR天天爱睡觉星洲F书宇便利;2;1;3;159059;1.886092581997875e-05
12220;Koyo;1;1;2;159059;1.25739505466525e-05
12222;吖比冲鸭阿蒙哦吼小闪电十方月照約束carrlove;2;1;3;159059;1.886092581997875e-05
12225;整天傻不拉几巴拉巴拉的小熊哒咩凉茶不凉习习生5527;1;1;2;159059;1.25739505466525e-05
12229;镁;1;1;2;159059;1.25739505466525e-05
12232;我叫北柠（私信可用了）情诗写给魏婴垚怡;1;1;2;159059;1.25739505466525e-05
12242;loveZ笑死我了;1;1;2;159059;1.25739505466525e-05
12244;丁某某;1;1;2;159059;1.25739505466525e-05
12246;1216;1;1;2;159059;1.25739505466525e-05
12248;杏仁豆腐栀君识乐意李？？？？？;1;1;2;159059;1.25739505466525e-05
12251;李华哈哈哈哈哈哈哈哈;2;1;3;159059;1.886092581997875e-05
12254;Nnnnnn脑袋困掉啦耿耿余淮随心随缘;1;1;2;159059;1.25739505466525e-05
12262;小茜想腿长一点女汗子（私信被封版）十八和十九金金不计较了;2;1;3;159059;1.886092581997875e-05
12273;没什么好名字了梅由兰子;1;1;2;159059;1.25739505466525e-05
12278;我名字再长也有猪会读完;1;1;2;159059;1.25739505466525e-05
12281;Neptuneee星辰踏月归渊宇我tm公共课直接笑出来前面的同学都转过来看我;1;1;2;159059;1.25739505466525e-05
12284;笑没了哈哈哈哈哈哈哈哈哈哈哈哈哈哈哈哈哈哈哈哈哈哈哈哈哈哈哈哈哈哈哈哈哈哈哈哈哈哈哈哈;1;1;2;159059;1.25739505466525e-05
12289;倩伤僮妡6;1;1;2;159059;1.25739505466525e-05
12291;星极;1;1;2;159059;1.25739505466525e-05
12298;在曼谷的春小小小蓝美丽安校;1;1;2;159059;1.25739505466525e-05
12302;落;1;1;2;159059;1.25739505466525e-05
12306;十五公主夏目笑了;1;1;2;159059;1.25739505466525e-05
12308;JIAWANGLONG;1;1;2;159059;1.25739505466525e-05
12314;文真的不菜xxxxFdqy作家和笔恣睢湘笨蛋江祁xngxn兰竹;1;1;2;159059;1.25739505466525e-05
12316;YXY。碎碎念云中客所谓亭瞳ls;1;1;2;159059;1.25739505466525e-05
12324;叶笙绍;1;1;2;159059;1.25739505466525e-05
12327;霁月光风普洱玫瑰焦糖茶）暗恋版一觉睡到4点半（犯困版一起笑;2;1;3;159059;1.886092581997875e-05
12330;寒山常带斜阳色爆笑了哈哈;1;1;2;159059;1.25739505466525e-05
12340;06;1;1;2;159059;1.25739505466525e-05
12342;芜湖辛木。希踪物表云何;1;1;2;159059;1.25739505466525e-05
12344;不是非是菲ther笙WenxuanAbracadabra枫却很浪漫笑死了;2;1;3;159059;1.886092581997875e-05
12347;大雾鲲桑狠库北野荔枝荷包蛋呜啊啊啊忻價U哈哈胡韦将军哇趣笑死我;2;1;3;159059;1.886092581997875e-05
12351;我俩和猫我的妈，出师表这个太吓人了;1;1;2;159059;1.25739505466525e-05
12358;空白;1;1;2;159059;1.25739505466525e-05
12361;Billsa我是小土豆我每天都碌碌无为悲伤小鱼干八点半跑吗Violet笑吐了;1;1;2;159059;1.25739505466525e-05
12365;x十二人间无理想;2;1;3;159059;1.886092581997875e-05
12373;zz鲨鱼海椒;1;1;2;159059;1.25739505466525e-05
12376;不响烷辣;1;1;2;159059;1.25739505466525e-05
12381;小谨而信风吹于脸颊东曦既驾赵雨寒ywy早点睡BF夕颜若梦哈哈哈哈ILYCTIGA让我品尝胸部，看看实力;2;1;3;159059;1.886092581997875e-05
12384;选择我拥抱;2;1;3;159059;1.886092581997875e-05
12387;奶喵了个咪包包大人栗6近7;3;1;4;159059;2.5147901093305e-05
12394;州厌刺;1;1;2;159059;1.25739505466525e-05
12401;钰;1;1;2;159059;1.25739505466525e-05
12416;MZ（马嘉祺什么时候solo）KikiFavorite;1;1;2;159059;1.25739505466525e-05
12419;来帮我关灯小暑;1;1;2;159059;1.25739505466525e-05
12422;Imcool笑不活了;1;1;2;159059;1.25739505466525e-05
12428;A78S1897胆小鬼也会有love嘛哈哈哈哈哈哈哈哈哈哈哈哈;2;1;3;159059;1.886092581997875e-05
12432;一只阿元吖哈哈哈哈哈哈哈哈;1;1;2;159059;1.25739505466525e-05
12438;十几岁的情歌哈哈哈哈哈哈哈;1;1;2;159059;1.25739505466525e-05
12443;0;1;1;2;159059;1.25739505466525e-05
12445;赵默笙;2;1;3;159059;1.886092581997875e-05
12451;吾生;1;1;2;159059;1.25739505466525e-05
12453;竢哈哈哈哈哈哈哈哈;1;1;2;159059;1.25739505466525e-05
12455;沐阳yooo万物更新繁华富贵李小鸭兔兔鸭ar17ljin;1;1;2;159059;1.25739505466525e-05
12457;脑瓜子嘎嘎好国国王早睡早起倍儿棒啊呀咿嗦嗦;1;1;2;159059;1.25739505466525e-05
12463;咻30涵;1;1;2;159059;1.25739505466525e-05
12465;赏欣玥目芸豆卷PP超级现充版瞌睡魚無哈哈哈哈哈哈哈哈;1;1;2;159059;1.25739505466525e-05
12467;哈哈哈哈哈哈哈哈哈哈哈哈哈哈哈哈哈哈哈哈哈哈哈;1;1;2;159059;1.25739505466525e-05
12471;肚子叫笑死了;1;1;2;159059;1.25739505466525e-05
12474;萝了个卜甜甜的菠菜再喝一升水489铛铛（纯爱战神版）枸杞泡茶一支从来没有响过的鱼鹤洲给楼下的小黄买狗粮叽里咕噜噜;2;1;3;159059;1.886092581997875e-05
12479;比狗困;1;1;2;159059;1.25739505466525e-05
12482;小哲尹儿槿椿有病吧哈哈哈哈哈哈哈哈哈哈哈哈哈;1;1;2;159059;1.25739505466525e-05
12488;噗噗琪（减肥版）;1;1;2;159059;1.25739505466525e-05
12491;小渔关关秋辞;2;1;3;159059;1.886092581997875e-05
12495;一号船长哈哈哈哈哈哈哈;1;1;2;159059;1.25739505466525e-05
12498;加十二勺奶粉北巷安提瓜和巴布达老乌倾一个真正的man，要看他的心，而不是他的结月云小漠痛经的时候刷到这个视频有多痛你们知道吗;1;1;2;159059;1.25739505466525e-05
12500;7Fthb;1;1;2;159059;1.25739505466525e-05
12505;帕罗子阿薇笑拉了;2;1;3;159059;1.886092581997875e-05
12508;蒜蓉小白;2;1;3;159059;1.886092581997875e-05
12511;Dunk不是很能飞;3;1;4;159059;2.5147901093305e-05
12515;盈盈许了什么愿杭州下小雨GloryLi;1;1;2;159059;1.25739505466525e-05
12517;？？？starshine让你久等了少吃一口不太聪明的鱼Passerby等到你了Jhhhhhhh犯困嫌疑人哈哈哈哈哈哈哈哈哈哈哈哈哈哈哈哈哈哈哈哈哈哈哈哈哈哈哈哈哈哈哈哈哈哈哈哈哈哈哈哈哈哈哈哈哈哈哈哈哈哈哈哈哈哈哈哈哈哈哈哈哈哈哈哈哈哈哈哈哈哈哈哈哈哈哈;1;1;2;159059;1.25739505466525e-05
12520;玘姊哈哈哈哈哈哈哈哈哈哈哈哈哈哈哈哈哈哈哈哈哈哈哈哈哈哈哈哈哈哈哈;1;1;2;159059;1.25739505466525e-05
12524;love唯文主义者小碎步;1;1;2;159059;1.25739505466525e-05
12528;R”6;1;1;2;159059;1.25739505466525e-05
12532;L;1;1;2;159059;1.25739505466525e-05
12537;陈平安安逸侯菇米稀烂尾山山月记CR9;2;1;3;159059;1.886092581997875e-05
12540;今天有开心了吗瓦爱以凹凉介欠我三百偷熊计划Unhsiew;1;1;2;159059;1.25739505466525e-05
12545;不愿透露姓名的浔某130早八杀我Jeperdre祁祎浅予阿巴阿巴人间富贵花牛头人杀手白白白隼阿里嘎多;1;1;2;159059;1.25739505466525e-05
12547;在夜里看海ABCDEFG添救命;1;1;2;159059;1.25739505466525e-05
12557;Librids;1;1;2;159059;1.25739505466525e-05
12560;IGot7;1;1;2;159059;1.25739505466525e-05
12563;欣;2;1;3;159059;1.886092581997875e-05
12566;最可口哈哈哈哈哈哈哈哈哈哈哈哈哈哈哈哈哈哈哈哈哈哈哈哈哈哈哈哈;1;1;2;159059;1.25739505466525e-05
12572;抓猫的鱼yyy;1;1;2;159059;1.25739505466525e-05
12582;人间观察员;1;1;2;159059;1.25739505466525e-05
12584;飞了也亮了味小遇淮南阳里救命;1;1;2;159059;1.25739505466525e-05
12591;网友小K谢某是什么东西啊AguGuzxxxxz柏舟;1;1;2;159059;1.25739505466525e-05
12593;古月莫得感情愚蠢的狐狸李安奕笑死;1;1;2;159059;1.25739505466525e-05
12597;爱俏;1;1;2;159059;1.25739505466525e-05
12601;关你胡萝卜鲜肉饺子张鱼哥的的猜不中小唯玩的很bt;1;1;2;159059;1.25739505466525e-05
12604;二刺螈;1;1;2;159059;1.25739505466525e-05
12607;我在想PEACH;1;1;2;159059;1.25739505466525e-05
12610;苦练勾摆Z种花魂人机憨憨sniper国服老六Virtuoso;1;1;2;159059;1.25739505466525e-05
12613;18岁冷酷小姨;1;1;2;159059;1.25739505466525e-05
12615;wappy小宇老鼠家二叔不爱刮胡子的陈同学浩不再我特么不行了草笑死我了;3;1;4;159059;2.5147901093305e-05
12626;广芭第一舔狗蛮大方呀。3XL99不想再改名阿许笑死我了;2;1;3;159059;1.886092581997875e-05
12629;迢野;1;1;2;159059;1.25739505466525e-05
12632;卡子阿蕊同学美杰笑死我了;1;1;2;159059;1.25739505466525e-05
12635;Zhen2Mu;1;1;2;159059;1.25739505466525e-05
12641;斯甘露寺的扫地尼姑哈哈哈哈哈哈哈哈;1;1;2;159059;1.25739505466525e-05
12643;2333帕恰狗普绪克Kiiikyoooo我要笑死了多少有点离谱;2;1;3;159059;1.886092581997875e-05
12654;LAJoryea02是我的翔纲;1;1;2;159059;1.25739505466525e-05
12657;小琳咯OvO哈哈哈哈哈哈哈哈哈哈哈哈哈哈哈;1;1;2;159059;1.25739505466525e-05
12662;使徒;1;1;2;159059;1.25739505466525e-05
12664;湯圓餡A旅行的小七仔;1;1;2;159059;1.25739505466525e-05
12670;Y杨同学救命哈哈哈哈哈;2;1;3;159059;1.886092581997875e-05
12675;x硕哈哈哈哈哈哈;1;1;2;159059;1.25739505466525e-05
12677;沫鱼摆摆善狂暴野猪小十七emmmmmmCantaloupeSUPERHS派大星;1;1;2;159059;1.25739505466525e-05
12684;五等分的商鞅差点CLAUDIA顶级翻译;1;1;2;159059;1.25739505466525e-05
12687;莫莫呀别扔垃圾wyy小狗;1;1;2;159059;1.25739505466525e-05
12689;游吟诗人一只小呆羊小丁爱恰饭王突突帅气的彩虹屁笑死我了;2;1;3;159059;1.886092581997875e-05
12692;韩朗救命;1;1;2;159059;1.25739505466525e-05
12696;暴躁老东;1;1;2;159059;1.25739505466525e-05
12702;okkOK了heartless832;1;1;2;159059;1.25739505466525e-05
12712;睡个好觉笑死我了出师表;1;1;2;159059;1.25739505466525e-05
12718;半糖不加冰;1;1;2;159059;1.25739505466525e-05
12720;娇的小轩qaz反义的孤独北枫;1;1;2;159059;1.25739505466525e-05
12722;语阿瞳咕咕咕咕咕你要吃兔子吗Lychee;1;1;2;159059;1.25739505466525e-05
12725;自律的小义。崔巉WoodFir杜金晨;1;1;2;159059;1.25739505466525e-05
12727;已故云野珩;1;1;2;159059;1.25739505466525e-05
12731;槿书相信科学我爱科学;2;1;3;159059;1.886092581997875e-05
12737;胖头鱼鱼鱼鱼鱼哈哈哈哈哈我们学了假的出师表;1;1;2;159059;1.25739505466525e-05
12745;0;1;1;2;159059;1.25739505466525e-05
12748;重生之我是金善禹的脸颊肉肉桔柚yoyo;1;1;2;159059;1.25739505466525e-05
12751;柚子ciciAUrora别管我了笑不活了;2;1;3;159059;1.886092581997875e-05
12754;尼古拉斯窝窝头牧不迟记住小环噗里啪啦哈哈哈不行了笑死我了;4;1;5;159059;3.143487636663125e-05
12759;始春二七这样看来人工智能统治世界确实恐怖;1;1;2;159059;1.25739505466525e-05
12763;拯救世界的铠甲勇士;1;1;2;159059;1.25739505466525e-05
12767;words芳小宇Kaixin;2;1;3;159059;1.886092581997875e-05
12770;星河如锦;1;1;2;159059;1.25739505466525e-05
12779;0;1;1;2;159059;1.25739505466525e-05
12781;咕咕咕谷歌翻译yyds;2;1;3;159059;1.886092581997875e-05
12786;大红红蝴蝶公主河南大李逵W;1;1;2;159059;1.25739505466525e-05
12796;默快看;1;1;2;159059;1.25739505466525e-05
12799;精神病院VIP啊这;1;1;2;159059;1.25739505466525e-05
12801;狗哥dddd看完，笑死我了;1;1;2;159059;1.25739505466525e-05
12804;冷凝水选出三个最可口的;1;1;2;159059;1.25739505466525e-05
12807;爱是烂尾诗;1;1;2;159059;1.25739505466525e-05
12811;黑蝴蝶？;1;1;2;159059;1.25739505466525e-05
12814;无涯？;1;1;2;159059;1.25739505466525e-05
12816;无赖南燕梦吴盐煮耿耿星河北于江剪云者03topPoeticJustice馫Guuuu热情的武汉市民哈哈哈哈哈哈哈哈哈哈哈哈;2;1;3;159059;1.886092581997875e-05
12823;付息荣人不能至少不应该;1;1;2;159059;1.25739505466525e-05
12827;汽水泡饭;1;1;2;159059;1.25739505466525e-05
12831;小緣Y沈仙快乐水北闲呆呆小肥哑巴公主Constantine哈哈哈哈哈哈哈哈哈哈哈哈哈哈哈哈哈哈哈;2;1;3;159059;1.886092581997875e-05
12835;Serendipity;3;1;4;159059;2.5147901093305e-05
12841;蔓蔓征途郭十七哈哈哈哈哈哈哈;1;1;2;159059;1.25739505466525e-05
12844;Carti杰克琼斯不怂不怂sofa上的小颗粒我会睡着斯须章鱼大狗子灰原哀、;1;1;2;159059;1.25739505466525e-05
12859;吉祥天运天遍地都是六便士AAA城南建材批发王哥小庄不懂事归止疑是银河落九天TaBeti阿桀啊锐利的剑withU傻狗水星;2;1;3;159059;1.886092581997875e-05
12862;彤宝吴尚宇是泱澈呀qq没烦恼大米饭盖饭6;1;1;2;159059;1.25739505466525e-05
12864;y;1;1;2;159059;1.25739505466525e-05
12868;无弥山空雨后爹我要笑死了;1;1;2;159059;1.25739505466525e-05
12871;震惊我汤姆一整年t丽丽带着尼古丁真徒步鱼睡不醒FAN;1;1;2;159059;1.25739505466525e-05
12873;哇维纳斯1111yuLike;1;1;2;159059;1.25739505466525e-05
12875;202cm在夏天看烟花三金猫咪小姨起风了LLblue努力的小阳儿;1;1;2;159059;1.25739505466525e-05
12877;妮露狗哈哈哈哈哈;1;1;2;159059;1.25739505466525e-05
12879;廾匸有一天走累了;1;1;2;159059;1.25739505466525e-05
12882;无邪;1;1;2;159059;1.25739505466525e-05
12887;呜;1;1;2;159059;1.25739505466525e-05
12890;王鹤棣好帅Liiiiiiii斯达迪救命;1;1;2;159059;1.25739505466525e-05
12893;海毛儿不讲武德年轻人淡水塞壬哈哈哈哈哈哈哈哈哈;1;1;2;159059;1.25739505466525e-05
12896;Fingk;1;1;2;159059;1.25739505466525e-05
12898;4u新年快乐土狗笑飞;1;1;2;159059;1.25739505466525e-05
12905;恒;1;1;2;159059;1.25739505466525e-05
12908;玄冬残影;1;1;2;159059;1.25739505466525e-05
12915;372C;1;1;2;159059;1.25739505466525e-05
12918;小轩窗哈哈哈哈哈;1;1;2;159059;1.25739505466525e-05
12920;梦潇笺凛Hissis魅惑熊大笑死我了;2;1;3;159059;1.886092581997875e-05
12923;鋌鞚苏辞;1;1;2;159059;1.25739505466525e-05
12926;德子不穿苦茶子（ide）真的牛逼这个;2;1;3;159059;1.886092581997875e-05
12929;叶崇;1;1;2;159059;1.25739505466525e-05
12931;裴珠泫啊翘翘的仔仔大人夜雨声烦昔日的缩影没意思万物皆有因果，我们结束不了笑死了;1;1;2;159059;1.25739505466525e-05
12934;重生之我是艾尔海森的狗樱a;1;1;2;159059;1.25739505466525e-05
12938;有取得原作者授权吗;3;1;4;159059;2.5147901093305e-05
12942;真的6;1;1;2;159059;1.25739505466525e-05
12946;王小仙er柳耆卿娶我拔丝炒煤新笑死我了;2;1;3;159059;1.886092581997875e-05
12949;nas一颗姥廾你的坚持终将美好程先森祈今晚不睡觉空小空M十一不爱说话Savior离旧人。;1;1;2;159059;1.25739505466525e-05
12954;Yahoo;1;1;2;159059;1.25739505466525e-05
12964;嘀滴嗒哒joker怀中猫HeJinZhi加减;1;1;2;159059;1.25739505466525e-05
12966;某某查无此人全能ACE小俊仔树懒（ikun）寒宇未殇便携热恋赠与你;2;1;3;159059;1.886092581997875e-05
12970;胃口不是很好;1;1;2;159059;1.25739505466525e-05
12973;伊朗悍妇蛮不讲黎Hiber02朔方的雪三愚赶海了;1;1;2;159059;1.25739505466525e-05
12976;独行者易生LuoooYiii零叁33莯菻;2;1;3;159059;1.886092581997875e-05
12981;哈哈哈哈哈哈哈哈哈哈哈哈小杨说咩咩咩;1;1;2;159059;1.25739505466525e-05
12983;谴宇宙超级无敌噼里啪啦帅托马斯黑暗暴龙皇帝停笔怅然忆往事YHY三岁了呢;1;1;2;159059;1.25739505466525e-05
12990;夜澜;1;1;2;159059;1.25739505466525e-05
12992;囡囡;1;1;2;159059;1.25739505466525e-05
12994;听山说雾;4;1;5;159059;3.143487636663125e-05
13000;雪;1;1;2;159059;1.25739505466525e-05
13006;KYX哈哈哈哈哈哈哈哈哈哈哈哈哈哈哈哈哈哈;1;1;2;159059;1.25739505466525e-05
13010;肥鱼丸子君;1;1;2;159059;1.25739505466525e-05
13014;墨水涂脸只是当时已惘然Dreaming叙利亚悍匪阿方宇宙游荡来客WH萬事勝意陆拾冯元谋月KAI没有一米八寄月亮给你周sir在努力;1;1;2;159059;1.25739505466525e-05
13021;叙利亚在逃老六;3;1;4;159059;2.5147901093305e-05
13026;茶茶子Waccc哈哈哈哈哈哈哈哈哈哈;1;1;2;159059;1.25739505466525e-05
13032;1116i哈哈哈哈哈哈哈哈哈哈哈哈哈哈哈哈;1;1;2;159059;1.25739505466525e-05
13034;31415926鬼鬼泡水威化饼;2;1;3;159059;1.886092581997875e-05
13040;竹斋听雨眠6;1;1;2;159059;1.25739505466525e-05
13046;触手可得莫伊爱坚定烟雨;1;1;2;159059;1.25739505466525e-05
13048;oo;1;1;2;159059;1.25739505466525e-05
13051;花开富贵救命;1;1;2;159059;1.25739505466525e-05
13053;蛙蛙豆儿（笨蛋美女版）笑死了;1;1;2;159059;1.25739505466525e-05
13058;壹斤樱井桃奈什么蛋挞evol;1;1;2;159059;1.25739505466525e-05
13061;浅尝伍伍贰拾伍选出最可口的;1;1;2;159059;1.25739505466525e-05
13066;柑橘香水思想家QQ咕了个咕咕咕;1;1;2;159059;1.25739505466525e-05
13073;Y;1;1;2;159059;1.25739505466525e-05
13082;8023对厕所生活非常痴迷哈哈哈哈哈哈哈哈哈哈哈哈哈;1;1;2;159059;1.25739505466525e-05
13086;巨无霸大鱼饼abr唯一与神并肩。;2;1;3;159059;1.886092581997875e-05
13094;0;1;1;2;159059;1.25739505466525e-05
13097;5;1;1;2;159059;1.25739505466525e-05
13102;PowerGxx;1;1;2;159059;1.25739505466525e-05
13104;其实我没有猫哈哈哈;1;1;2;159059;1.25739505466525e-05
13107;麻花且麻瓜;2;1;3;159059;1.886092581997875e-05
13110;cheng嘀哩嘀哩哒哒笑死辣;1;1;2;159059;1.25739505466525e-05
13113;君酱三岁半;1;1;2;159059;1.25739505466525e-05
13115;秋刀鱼会过期超级的玉米肠一口鱼丸橘子味苏打水FM不吃羊肉;1;1;2;159059;1.25739505466525e-05
13119;佳佳的先生;1;1;2;159059;1.25739505466525e-05
13122;海棠花未眠;1;1;2;159059;1.25739505466525e-05
13126;噗噗哈哈哈哈哈哈;1;1;2;159059;1.25739505466525e-05
13128;钰晏824深情就坐牢哈哈哈哈哈哈哈哈哈哈哈哈哈哈哈哈哈哈哈哈哈哈哈哈哈哈哈;1;1;2;159059;1.25739505466525e-05
13135;开心市民小张;1;1;2;159059;1.25739505466525e-05
13142;狂霸酷炫拽噼里啪啦宇宙超级无敌嗜血龙王;1;1;2;159059;1.25739505466525e-05
13146;小雨淅沥四季温柔何其荣幸;1;1;2;159059;1.25739505466525e-05
13151;Cynthin暴戾甜心;1;1;2;159059;1.25739505466525e-05
13154;转个圈圈晕哈哈哈哈哈哈哈哈哈哈哈哈哈哈哈哈哈哈哈哈哈哈哈哈哈哈哈哈哈哈哈哈哈哈哈哈哈哈哈哈哈哈哈哈哈哈哈哈哈哈哈哈哈哈哈哈哈哈哈哈哈哈哈哈哈哈哈哈哈哈哈哈哈哈哈哈哈哈;1;1;2;159059;1.25739505466525e-05
13156;星雾披着凉皮的糖啊，凤爪;2;1;3;159059;1.886092581997875e-05
13160;Lillawn哈哈哈哈哈哈哈哈哈哈哈;1;1;2;159059;1.25739505466525e-05
13166;，哈哈哈哈哈哈哈;1;1;2;159059;1.25739505466525e-05
13171;爱淦饭的wu;2;1;3;159059;1.886092581997875e-05
13174;数到三就睡;2;1;3;159059;1.886092581997875e-05
13185;Lemonnn;1;1;2;159059;1.25739505466525e-05
13188;等早睡吧待黎日寄诗666;1;1;2;159059;1.25739505466525e-05
13190;小仓鼠后悔来厨房捉蝴蝶qx。滚筒洗衣机Jqqqq王鹤棣的圈外女友烟雨城h20070116AKST凤爪哈哈哈哈;1;1;2;159059;1.25739505466525e-05
13194;眼前一黑的程度快乐的奶油刀子炉火糖粥开心市民Herb;1;1;2;159059;1.25739505466525e-05
13196;0;1;1;2;159059;1.25739505466525e-05
13198;钟意有病吧哈哈哈哈哈哈哈哈哈;1;1;2;159059;1.25739505466525e-05
13200;芜湖芜湖Detroit笑死我了;1;1;2;159059;1.25739505466525e-05
13203;婷;1;1;2;159059;1.25739505466525e-05
13206;Evanbunny乖乖碳水教父艾十一;1;1;2;159059;1.25739505466525e-05
13209;每天多吃一个荷包蛋;1;1;2;159059;1.25739505466525e-05
13211;平安鲸是蓝色的鲸黄黄黄不黄酸柠鱼阿魈;1;1;2;159059;1.25739505466525e-05
13221;荆棘林霖RiN风风风从哪里来小鬼超喔;2;1;3;159059;1.886092581997875e-05
13224;0;1;1;2;159059;1.25739505466525e-05
13227;退网鱼崽;1;1;2;159059;1.25739505466525e-05
13230;晚来天欲雪;4;1;5;159059;3.143487636663125e-05
13236;泡芙哈哈哈;1;1;2;159059;1.25739505466525e-05
13238;笨鸟琪只想睡懒觉皮蛋solo周笑死了;2;1;3;159059;1.886092581997875e-05
13244;龙舌兰落日哈哈哈哈哈哈;1;1;2;159059;1.25739505466525e-05
13250;mature7伪善者7嘉鈤xx的xjq秋刀鱼不过期ACcola松鼠航小友起飞的前女友b互相品尝哈哈哈哈;3;1;4;159059;2.5147901093305e-05
13256;脱掉苦茶子Aliyeah（先生陆沉已婚版）EGO美式哈哈哈哈哈哈哈哈哈哈哈哈哈哈哈哈哈哈哈哈哈哈哈哈哈哈哈哈哈哈哈哈哈哈哈哈;2;1;3;159059;1.886092581997875e-05
13261;爱转角鲫鱼汤耶遠方轻轻吹烦人;1;1;2;159059;1.25739505466525e-05
13263;广哈哈哈哈哈;1;1;2;159059;1.25739505466525e-05
13265;1024Ene浪子闫得肆哇泷02萨斯给爱那罗头小心我把你们憋死;1;1;2;159059;1.25739505466525e-05
13267;xiaozhi2023《三个最可口的》;1;1;2;159059;1.25739505466525e-05
13272;0;1;1;2;159059;1.25739505466525e-05
13275;某幻麦外敷伍呔嘻嘻（网络noshy版）哈哈哈哈哈哈哈哈哈哈;2;1;3;159059;1.886092581997875e-05
13280;Zz;1;1;2;159059;1.25739505466525e-05
13283;陈陈陈路周烊烊烊毛肚火锅差不多余曦hongyueYan棉花糖aua編號6593BLUE人笑没了，，，，，;1;1;2;159059;1.25739505466525e-05
13285;是深晨啊xiaohouhushi罐装冰块;1;1;2;159059;1.25739505466525e-05
13288;Aershin受不了了哈哈哈哈哈哈哈哈哈哈;3;1;4;159059;2.5147901093305e-05
13293;窥月彤李璐璐同学07愛太满敏敏要长高Ichliebedich家人们快失笑死我算了;2;1;3;159059;1.886092581997875e-05
13296;没错我们河南人都这样;1;1;2;159059;1.25739505466525e-05
13298;墨雪卿Rarity;1;1;2;159059;1.25739505466525e-05
13300;Daring;1;1;2;159059;1.25739505466525e-05
13302;山间风哈哈哈哈哈哈哈;1;1;2;159059;1.25739505466525e-05
13308;晨曦若熏;1;1;2;159059;1.25739505466525e-05
13312;陈东宿江不讨厌Mikasa炜;1;1;2;159059;1.25739505466525e-05
13316;hardmode甜桃大人桐初榴莲;3;1;4;159059;2.5147901093305e-05
13321;凉辰Augenster选出三个最可口的哈哈哈哈哈哈哈哈哈;2;1;3;159059;1.886092581997875e-05
13328;吃醋啦;1;1;2;159059;1.25739505466525e-05
13331;LOEY小朋友你好;1;1;2;159059;1.25739505466525e-05
13334;常夜寄相思JIELUO睡不够的小果听见海666;1;1;2;159059;1.25739505466525e-05
13339;指鹿为mua哈哈哈哈;1;1;2;159059;1.25739505466525e-05
13351;凡凡要努力;2;1;3;159059;1.886092581997875e-05
13354;24小时之后张元英的脚趾盖红豆甜汤;2;1;3;159059;1.886092581997875e-05
13368;助祁宋宋故渊叫我王震;1;1;2;159059;1.25739505466525e-05
13370;江南主圥忈鲸叫我照顾海小企鹅清漾秋北小傻der想要个月亮g好人黑白无量小莹很乖耶z倒莓熊1204;2;1;3;159059;1.886092581997875e-05
13373;就是青柠可乐Nightskydream有出息的好名字何何子ZYHXR陈陈见yi面吧遇笑晕了;1;1;2;159059;1.25739505466525e-05
13375;最美不过初相见伶俜小x的抖音日记wctmd笑死我了;1;1;2;159059;1.25739505466525e-05
13377;期待星期天;1;1;2;159059;1.25739505466525e-05
13379;刵迂天天OMO刚出生住哈佛，很贫穷，祖母对撤硕痴迷;1;1;2;159059;1.25739505466525e-05
13388;阿笙ww《深吸一口气，周围的人因窒息而死》《我有两个亲生母亲》《对厕所生活十分痴迷》救命哈哈哈哈哈哈哈哈哈哈哈哈哈哈哈哈哈哈哈哈哈;1;1;2;159059;1.25739505466525e-05
13390;如此甚好骛瀆、;1;1;2;159059;1.25739505466525e-05
13393;我的狗狗很可爱19岁冷艳小妈冬日奶泡泡电扇驾驶员笑死我了哈哈哈哈哈哈哈哈哈哈哈哈哈哈哈哈;1;1;2;159059;1.25739505466525e-05
13395;S3S3Straypenny;1;1;2;159059;1.25739505466525e-05
13401;Elysia酱香饼自由shu嫁给我救;1;1;2;159059;1.25739505466525e-05
13405;朢;1;1;2;159059;1.25739505466525e-05
13407;拄着拐杖去偷猪芋泥麻薯阿木妈的崩不住了;2;1;3;159059;1.886092581997875e-05
13411;祺宝贝婉莹wyy你哈哈哈哈哈哈哈哈哈哈哈;1;1;2;159059;1.25739505466525e-05
13413;魚仔泡泡酒窝男孩y;1;1;2;159059;1.25739505466525e-05
13422;别话limitless春寒a;2;1;3;159059;1.886092581997875e-05
13426;芝士土豆倪0912bsq;1;1;2;159059;1.25739505466525e-05
13432;嘎嘣脆文崽rascal陈七七PasserbyNeikosmqq邛诗笑得一批哈哈哈哈哈;2;1;3;159059;1.886092581997875e-05
13436;C程橙橙橙笑死;3;1;4;159059;2.5147901093305e-05
13441;迟与海迷清九吖Youngior訊;1;1;2;159059;1.25739505466525e-05
13445;九月三的太阳你们河南人真的会这样做吗;1;1;2;159059;1.25739505466525e-05
13450;楠wtm笑死了;1;1;2;159059;1.25739505466525e-05
13452;念念想当老教授Antihero企企四十九开心漂亮好运幸福每一天永远爱小狗不糊涂敬亭山A玩具批发陆哥;3;1;4;159059;2.5147901093305e-05
13459;泡椒阿霖现象北辰谶2成果;1;1;2;159059;1.25739505466525e-05
13464;Fs;1;1;2;159059;1.25739505466525e-05
13467;轻灵乾卦无忧Tobenumber1;1;1;2;159059;1.25739505466525e-05
13470;谁看到我的脑袋了花田错离我远点我怕傻子哲涵;2;1;3;159059;1.886092581997875e-05
13474;T;1;1;2;159059;1.25739505466525e-05
13476;嘻嗷小胡子斯温（癫疯版）未离积雪会自己融化;1;1;2;159059;1.25739505466525e-05
13478;李喜齐;1;1;2;159059;1.25739505466525e-05
13481;4547车干师兄Lime仙无话可说;1;1;2;159059;1.25739505466525e-05
13486;d7一直在呀哇塞孙孙小饱砸bui;1;1;2;159059;1.25739505466525e-05
13489;邂逅晚风与你离谱;1;1;2;159059;1.25739505466525e-05
13493;莓眸;1;1;2;159059;1.25739505466525e-05
13495;竹梓古古siso抹茶的大恐龙;1;1;2;159059;1.25739505466525e-05
13504;甘草片s;1;1;2;159059;1.25739505466525e-05
13509;澪柚笑死了哈哈哈哈哈哈哈哈哈哈不行了;1;1;2;159059;1.25739505466525e-05
13512;叶偌凡森味儿aSixJIEUI宋先森;1;1;2;159059;1.25739505466525e-05
13516;锦轩糖Ray;1;1;2;159059;1.25739505466525e-05
13519;SUYIXN？再也不哭了你还是需要看看哈哈哈哈;1;1;2;159059;1.25739505466525e-05
13523;姜语;1;1;2;159059;1.25739505466525e-05
13525;黄豆芽SAMA;1;1;2;159059;1.25739505466525e-05
13528;6924703808bassOnes洛tuo哈哈哈哈哈哈哈哈哈;2;1;3;159059;1.886092581997875e-05
13533;我也一样;1;1;2;159059;1.25739505466525e-05
13539;EXTENTION河南的同胞玩的挺花啊;1;1;2;159059;1.25739505466525e-05
13542;今天心情好像还不错卧槽，好变态;1;1;2;159059;1.25739505466525e-05
13545;殊;1;1;2;159059;1.25739505466525e-05
13547;LYFX;1;1;2;159059;1.25739505466525e-05
13549;困的晕fufu屿lelouch七七丸子cherish江来不一定麻辣青椒皮坨;3;1;4;159059;2.5147901093305e-05
13555;小倩笑死了哈哈哈哈;1;1;2;159059;1.25739505466525e-05
13557;日夜颠倒的网友l流川枫qwreqwJvK;1;1;2;159059;1.25739505466525e-05
13559;玉米好次百利甜水云轩;1;1;2;159059;1.25739505466525e-05
13563;0213SandyLamhaha;1;1;2;159059;1.25739505466525e-05
13567;萧然。南门璟AAA双截棍售卖朱总哈哈哈哈哈哈;1;1;2;159059;1.25739505466525e-05
13570;咚崽放心飞;1;1;2;159059;1.25739505466525e-05
13573;戳8k睡不够莹劣人导师秋风词像是烟草味看见我请提醒我去上分RIn丶夜宇宙夹在书里;3;1;4;159059;2.5147901093305e-05
13578;何鹿子A丶秋雨;2;1;3;159059;1.886092581997875e-05
13581;0;1;1;2;159059;1.25739505466525e-05
13583;鸿lijingze离谱;1;1;2;159059;1.25739505466525e-05
13588;铜钱花生啊哈哈哈哈笑死了;1;1;2;159059;1.25739505466525e-05
13603;给我吃一口金州拉文在此GSW言四哀躲在海底吐泡泡的鱼千岛寒流小飘CCK晓风残月i;2;1;3;159059;1.886092581997875e-05
13610;小瓜爱吃瓜蓝色雨伞散步LgigiMax嘛？牛逼牛逼;1;1;2;159059;1.25739505466525e-05
13622;毽子姐;1;1;2;159059;1.25739505466525e-05
13625;有个方向挽施笔墨飘香芭比头zi陆衍的c宝贝阙合绝美少女铁锤;3;1;4;159059;2.5147901093305e-05
13630;月伴秦行1L28？Lxiang;2;1;3;159059;1.886092581997875e-05
13634;wondering西瓜真甜;1;1;2;159059;1.25739505466525e-05
13636;争台（鲜葱版）？三个最可口的;1;1;2;159059;1.25739505466525e-05
13638;鹿鹿神里凌华的狗qwqabeautifulgirl烟雨空哥哥的狗;1;1;2;159059;1.25739505466525e-05
13642;Jogul07年冬小小鑫濤;1;1;2;159059;1.25739505466525e-05
13646;芩笑;1;1;2;159059;1.25739505466525e-05
13649;小张知书02爱喝养乐多祖国未来的花朵OXYG林夕、r十河北卡拉米;1;1;2;159059;1.25739505466525e-05
13651;卡湫湫奈奈咩噗茶;1;1;2;159059;1.25739505466525e-05
13657;烤羊排阿七个汤圆下班;1;1;2;159059;1.25739505466525e-05
13662;52531314樱花下落FelixWang鮮勿扰;1;1;2;159059;1.25739505466525e-05
13665;朝慕YANGAIHUA54香香一只小酒玖BIGBANGTYY芷琴Flechazo月夜星河落我真的笑死;2;1;3;159059;1.886092581997875e-05
13673;一草筱珏;1;1;2;159059;1.25739505466525e-05
13675;aregretz小熊软糖夜刀鬼索入迷了铭诚辰曦其实雨并不大;2;1;3;159059;1.886092581997875e-05
13681;Maxnmx。19一只“混子”;1;1;2;159059;1.25739505466525e-05
13683;Future笑死我了;1;1;2;159059;1.25739505466525e-05
13685;。;1;1;2;159059;1.25739505466525e-05
13692;熊sir宠物馆Hygge中年大叔你午睡了吗大碗儿儿儿;1;1;2;159059;1.25739505466525e-05
13694;恰逢乐;1;1;2;159059;1.25739505466525e-05
13697;F先森To凌云志;2;1;3;159059;1.886092581997875e-05
13700;船灵奔跑兔陌阀F虹虹啊酒阿九;2;1;3;159059;1.886092581997875e-05
13704;海岸x;1;1;2;159059;1.25739505466525e-05
13707;无语喳喳琪琪;1;1;2;159059;1.25739505466525e-05
13710;我是冤种;1;1;2;159059;1.25739505466525e-05
13713;真sandbeeducky东东要学习FFFFF熬夜做稀饭;1;1;2;159059;1.25739505466525e-05
13715;呼市第二深情达达鸭哈哈哈哈哈哈哈哈哈哈哈哈哈哈哈？？;1;1;2;159059;1.25739505466525e-05
13717;卓儿;1;1;2;159059;1.25739505466525e-05
13719;不看二次元LI法克羊;1;1;2;159059;1.25739505466525e-05
13721;0;1;1;2;159059;1.25739505466525e-05
13723;长安十二时辰挑选3个最可口的;1;1;2;159059;1.25739505466525e-05
13729;花海缶星辰咖妃真牛逼;1;1;2;159059;1.25739505466525e-05
13731;小火柴2aza子休我是帅哥男模007前方之前孙一丁虾滑灌汤包看完;1;1;2;159059;1.25739505466525e-05
13733;ZYS江入大荒流单走一个6FXX白子酱没事就睡觉（网课版）清柚无聊的蓝莓为啥不吃香菜;2;1;3;159059;1.886092581997875e-05
13736;专业狙击手喜羊羊UMFxxxxxxxxxxmty不加香菜烤冷面;1;1;2;159059;1.25739505466525e-05
13738;一年级就很帅;2;1;3;159059;1.886092581997875e-05
13741;是我把你弄丢了逆转黑色究极进化超级无敌银河级之魔神霸主暴龙战士;1;1;2;159059;1.25739505466525e-05
13743;小嘎嘎鸭;1;1;2;159059;1.25739505466525e-05
13746;一只小蜜蜂河南老表玩的真花;1;1;2;159059;1.25739505466525e-05
13751;派派星;1;1;2;159059;1.25739505466525e-05
13755;张益荣佩卓沙平星人;1;1;2;159059;1.25739505466525e-05
13757;别后十三春Canking明人不放暗屁绮绮子念念owo;2;1;3;159059;1.886092581997875e-05
13762;秋会来玩的好花;1;1;2;159059;1.25739505466525e-05
13764;聪崽vukam笑死哥了;2;1;3;159059;1.886092581997875e-05
13768;陆衍的c宝贝绝美少女铁锤Aaa某信中学八八班班长直属工具人小吴;1;1;2;159059;1.25739505466525e-05
13778;卖核弹的纯情母猴真离谱;1;1;2;159059;1.25739505466525e-05
13780;YYY选出三个最可口的;1;1;2;159059;1.25739505466525e-05
13782;账号已注销哈哈哈哈哈;1;1;2;159059;1.25739505466525e-05
13784;ooh;1;1;2;159059;1.25739505466525e-05
13786;飠盐粒粒小魔仙石神国子heilmys薙;1;1;2;159059;1.25739505466525e-05
13789;工藤君来学出师表;1;1;2;159059;1.25739505466525e-05
13792;封心不锁爱可;1;1;2;159059;1.25739505466525e-05
13794;professor北城215熬粥仙人夜安啧起名真的好难;2;1;3;159059;1.886092581997875e-05
13798;我的眼里从未有过风景李诗恩;1;1;2;159059;1.25739505466525e-05
13800;寒木春华旱鸭子h;1;1;2;159059;1.25739505466525e-05
13802;李信炫酷吴迪彩虹小AMinecraft橙子君Minecraft828私信被封dsco丶迪斯科;2;1;3;159059;1.886092581997875e-05
13807;CcccccG小明x鲸落龙猽钟意叙白32秒开始看;1;1;2;159059;1.25739505466525e-05
13809;45号碳烤小肥JH13;1;1;2;159059;1.25739505466525e-05
13812;北岛春渡鲧spark火花是你的李胡杨呐SiriEstherKiki琪iiiiXyx文夫笑死了;3;1;4;159059;2.5147901093305e-05
13821;晚风七里香LYJHSXSCurryXYXXW渡盼哈哈哈哈哈哈哈哈哈哈哈哈哈哈哈哈哈哈哈哈哈哈;1;1;2;159059;1.25739505466525e-05
13824;小小居;1;1;2;159059;1.25739505466525e-05
13828;R曾爱光;1;1;2;159059;1.25739505466525e-05
13831;小汤圆圆子;1;1;2;159059;1.25739505466525e-05
13833;略略略？哈哈哈哈哈哈哈哈哈哈哈哈;1;1;2;159059;1.25739505466525e-05
13842;辘轱look过河南老表果然花;1;1;2;159059;1.25739505466525e-05
13846;君倾挚墨笔叶崽baby;1;1;2;159059;1.25739505466525e-05
13848;在河南南部幸运且来福;1;1;2;159059;1.25739505466525e-05
13850;人长久不顾呵呵呵呵呵呵呵多多少少有点离谱;2;1;3;159059;1.886092581997875e-05
13854;今晚几点睡童童晚朋鸟6;1;1;2;159059;1.25739505466525e-05
13857;WRedamanicy;1;1;2;159059;1.25739505466525e-05
13859;僵小哈哈哈哈哈哈这个牛逼;1;1;2;159059;1.25739505466525e-05
13863;AAA专业定制花圈寿衣笑死我了;1;1;2;159059;1.25739505466525e-05
13869;古灵精怪;1;1;2;159059;1.25739505466525e-05
13871;多喝热水oyooho发财本公主美丽动人笑死了;1;1;2;159059;1.25739505466525e-05
13873;达成蕉易行侠仗义大乐儿艺啼小马;1;1;2;159059;1.25739505466525e-05
13875;元谋人鄷少管我;3;1;4;159059;2.5147901093305e-05
13880;旺仔;1;1;2;159059;1.25739505466525e-05
13884;霄伦我叫狗不理苏打气泡水;2;1;3;159059;1.886092581997875e-05
13887;54晓林，？？？？？？;1;1;2;159059;1.25739505466525e-05
13889;渡劫;1;1;2;159059;1.25739505466525e-05
13891;追寻她的影子;1;1;2;159059;1.25739505466525e-05
13894;月牙那就变成光吧汤圆哈哈哈哈哈哈哈哈哈哈哈哈;1;1;2;159059;1.25739505466525e-05
13897;梦微耀昀离;1;1;2;159059;1.25739505466525e-05
13899;沈书不是叔哈哈哈哈哈哈哈哈哈;7;1;8;159059;5.029580218661e-05
13908;紫外线小轨迹呀几句话;1;1;2;159059;1.25739505466525e-05
13911;大壁虎活着太饿了蝎不柔番什么香香欸哈哈哈哈哈哈哈哈哈哈哈哈哈哈哈哈哈哈哈哈哈哈哈哈哈哈哈哈哈哈哈哈哈哈哈哈哈哈哈哈哈哈出师表那个;2;1;3;159059;1.886092581997875e-05
13925;继续MLDNN首席网瘾少女黑白探出狗头是个小人物oh;1;1;2;159059;1.25739505466525e-05
13928;KAN0四叶草笑死我了;1;1;2;159059;1.25739505466525e-05
13932;帮佩恩卖米的仙人yxy被岸边露伴拒绝10086次版Paaaaaar哈哈哈哈哈哈哈哈哈哈哈哈哈哈哈哈哈哈哈哈哈哈哈哈哈哈哈哈哈哈哈;1;1;2;159059;1.25739505466525e-05
13937;西瓜皮不瓜皮;2;1;3;159059;1.886092581997875e-05
13945;大哈有趣;1;1;2;159059;1.25739505466525e-05
13947;日免了个安纪伯伦张梦麒谷东航666;2;1;3;159059;1.886092581997875e-05
13950;桜樹洞;1;1;2;159059;1.25739505466525e-05
13953;临界荒川炸毛可乐Mailyn纯哈哈哈哈;1;1;2;159059;1.25739505466525e-05
13958;绘顾;1;1;2;159059;1.25739505466525e-05
13960;猛踹瘸子好腿橙宝sw刘海不能乱迷笑死了笑死了;2;1;3;159059;1.886092581997875e-05
13963;童沐萱顧丞笑死我了哈哈哈哈;2;1;3;159059;1.886092581997875e-05
13970;Baymax丶;1;1;2;159059;1.25739505466525e-05
13972;我楠同，达达鸭速度给我暖床小橘泗亦;1;1;2;159059;1.25739505466525e-05
13976;liran还得是谷歌;1;1;2;159059;1.25739505466525e-05
13980;我只想睡觉脱泥苦茶子a禾沐xxxx舒小涵SUZYwsndpoppet11111111;1;1;2;159059;1.25739505466525e-05
13982;不知道;1;1;2;159059;1.25739505466525e-05
13985;嗝我是开心超人开心就要超人訾几望从未想过哈哈哈哈哈哈;1;1;2;159059;1.25739505466525e-05
13987;自由的红豆薏米粥哈哈哈;2;1;3;159059;1.886092581997875e-05
13990;Rich小殷;1;1;2;159059;1.25739505466525e-05
13996;lwr要一个黄昏我快笑死了;14;1;15;159059;9.430462909989374e-05
14014;rock杨不吃羊呆是呆呆的呆;2;1;3;159059;1.886092581997875e-05
14018;02吃不饱FAIRYL感应灯;5;1;6;159059;3.77218516399575e-05
14025;龚大喜喜喜喜喜喜;1;1;2;159059;1.25739505466525e-05
14035;念多云转晴iiii哈哈哈哈哈哈哈哈哈哈哈哈哈哈好哈哈哈哈哈哈哈哈哈哈哈哈哈哈好哈哈哈;1;1;2;159059;1.25739505466525e-05
14040;宵宫老婆碎碎念念心会烦嘛江漢X6玩的真花;3;1;4;159059;2.5147901093305e-05
14047;一口一个河马;1;1;2;159059;1.25739505466525e-05
14049;。zzz。勇子qevvvv花开富贵我受不了了看完去;2;1;3;159059;1.886092581997875e-05
14054;MgZnSo4MgSo4Zn1米96雷克雅未克刘淇M拔光所有茼蒿我为你掏心掏肺;2;1;3;159059;1.886092581997875e-05
14057;小小张妍的麻辣脚皮派大星羊屎蛋zheng三点甫;2;1;3;159059;1.886092581997875e-05
14061;0;1;1;2;159059;1.25739505466525e-05
14065;5池鸿羲;1;1;2;159059;1.25739505466525e-05
14068;上邪小天寄咯木别子陪我听芊芊九九归零春风思;2;1;3;159059;1.886092581997875e-05
14075;我爱葡萄吐司;1;1;2;159059;1.25739505466525e-05
14085;B战有个up专门做这个;4;1;5;159059;3.143487636663125e-05
14090;AnE;1;1;2;159059;1.25739505466525e-05
14093;lucky陈;2;1;3;159059;1.886092581997875e-05
14100;xzs工头;1;1;2;159059;1.25739505466525e-05
14106;混世魔王;1;1;2;159059;1.25739505466525e-05
14108;空我Moonquakes祁竹Zhang冰镇西瓜喵小轩丶木木三成汐鱼西米重工画青笺小阿涛因斯特先生东市米肆Cccc逸。皮皇山岗岗糯米丸子哈哈哈哈哈哈;1;1;2;159059;1.25739505466525e-05
14110;扁桃体发言妍哈哈哈哈哈哈哈哈哈哈哈哈哈哈;2;1;3;159059;1.886092581997875e-05
14121;三个最可口的;2;1;3;159059;1.886092581997875e-05
14126;呆帶笑死我了;1;1;2;159059;1.25739505466525e-05
14137;鬼岭人畜无害森夏千染Hooray東佳音哈哈哈;2;1;3;159059;1.886092581997875e-05
14145;0;1;1;2;159059;1.25739505466525e-05
14147;墨崽Xin：）慕晴之哈哈哈哈哈哈，我深吸了一口气，周围的人因缺氧而死;2;1;3;159059;1.886092581997875e-05
14157;笑死我了;1;1;2;159059;1.25739505466525e-05
14160;不愿再当搞笑女你爹终极猎手梦泪;1;1;2;159059;1.25739505466525e-05
14164;4uoik笑死我了;1;1;2;159059;1.25739505466525e-05
14168;真爱粉邋遢短暂睡不醒的懒羊羊帅哥;2;1;3;159059;1.886092581997875e-05
14171;笑死;1;1;2;159059;1.25739505466525e-05
14175;索十乞丐不吃碳水;1;1;2;159059;1.25739505466525e-05
14179;Aaaa救赎417吴烦柴跳小虎迷人朵拉;1;1;2;159059;1.25739505466525e-05
14183;风;1;1;2;159059;1.25739505466525e-05
14188;周京泽江上月哈哈哈哈哈哈;2;1;3;159059;1.886092581997875e-05
14194;coisini哈哈哈哈哈哈哈哈哈哈哈;1;0;1;159059;6.28697527332625e-06
14200;皮皮茜哈哈哈哈哈哈哈哈哈哈哈哈哈哈;1;0;1;159059;6.28697527332625e-06
14215;ui;1;0;1;159059;6.28697527332625e-06
14222;0724干啥啊这是;1;0;1;159059;6.28697527332625e-06
14232;犯困Sparse星疏回首即是你奈奈啦小熊先生别樊我你嘴角的樱桃汁不可以恋爱脑哟叙意;2;0;2;159059;1.25739505466525e-05
14239;仙女不讲李萧逸女友版轻轻呀陈九日看这个出师表;1;0;1;159059;6.28697527332625e-06
14242;樱桃小丸犊子;1;0;1;159059;6.28697527332625e-06
14245;哈哈哈哈哈哈苏丶浅忆;1;0;1;159059;6.28697527332625e-06
14249;消音小卷毛;1;0;1;159059;6.28697527332625e-06
14253;爱莉你带我走吧爱莉焦虑河南神;2;0;2;159059;1.25739505466525e-05
14256;美少女琪琪笑不活了;1;0;1;159059;6.28697527332625e-06
14264;抑郁魚哈哈哈哈哈哈哈哈哈哈哈哈哈哈哈哈哈哈哈哈哈哈哈哈哈哈哈哈哈哈哈哈哈哈;2;0;2;159059;1.25739505466525e-05
14272;喃喃;1;0;1;159059;6.28697527332625e-06
14275;32岁热辣后妈;1;0;1;159059;6.28697527332625e-06
14281;海棠蚀;1;0;1;159059;6.28697527332625e-06
14290;KMFFY7Q;1;0;1;159059;6.28697527332625e-06
14293;姐姐L;1;0;1;159059;6.28697527332625e-06
14300;晚晚;3;0;3;159059;1.886092581997875e-05
14305;Muarrebol;1;0;1;159059;6.28697527332625e-06
14315;张张包;1;0;1;159059;6.28697527332625e-06
14320;予予予予予予予予;1;0;1;159059;6.28697527332625e-06
14323;MiaoO哈哈哈哈;1;0;1;159059;6.28697527332625e-06
14326;呜呼呜呼;1;0;1;159059;6.28697527332625e-06
14330;时代风男团国崩俊霖笑喷了;1;0;1;159059;6.28697527332625e-06
14334;神明在忙;1;0;1;159059;6.28697527332625e-06
14336;随遇而安;1;0;1;159059;6.28697527332625e-06
14338;不在期待巴特辛普森cX;1;0;1;159059;6.28697527332625e-06
14341;励志路人折木夜阑梦逐瀚瀚瀚瀚瀚李素裳柠檬初恋宋昕冉的;1;0;1;159059;6.28697527332625e-06
14343;今天开心嘛;1;0;1;159059;6.28697527332625e-06
14347;再次伟大的迪卢克小蘑菇汁;1;0;1;159059;6.28697527332625e-06
14350;我也想喝冷饮哈哈哈哈笑死我了;1;0;1;159059;6.28697527332625e-06
14353;玉玉玉;1;0;1;159059;6.28697527332625e-06
14357;Ayuiii这是这样翻译的吗？;2;0;2;159059;1.25739505466525e-05
14360;2666;1;0;1;159059;6.28697527332625e-06
14370;山月与你我笑死了哈哈哈哈;1;0;1;159059;6.28697527332625e-06
14376;布呐呐;1;0;1;159059;6.28697527332625e-06
14380;年年有风吹6;1;0;1;159059;6.28697527332625e-06
14386;文风丶;1;0;1;159059;6.28697527332625e-06
14388;book思议明人不放暗屁哈哈哈哈哈哈哈;2;0;2;159059;1.25739505466525e-05
14393;赖瑞喆用户66542546;1;0;1;159059;6.28697527332625e-06
14395;0;1;0;1;159059;6.28697527332625e-06
14404;王方定;1;0;1;159059;6.28697527332625e-06
14420;ROSEMARY我想吃;1;0;1;159059;6.28697527332625e-06
14432;好戏的落幕人無惡不作;1;0;1;159059;6.28697527332625e-06
14435;Noah;1;0;1;159059;6.28697527332625e-06
14439;鸮;1;0;1;159059;6.28697527332625e-06
14455;根对仁6;1;0;1;159059;6.28697527332625e-06
14461;青嘴烧;1;0;1;159059;6.28697527332625e-06
14463;谛李;1;0;1;159059;6.28697527332625e-06
14466;kilakila救命哈哈哈哈哈哈;1;0;1;159059;6.28697527332625e-06
14475;是赫赫呢湖南玩的真花;4;0;4;159059;2.5147901093305e-05
14482;onepiece离离原上谱;2;0;2;159059;1.25739505466525e-05
14486;0;6;0;6;159059;3.77218516399575e-05
14494;小季炖蘑菇哈哈哈哈哈哈哈哈哈哈哈;1;0;1;159059;6.28697527332625e-06
14504;大被蒙头奥特曼爱睡觉Waoiou;1;0;1;159059;6.28697527332625e-06
14506;玉米卷;1;0;1;159059;6.28697527332625e-06
14508;月亮;1;0;1;159059;6.28697527332625e-06
14513;乔乔;2;0;2;159059;1.25739505466525e-05
14516;ArenaStoneG;1;0;1;159059;6.28697527332625e-06
14523;小祺日记（风神眷侣版）;2;0;2;159059;1.25739505466525e-05
14528;514是滢不是莹蜘蛛侠哈哈哈哈哈哈哈哈哈;1;0;1;159059;6.28697527332625e-06
14530;就熬这亿次;1;0;1;159059;6.28697527332625e-06
14532;小小奶黄包下次偷偷搞网恋漫的第十一秒千千千千千千千千千代第七个瞬间Gin零二;3;0;3;159059;1.886092581997875e-05
14548;炎忍;2;0;2;159059;1.25739505466525e-05
14559;迪迦的女人;1;0;1;159059;6.28697527332625e-06
14561;香奈鹅哈哈哈哈哈哈哈哈哈;2;0;2;159059;1.25739505466525e-05
14564;毛豆贼;1;0;1;159059;6.28697527332625e-06
14566;大帅哥芜星野澪;2;0;2;159059;1.25739505466525e-05
14570;A小仙女沐野军师气活了;1;0;1;159059;6.28697527332625e-06
14572;楠楠楠楠荀令所以我睡了;1;0;1;159059;6.28697527332625e-06
14576;绵绵叮10086鵠鴞哥情绪零碎笑死我了;2;0;2;159059;1.25739505466525e-05
14584;梦见栖梧一号位;1;0;1;159059;6.28697527332625e-06
14595;悲伤SOS冰美式不忍直视;1;0;1;159059;6.28697527332625e-06
14597;Carrie狐狸、企鹅未完待续只想摆烂栀虞;2;0;2;159059;1.25739505466525e-05
14600;沉醉;1;0;1;159059;6.28697527332625e-06
14608;星罗奈小陈奇思妙想我真是笑死。;1;0;1;159059;6.28697527332625e-06
14614;雾满空山;1;0;1;159059;6.28697527332625e-06
14617;8teen;1;0;1;159059;6.28697527332625e-06
14620;saber恒行不知名（诀症版blue艾伦耶格尔;1;0;1;159059;6.28697527332625e-06
14625;鱼、嘉泽S我是软妹薏米桂圆粥Christine笑死我了;2;0;2;159059;1.25739505466525e-05
14629;小哈哈哈哈哈哈哈哈哈哈哈笑死我了;2;0;2;159059;1.25739505466525e-05
14634;小雪崽汁你解释一下;2;0;2;159059;1.25739505466525e-05
14639;蚌埠住了;1;0;1;159059;6.28697527332625e-06
14645;让我躲1躲我想吃外卖XuanAZ;1;0;1;159059;6.28697527332625e-06
14647;Q哈哈哈哈哈哈哈哈哈哈哈哈救命哈哈哈哈哈哈哈哈哈哈哈哈哈哈哈哈哈哈;1;0;1;159059;6.28697527332625e-06
14649;小瑜儿（搞笑女版）我都没办法评论;1;0;1;159059;6.28697527332625e-06
14651;Mr4Austin曹先森;2;0;2;159059;1.25739505466525e-05
14656;哈哈哈哈哈哈哈哈哈哈哈哈哈哈哈哈哈哈哈哈哈哈哈哈哈哈哈哈哈哈哈哈哈哈哈哈哈哈哈哈哈哈哈我快笑死了哈哈哈哈梅拉;1;0;1;159059;6.28697527332625e-06
14665;五彩的泡泡Uni玖克天冷了多喝岩浆;3;0;3;159059;1.886092581997875e-05
14670;萧斌斌;1;0;1;159059;6.28697527332625e-06
14672;痛6;1;0;1;159059;6.28697527332625e-06
14678;一诺倾城好离谱;1;0;1;159059;6.28697527332625e-06
14681;桜川Doublepoint羚扬记得早点睡;1;0;1;159059;6.28697527332625e-06
14684;叁睡不醒鸽哈哈哈哈哈哈哈哈哈哈哈哈哈哈;3;0;3;159059;1.886092581997875e-05
14690;bulingbuling小时要绿光笑死了哈哈哈哈哈哈哈哈;1;0;1;159059;6.28697527332625e-06
14692;大懒哥;1;0;1;159059;6.28697527332625e-06
14695;坐在坟头等鬼聊乐;1;0;1;159059;6.28697527332625e-06
14697;良;1;0;1;159059;6.28697527332625e-06
14699;王者和原神都好难;1;0;1;159059;6.28697527332625e-06
14701;hhhuuh阿蒋。阿佳妮妮Janiet;1;0;1;159059;6.28697527332625e-06
14710;过往如梦哈哈哈哈哈哈哈;1;0;1;159059;6.28697527332625e-06
14716;酷酷哒明明桑;1;0;1;159059;6.28697527332625e-06
14719;嘚啵嘚;1;0;1;159059;6.28697527332625e-06
14721;人间向日葵;1;0;1;159059;6.28697527332625e-06
14726;多吃两口饭我笑死了;1;0;1;159059;6.28697527332625e-06
14733;别敷衍我;1;0;1;159059;6.28697527332625e-06
14741;洛你快来啊啊哈哈哈哈哈哈哈笑死我了;1;0;1;159059;6.28697527332625e-06
14749;Pumpkin111cat;1;0;1;159059;6.28697527332625e-06
14751;沈挽y洁希哈哈哈哈哈哈哈哈哈哈哈哈哈哈哈哈哈哈哈哈哈哈哈哈哈哈哈哈哈哈哈哈哈哈哈哈哈哈哈哈哈哈哈哈哈哈哈哈哈哈哈哈哈;1;0;1;159059;6.28697527332625e-06
14753;土鸡哈哈哈哈;1;0;1;159059;6.28697527332625e-06
14756;Lovb哈哈哈哈哈哈哈哈;1;0;1;159059;6.28697527332625e-06
14759;185宇宙超級無敵旋螺至尊霹靂大帥哥秋伞淋;1;0;1;159059;6.28697527332625e-06
14761;比伯哈哈哈哈哈;1;0;1;159059;6.28697527332625e-06
14763;三贱客是万恶之源;1;0;1;159059;6.28697527332625e-06
14771;小屁孩儿;1;0;1;159059;6.28697527332625e-06
14776;Ytwlyy挽鹤热水艹哈哈哈哈哈;2;0;2;159059;1.25739505466525e-05
14785;小小莉;1;0;1;159059;6.28697527332625e-06
14787;爱吃华夫饼;1;0;1;159059;6.28697527332625e-06
14789;木子鱼斤欠斤欠嘁我想找个她哈哈哈哈哈哈哈哈哈哈哈哈哈哈哈;1;0;1;159059;6.28697527332625e-06
14793;扑通扑通哈哈哈哈哈哈;1;0;1;159059;6.28697527332625e-06
14796;Claire哈哈哈哈哈哈哈哈c;2;0;2;159059;1.25739505466525e-05
14801;你怎么知道我是宇宙第一帅6;1;0;1;159059;6.28697527332625e-06
14809;北海没有猫;1;0;1;159059;6.28697527332625e-06
14811;0;1;0;1;159059;6.28697527332625e-06
14814;2066;1;0;1;159059;6.28697527332625e-06
14818;不吃自热锅;1;0;1;159059;6.28697527332625e-06
14820;中澳混血男孩;1;0;1;159059;6.28697527332625e-06
14824;苦酒西坤周毅圣泰山呐;1;0;1;159059;6.28697527332625e-06
14826;漓;1;0;1;159059;6.28697527332625e-06
14829;柠檬不萌;1;0;1;159059;6.28697527332625e-06
14832;Forelsket太c了;1;0;1;159059;6.28697527332625e-06
14836;谁来陪我剪月光AISHEN半岛铁桶是你们吗;1;0;1;159059;6.28697527332625e-06
14839;A古董店老板娘凌肖未婚妻咕咚呼啦哈哈哈哈哈哈哈哈;2;0;2;159059;1.25739505466525e-05
14843;孤独患者;1;0;1;159059;6.28697527332625e-06
14848;胖还不少吃;1;0;1;159059;6.28697527332625e-06
14850;GML日暮时分物理啥也不会，看到这个视频笑岔了;1;0;1;159059;6.28697527332625e-06
14852;Ccai菜菜的咸鱼;1;0;1;159059;6.28697527332625e-06
14855;昦;1;0;1;159059;6.28697527332625e-06
14859;破烂軒哈哈哈哈哈哈哈哈哈哈哈哈哈哈哈哈哈哈哈;1;0;1;159059;6.28697527332625e-06
14864;你怎么飞了;1;0;1;159059;6.28697527332625e-06
14869;小狗不刘泪;1;0;1;159059;6.28697527332625e-06
14871;在佛山搬砖的靓仔;1;0;1;159059;6.28697527332625e-06
14879;0;1;0;1;159059;6.28697527332625e-06
14883;宇宙超级无敌究极逆天超强无双太上暴龙战神小小liu;1;0;1;159059;6.28697527332625e-06
14885;月亮不圆满YY紹東二楚耶空山新雨后九离离哦6;1;0;1;159059;6.28697527332625e-06
14891;嘿白泽子;1;0;1;159059;6.28697527332625e-06
14894;迷穀阿布扎比卡啦啦湖中大第一小黑宝略略略;1;0;1;159059;6.28697527332625e-06
14897;BG;1;0;1;159059;6.28697527332625e-06
14900;云朵有点甜;1;0;1;159059;6.28697527332625e-06
14903;不等初恋小王暴富小凯哈哈哈哈哈哈;2;0;2;159059;1.25739505466525e-05
14908;阿烟还是河南的会;1;0;1;159059;6.28697527332625e-06
14911;江浙沪微光迷失尘夏陈冠希6;1;0;1;159059;6.28697527332625e-06
14917;明灯66兆瓦;1;0;1;159059;6.28697527332625e-06
14925;我是一斗先生的狗唯爱社会主义白嗣（原神）濡沫嚱七？;1;0;1;159059;6.28697527332625e-06
14929;寂若安年哈哈这翻译;1;0;1;159059;6.28697527332625e-06
14933;77沈妗绡摩罗丹宝;1;0;1;159059;6.28697527332625e-06
14938;米克尔多乐麦牛买马丁Li大庆别踩这个香蕉皮哂谨远数星星的月亮哈哈一辈子谦手;1;0;1;159059;6.28697527332625e-06
14940;WL;1;0;1;159059;6.28697527332625e-06
14942;爱我过期不侯;1;0;1;159059;6.28697527332625e-06
14944;老衲法号吹牛B凤鹤士道SAMA我不行了;2;0;2;159059;1.25739505466525e-05
14950;灭菌器;1;0;1;159059;6.28697527332625e-06
14954;小符szq赤木里晴子之来自喵喵星球的勇士;1;0;1;159059;6.28697527332625e-06
14959;LR;1;0;1;159059;6.28697527332625e-06
14977;咕噜噜Ooo续集未全猫猫太六了;1;0;1;159059;6.28697527332625e-06
14986;zCookaDu;2;0;2;159059;1.25739505466525e-05
14996;晶晶永远快乐哈哈哈哈哈哈;1;0;1;159059;6.28697527332625e-06
15000;AnL果子黎闭;2;0;2;159059;1.25739505466525e-05
15006;refuseqMoonquakes哈哈哈哈哈哈哈哈哈哈哈;1;0;1;159059;6.28697527332625e-06
15016;M鱿鱼NOW;1;0;1;159059;6.28697527332625e-06
15020;呃呃呃;1;0;1;159059;6.28697527332625e-06
15022;失效药笑死我了;1;0;1;159059;6.28697527332625e-06
15024;港城宝藏男孩卧槽;1;0;1;159059;6.28697527332625e-06
15027;fineee;1;0;1;159059;6.28697527332625e-06
15030;White0551是是是跑慢点等下我哈哈哈哈哈哈哈哈哈哈哈哈哈哈;2;0;2;159059;1.25739505466525e-05
15033;清;1;0;1;159059;6.28697527332625e-06
15035;AI001小妖妖嘿九敏;1;0;1;159059;6.28697527332625e-06
15041;不懂水星记;1;0;1;159059;6.28697527332625e-06
15053;秃头美少女Zzzzzonly小乔（大学生版）拯救巨龙天蝎小狗也爱吃葡萄吗;1;0;1;159059;6.28697527332625e-06
15055;神里绫原（再拍单包是狗版）绝今晚一起失眠牙缝不塞金针菇見面一萬次大齐早点睡空城;1;0;1;159059;6.28697527332625e-06
15061;爱学习的憨憨;1;0;1;159059;6.28697527332625e-06
15064;愛妳俄會入迷卧槽哈哈哈哈哈哈哈哈牛;1;0;1;159059;6.28697527332625e-06
15070;安排杰Deduc;1;0;1;159059;6.28697527332625e-06
15072;SweetFruit;2;0;2;159059;1.25739505466525e-05
15076;今天你学习了吗丘比特x;2;0;2;159059;1.25739505466525e-05
15083;l的烦心事;1;0;1;159059;6.28697527332625e-06
15088;网恋被骗3毛3掩月弃瑕枝demrhfypk肥脸Kio看雪宇笙钝角你你好雯雯子拒绝恒星哈哈哈哈哈哈哈哈哈哈哈;4;0;4;159059;2.5147901093305e-05
15096;劾欲;1;0;1;159059;6.28697527332625e-06
15099;咸鱼即baof哈哈哈哈哈哈哈哈哈哈哈哈哈哈哈哈哈哈哈哈哈哈哈哈哈哈哈哈哈哈哈哈哈哈哈哈哈哈哈哈哈哈哈哈哈哈哈哈哈哈哈哈哈哈哈哈哈哈哈哈哈哈哈哈哈哈哈哈哈哈哈哈哈哈哈哈哈哈哈哈哈哈哈哈;1;0;1;159059;6.28697527332625e-06
15102;天少女哈哈哈哈哈哈哈哈哈哈哈哈哈哈哈哈哈哈哈哈哈哈哈哈哈哈哈哈哈哈哈哈哈哈哈哈哈哈哈哈哈哈哈哈哈哈哈哈哈哈哈哈哈哈哈哈哈哈哈哈哈哈哈哈哈哈;1;0;1;159059;6.28697527332625e-06
15105;我自是年少韶华倾负;1;0;1;159059;6.28697527332625e-06
15115;羽蛇;1;0;1;159059;6.28697527332625e-06
15118;非明即暗笑死我了;1;0;1;159059;6.28697527332625e-06
15122;旖旎我深吸了一口气，周围的人都缺氧而死;1;0;1;159059;6.28697527332625e-06
15124;朝思憋笑有多难你知道吗;1;0;1;159059;6.28697527332625e-06
15126;啊拉斯;1;0;1;159059;6.28697527332625e-06
15136;serien我真笑死了要突然清醒了;1;0;1;159059;6.28697527332625e-06
15138;小李好困;1;0;1;159059;6.28697527332625e-06
15141;岛崎子;1;0;1;159059;6.28697527332625e-06
15146;尹言我的鱼很爱我果子。蓝尾鼠雪球;3;0;3;159059;1.886092581997875e-05
15157;年少轻狂;1;0;1;159059;6.28697527332625e-06
15164;親yellow提拉米苏杨yang？;1;0;1;159059;6.28697527332625e-06
15169;桃乃木小肥;1;0;1;159059;6.28697527332625e-06
15171;镰蟹？;2;0;2;159059;1.25739505466525e-05
15174;iiiovo欠欠;1;0;1;159059;6.28697527332625e-06
15178;亓皌穆木哈哈哈哈哈哈哈哈哈哈哈哈哈哈哈哈哈哈哈哈哈哈哈哈哈哈哈哈哈哈哈哈哈哈哈哈哈哈哈哈哈哈哈哈哈哈哈哈哈哈哈哈哈哈哈哈哈哈哈哈哈哈哈哈哈哈哈哈哈哈哈哈;2;0;2;159059;1.25739505466525e-05
15187;青海第二深情青鸟只昂张去追晚霞果皇的小跟班;2;0;2;159059;1.25739505466525e-05
15197;欧欧欧O哈哈哈哈哈哈;1;0;1;159059;6.28697527332625e-06
15203;悲伤的螺蛳粉;1;0;1;159059;6.28697527332625e-06
15206;0;1;0;1;159059;6.28697527332625e-06
15210;Crush十三觉觉不睡觉阿悦子;1;0;1;159059;6.28697527332625e-06
15215;灰阿巴巴;1;0;1;159059;6.28697527332625e-06
15224;鸿暝;1;0;1;159059;6.28697527332625e-06
15230;鸳当归;1;0;1;159059;6.28697527332625e-06
15234;Charlie在逃未婚妻葛鸽西瓜多多羡185大帅哥;1;0;1;159059;6.28697527332625e-06
15239;约会要等;1;0;1;159059;6.28697527332625e-06
15243;森川月衣AYY;3;0;3;159059;1.886092581997875e-05
15258;哈哈哈;1;0;1;159059;6.28697527332625e-06
15264;姜就一下;1;0;1;159059;6.28697527332625e-06
15266;L卧槽看看哈哈哈哈哈;1;0;1;159059;6.28697527332625e-06
15269;酒与D;1;0;1;159059;6.28697527332625e-06
15271;樱;2;0;2;159059;1.25739505466525e-05
15274;今天不开心;1;0;1;159059;6.28697527332625e-06
15277;哥一上线迷倒一片超级爆王龙笑死了;1;0;1;159059;6.28697527332625e-06
15281;少扯淡;1;0;1;159059;6.28697527332625e-06
15289;珏珏子dlwlrma;1;0;1;159059;6.28697527332625e-06
15293;小昭十三;1;0;1;159059;6.28697527332625e-06
15296;不爱白萝卜哈哈哈哈哈哈哈;1;0;1;159059;6.28697527332625e-06
15300;碳水终结者卧槽嘞嘞;1;0;1;159059;6.28697527332625e-06
15305;Li秋肥咩咩的大兔子贰宝卡瓦二三摘到了只里里;1;0;1;159059;6.28697527332625e-06
15309;咩羊哞哞;1;0;1;159059;6.28697527332625e-06
15313;MitsuKi日和小松菜奈;1;0;1;159059;6.28697527332625e-06
15316;人C麻了;1;0;1;159059;6.28697527332625e-06
15319;N2H4O2离鸾别鹤32秒把我笑傻了;1;0;1;159059;6.28697527332625e-06
15321;榮榮子大只原Mr星辰BeakLi7HAO佳YONG吴嘉浩Kissshot;1;0;1;159059;6.28697527332625e-06
15327;鸭鸭最爱熊熊;2;0;2;159059;1.25739505466525e-05
15330;Z;1;0;1;159059;6.28697527332625e-06
15332;朴宰;1;0;1;159059;6.28697527332625e-06
15334;沐目;1;0;1;159059;6.28697527332625e-06
15336;方源;1;0;1;159059;6.28697527332625e-06
15338;馫;1;0;1;159059;6.28697527332625e-06
15340;AAA刀削宽面批发张姨;1;0;1;159059;6.28697527332625e-06
15350;吃芸种哈哈哈哈哈哈哈哈哈哈哈哈;1;0;1;159059;6.28697527332625e-06
15356;爱哥就扣熟稔;1;0;1;159059;6.28697527332625e-06
15359;困真的6;1;0;1;159059;6.28697527332625e-06
15361;玄玄;1;0;1;159059;6.28697527332625e-06
15366;，，，老霍星星儿;1;0;1;159059;6.28697527332625e-06
15369;你再说一遍;1;0;1;159059;6.28697527332625e-06
15373;崔泡泡;1;0;1;159059;6.28697527332625e-06
15376;YouthandDanger哈哈哈哈哈哈哈哈哈哈哈哈哈哈哈哈哈哈哈哈哈哈哈哈哈哈哈哈哈哈哈哈哈哈哈哈;1;0;1;159059;6.28697527332625e-06
15391;娇俏筱陌;1;0;1;159059;6.28697527332625e-06
15393;七;1;0;1;159059;6.28697527332625e-06
15398;草莓酱JAY;2;0;2;159059;1.25739505466525e-05
15402;榕君;1;0;1;159059;6.28697527332625e-06
15405;释怀吧l噗哈哈哈哈哈哈哈哈哈哈哈哈哈哈哈;2;0;2;159059;1.25739505466525e-05
15410;今天次糖了吗;1;0;1;159059;6.28697527332625e-06
15412;网抑云風始終向海914Speechless真TM库Ronin;3;0;3;159059;1.886092581997875e-05
15418;唐僧洗发用飘柔;1;0;1;159059;6.28697527332625e-06
15421;jiejie爱困法强釹刺客21世纪名侦探鸿宇;1;0;1;159059;6.28697527332625e-06
15424;爱如怀璧夜行笑死我了;1;0;1;159059;6.28697527332625e-06
15429;o个球玉子吃芋子;1;0;1;159059;6.28697527332625e-06
15439;stayorlost还好我不用谷歌翻译;2;0;2;159059;1.25739505466525e-05
15450;jisoo;1;0;1;159059;6.28697527332625e-06
15460;鹭666;1;0;1;159059;6.28697527332625e-06
15462;曲线平抛圆周运动向心力机械能行星运动小新想暴富;3;0;3;159059;1.886092581997875e-05
15466;三斤笑死了;1;0;1;159059;6.28697527332625e-06
15472;BG安然;1;0;1;159059;6.28697527332625e-06
15474;想吃火腿;1;0;1;159059;6.28697527332625e-06
15481;阿无;1;0;1;159059;6.28697527332625e-06
15486;富春江山sjdixoaa;1;0;1;159059;6.28697527332625e-06
15489;林夕哈哈哈哈哈哈哈;1;0;1;159059;6.28697527332625e-06
15491;玖妤;1;0;1;159059;6.28697527332625e-06
15495;。。;1;0;1;159059;6.28697527332625e-06
15499;人生得意须尽欢59王哪liao风的怒吼;2;0;2;159059;1.25739505466525e-05
15503;蜂蜜芥末酱;1;0;1;159059;6.28697527332625e-06
15507;xuuuue哈哈哈哈;2;0;2;159059;1.25739505466525e-05
15515;X杨阳洋X;1;0;1;159059;6.28697527332625e-06
15518;嘿呀咱俩原来上课看谷歌翻译我记得贼清楚一个脊椎炒饭;2;0;2;159059;1.25739505466525e-05
15533;星之;1;0;1;159059;6.28697527332625e-06
15538;我心昭昭日月可鉴monkeyking;1;0;1;159059;6.28697527332625e-06
15544;派大星;1;0;1;159059;6.28697527332625e-06
15546;咱真好看人工智障翻译;1;0;1;159059;6.28697527332625e-06
15548;泛泛之交菱形儿一鱼于i琼崔泡泡陈怡昕L小说嗷嗷绒;1;0;1;159059;6.28697527332625e-06
15550;土匪头子涛桑;1;0;1;159059;6.28697527332625e-06
15554;MSXQYY哈哈哈哈哈哈哈哈哈哈哈哈哈哈哈哈哈哈哈哈哈哈哈哈哈哈哈哈哈哈哈;1;0;1;159059;6.28697527332625e-06
15557;贝尔摩德;1;0;1;159059;6.28697527332625e-06
15559;blue熏鸭6;1;0;1;159059;6.28697527332625e-06
15566;popping轩;1;0;1;159059;6.28697527332625e-06
15568;余年;1;0;1;159059;6.28697527332625e-06
15573;许个愿吧对浪漫过敏是非非爱意睡觉会变白睡不着小叶子;1;0;1;159059;6.28697527332625e-06
15576;不开心苏苏簌簌酥;1;0;1;159059;6.28697527332625e-06
15584;shmily阳;1;0;1;159059;6.28697527332625e-06
15586;十一;1;0;1;159059;6.28697527332625e-06
15595;Q;1;0;1;159059;6.28697527332625e-06
15601;小懒殿下;1;0;1;159059;6.28697527332625e-06
15607;煕駅;1;0;1;159059;6.28697527332625e-06
15610;第九片海;1;0;1;159059;6.28697527332625e-06
15613;余晚秋Lic;1;0;1;159059;6.28697527332625e-06
15615;孤梦C《互相品尝》;1;0;1;159059;6.28697527332625e-06
15617;LL睡着了太上老君亲传弟子每天都好困哈哈哈哈哈哈;1;0;1;159059;6.28697527332625e-06
15627;灯灯的耳朵我快笑死了;1;0;1;159059;6.28697527332625e-06
15630;dyfi;1;0;1;159059;6.28697527332625e-06
15635;20124;1;0;1;159059;6.28697527332625e-06
15639;绘一座江湖哈哈哈哈哈哈哈哈哈;1;0;1;159059;6.28697527332625e-06
15642;有鱼有虾369哈哈哈哈哈哈哈哈哈哈哈哈哈哈哈哈哈哈哈哈哈哈哈哈哈哈哈哈;1;0;1;159059;6.28697527332625e-06
15645;三颗小星星CRUSH荣哈哈哈哈哈哈哈哈哈哈哈哈哈哈哈哈哈哈哈哈哈哈哈哈哈哈哈哈哈哈哈哈哈哈哈哈哈哈;1;0;1;159059;6.28697527332625e-06
15653;早川渡。;1;0;1;159059;6.28697527332625e-06
15658;晚风微倾，抒书狂续;1;0;1;159059;6.28697527332625e-06
15665;嘟嘟喂杜杜哈哈哈哈哈啊哈哈品尝部;1;0;1;159059;6.28697527332625e-06
15668;meteorA;1;0;1;159059;6.28697527332625e-06
15670;PoneyPeilin;1;0;1;159059;6.28697527332625e-06
15673;夏日纠结成风欧豆豆呀;1;0;1;159059;6.28697527332625e-06
15682;十八岁的没志青年;1;0;1;159059;6.28697527332625e-06
15686;霓蝶啊没有一捌零我在乐山吹冷风穆兮;2;0;2;159059;1.25739505466525e-05
15698;一起看海叭别打了我是酱油芒果;2;0;2;159059;1.25739505466525e-05
15704;BZBY;1;0;1;159059;6.28697527332625e-06
15707;河南南部真的是这样吗雨将军;1;0;1;159059;6.28697527332625e-06
15713;WeChat666;1;0;1;159059;6.28697527332625e-06
15716;锦瑟无端五十弦;1;0;1;159059;6.28697527332625e-06
15718;元a;1;0;1;159059;6.28697527332625e-06
15720;冷裤又残裤来笑;1;0;1;159059;6.28697527332625e-06
15722;雪见;1;0;1;159059;6.28697527332625e-06
15726;柒祭升天这样的翻译请给我来一打;2;0;2;159059;1.25739505466525e-05
15730;何器辽耿耿;1;0;1;159059;6.28697527332625e-06
15736;翊笑飞了;1;0;1;159059;6.28697527332625e-06
15741;甜崽Yuoyuo皮皮站在阳台数猩猩;2;0;2;159059;1.25739505466525e-05
15746;晚安;2;0;2;159059;1.25739505466525e-05
15749;狗屎熊;1;0;1;159059;6.28697527332625e-06
15756;唐烫烫;1;0;1;159059;6.28697527332625e-06
15761;半星月好离谱;2;0;2;159059;1.25739505466525e-05
15772;0;1;0;1;159059;6.28697527332625e-06
15782;大家都吃香菜;1;0;1;159059;6.28697527332625e-06
15786;系婷婷吖哈哈哈哈哈哈哈;1;0;1;159059;6.28697527332625e-06
15788;一只只;1;0;1;159059;6.28697527332625e-06
15790;ZXrin;1;0;1;159059;6.28697527332625e-06
15792;baekhyunnn噼里啪啦咚咚娇;1;0;1;159059;6.28697527332625e-06
15804;这是我小朋友怎么说呢就是嘶;1;0;1;159059;6.28697527332625e-06
15820;手机用户;1;0;1;159059;6.28697527332625e-06
15823;醉酒当歌皆非;2;0;2;159059;1.25739505466525e-05
15827;岁岁;1;0;1;159059;6.28697527332625e-06
15830;昏昼;1;0;1;159059;6.28697527332625e-06
15834;Damn;1;0;1;159059;6.28697527332625e-06
15840;江停;1;0;1;159059;6.28697527332625e-06
15845;电池啵哒;1;0;1;159059;6.28697527332625e-06
15847;好养活;1;0;1;159059;6.28697527332625e-06
15851;Sakura;1;0;1;159059;6.28697527332625e-06
15855;星河人间hhhhhhhhhhh;1;0;1;159059;6.28697527332625e-06
15865;艾鲨公煮十二月逢小贝没有肉松;1;0;1;159059;6.28697527332625e-06
15868;yena;1;0;1;159059;6.28697527332625e-06
15873;一个大King非洲最后的深情r拒绝者;1;0;1;159059;6.28697527332625e-06
15876;春华秋实今天有好运么xswl;1;0;1;159059;6.28697527332625e-06
15879;1Zyz2222宋你离开真源的球笑死了;1;0;1;159059;6.28697527332625e-06
15884;小璟x哈哈哈哈哈哈哈哈哈;1;0;1;159059;6.28697527332625e-06
15889;七片玫瑰海小鸟游啊游你头上的花儿看起来好美FelixButifyouwannacry6;2;0;2;159059;1.25739505466525e-05
15893;艺酱专属温柔的神明哈哈哈嗝;1;0;1;159059;6.28697527332625e-06
15898;池垣非zyz不嫁非dx不嫁救人震撼我最酷哈哈哈哈哈哈哈哈哈哈哈哈哈哈哈哈哈哈哈哈;1;0;1;159059;6.28697527332625e-06
15904;角落有家胡辣汤店;1;0;1;159059;6.28697527332625e-06
15907;晴;1;0;1;159059;6.28697527332625e-06
15910;周岁dmh20040430鲁大大大班鸿雁归红岩;2;0;2;159059;1.25739505466525e-05
15913;小鱼小渔;2;0;2;159059;1.25739505466525e-05
15917;小穗碎碎念;1;0;1;159059;6.28697527332625e-06
15919;段嘉许L一只小白;1;0;1;159059;6.28697527332625e-06
15936;我去了许思玖;2;0;2;159059;1.25739505466525e-05
15939;晟xuuDd捅似生物诗子;1;0;1;159059;6.28697527332625e-06
15941;76;2;0;2;159059;1.25739505466525e-05
15946;serendipity用户1131213721930金钱小妤童学笑死我了;1;0;1;159059;6.28697527332625e-06
15954;想不出名字哈哈哈哈哈;1;0;1;159059;6.28697527332625e-06
15957;忆绾;1;0;1;159059;6.28697527332625e-06
15961;会说梦话的艺术家;1;0;1;159059;6.28697527332625e-06
15966;Yik猫猫饼干一口一个嘎嘣脆旧巷慵懒的喵哈哈哈哈哈哈哈笑死了;1;0;1;159059;6.28697527332625e-06
15970;愛喝純牛奶;1;0;1;159059;6.28697527332625e-06
15973;囍楽;1;0;1;159059;6.28697527332625e-06
15980;祝;1;0;1;159059;6.28697527332625e-06
15982;沸羊羊怨种版（带给宝宝好心情buff）;1;0;1;159059;6.28697527332625e-06
15986;孙小猪头迷迷娪Ineffable何小胖2001;1;0;1;159059;6.28697527332625e-06
15996;三万次日落沐宇橘黄落日橙Mayy9蛋黄酱超人哈哈哈;1;0;1;159059;6.28697527332625e-06
16001;心跳我的抖音废了;1;0;1;159059;6.28697527332625e-06
16003;Mirara哈哈哈哈哈哈哈哈哈哈哈哈哈哈;1;0;1;159059;6.28697527332625e-06
16009;不羁;1;0;1;159059;6.28697527332625e-06
16033;小z离谱;1;0;1;159059;6.28697527332625e-06
16042;Jzy;1;0;1;159059;6.28697527332625e-06
16044;薛百万;1;0;1;159059;6.28697527332625e-06
16046;什么是永远;1;0;1;159059;6.28697527332625e-06
16048;Camellia山茶张宜泽九懒羊羊爱看输小茜子MRHWB;1;0;1;159059;6.28697527332625e-06
16054;T;1;0;1;159059;6.28697527332625e-06
16057;再睡一夏;1;0;1;159059;6.28697527332625e-06
16060;RongR啊哈哈哈哈哈哈哈哈哈哈哈哈哈哈哈哈哈哈哈哈哈哈哈哈哈哈哈哈哈哈哈哈哈哈哈哈哈哈哈哈哈哈哈哈哈哈哈哈哈哈哈哈哈哈哈哈;1;0;1;159059;6.28697527332625e-06
16068;小笨日记;1;0;1;159059;6.28697527332625e-06
16075;阿也茶蛋是我男人小皮皮玺的鹤儿yeeDarryRing舍长;1;0;1;159059;6.28697527332625e-06
16080;偷吃月亮哈哈哈哈哈哈哈哈哈哈哈哈哈哈哈哈哈哈hhhhhhhhhhhhhhhh;1;0;1;159059;6.28697527332625e-06
16085;XF丶徐风;1;0;1;159059;6.28697527332625e-06
16093;Annnn笑死我了;1;0;1;159059;6.28697527332625e-06
16095;白杨儿芷陌吖抓住那朵云归零E无事小神仙发癫的猫我是仓鼠把酒暖阳救命哈哈哈哈哈哈哈好吧;1;0;1;159059;6.28697527332625e-06
16097;大白天遇见阎王爷;1;0;1;159059;6.28697527332625e-06
16099;尔恩程芬Allen;2;0;2;159059;1.25739505466525e-05
16105;0;1;0;1;159059;6.28697527332625e-06
16109;是小楠鸭一只眠杨碎碎念平安;2;0;2;159059;1.25739505466525e-05
16115;叫我富贵就好自律小归一阿叭贡哈哈哈哈哈哈哈哈哈哈哈哈哈;1;0;1;159059;6.28697527332625e-06
16119;Aaa手机贴膜李师傅;1;0;1;159059;6.28697527332625e-06
16123;你没事吧;1;0;1;159059;6.28697527332625e-06
16134;LFC;1;0;1;159059;6.28697527332625e-06
16136;4ce;1;0;1;159059;6.28697527332625e-06
16138;美女emo了哈哈哈哈哈哈哈哈哈哈哈哈哈哈哈哈;1;0;1;159059;6.28697527332625e-06
16140;苏荷迷城6;1;0;1;159059;6.28697527332625e-06
16143;我在认真听（emo修勾版oohMadinaalit巨蟹座胖公主;2;0;2;159059;1.25739505466525e-05
16148;厌倦6啊;1;0;1;159059;6.28697527332625e-06
16152;我是小猫;1;0;1;159059;6.28697527332625e-06
16155;吃不饱的美吕陳易;1;0;1;159059;6.28697527332625e-06
16158;有忧有乐;1;0;1;159059;6.28697527332625e-06
16166;是蛊不是谷;1;0;1;159059;6.28697527332625e-06
16168;LWGAYkinkrit曦禾（偷穿狐狸内裤版）星星烟月benbb;1;0;1;159059;6.28697527332625e-06
16173;wyyyy（emo版;1;0;1;159059;6.28697527332625e-06
16175;普月彦;1;0;1;159059;6.28697527332625e-06
16177;0;1;0;1;159059;6.28697527332625e-06
16180;shoto麦外敷哈哈哈哈哈哈哈哈哈哈哈哈哈哈哈哈哈;1;0;1;159059;6.28697527332625e-06
16184;一天;1;0;1;159059;6.28697527332625e-06
16186;小胡吃饭了吗？你听后面的出师表;1;0;1;159059;6.28697527332625e-06
16188;崽崽;2;0;2;159059;1.25739505466525e-05
16192;纸奥照;1;0;1;159059;6.28697527332625e-06
16197;Rosie;1;0;1;159059;6.28697527332625e-06
16200;iuQo;1;0;1;159059;6.28697527332625e-06
16203;东南信开心的中切牙哈哈哈哈哈哈哈哈哈哈哈哈哈哈;1;0;1;159059;6.28697527332625e-06
16205;Naive宋远航屿她起起落落落落落落李梓傲娇哦w哎呀我真的不行了哈哈哈哈哈哈哈哈哈哈哈;1;0;1;159059;6.28697527332625e-06
16208;毛子;1;0;1;159059;6.28697527332625e-06
16211;AlexandraEllie沈延知好多cc;1;0;1;159059;6.28697527332625e-06
16216;A;1;0;1;159059;6.28697527332625e-06
16222;菜开心6;1;0;1;159059;6.28697527332625e-06
16226;占得人间第一春这啥呀;1;0;1;159059;6.28697527332625e-06
16230;小糰不知道哦灯我要瘋了都給我笑;1;0;1;159059;6.28697527332625e-06
16235;倔强的二叉树;1;0;1;159059;6.28697527332625e-06
16241;呀耶煩;1;0;1;159059;6.28697527332625e-06
16244;我是李二牛他爹;1;0;1;159059;6.28697527332625e-06
16248;相宜kkkkkCecil李采璇璇璇璇;1;0;1;159059;6.28697527332625e-06
16251;晚吟这个出师表;1;0;1;159059;6.28697527332625e-06
16253;油炸小猴子;1;0;1;159059;6.28697527332625e-06
16255;。。。;1;0;1;159059;6.28697527332625e-06
16257;AAA专业通下水道6姐哈哈哈哈哈哈;1;0;1;159059;6.28697527332625e-06
16259;xltx無;1;0;1;159059;6.28697527332625e-06
16262;眠空;1;0;1;159059;6.28697527332625e-06
16266;我知道了;1;0;1;159059;6.28697527332625e-06
16275;没什么好称呼的;2;0;2;159059;1.25739505466525e-05
16293;哈哈哈哈哈哈哈哈哈哈哈哈哈哈哈哈哈哈哈哈哈哈哈哈哈哈哈哈哈是七仔呀;2;0;2;159059;1.25739505466525e-05
16296;保持那份回忆哈哈哈哈;1;0;1;159059;6.28697527332625e-06
16299;打游戏不嘴不会赢红烧加茄子啊这121忘忧笑死我了;2;0;2;159059;1.25739505466525e-05
16304;Anuan;1;0;1;159059;6.28697527332625e-06
16306;k哈哈哈哈焯;1;0;1;159059;6.28697527332625e-06
16318;文文尔尔;1;0;1;159059;6.28697527332625e-06
16328;不再犹豫Jaychou;1;0;1;159059;6.28697527332625e-06
16330;Aigg923;1;0;1;159059;6.28697527332625e-06
16341;沙雕网友;1;0;1;159059;6.28697527332625e-06
16343;WZ少7一点豆花;1;0;1;159059;6.28697527332625e-06
16347;刚子哈哈哈哈哈哈哈哈哈哈;1;0;1;159059;6.28697527332625e-06
16349;Yepe靠救救我;1;0;1;159059;6.28697527332625e-06
16351;一路向北、安好啊哈哈哈哈哈;1;0;1;159059;6.28697527332625e-06
16358;小杨不开心;1;0;1;159059;6.28697527332625e-06
16361;王夫人;1;0;1;159059;6.28697527332625e-06
16363;黑眼圈;1;0;1;159059;6.28697527332625e-06
16365;Anni瑾瑜爱有千千结炸毛可乐今朝hhh;1;0;1;159059;6.28697527332625e-06
16368;欢乐小蛋;1;0;1;159059;6.28697527332625e-06
16373;亮亮这个名字用不了一头榴莲一xiuxiu我笑死了;2;0;2;159059;1.25739505466525e-05
16377;棋落便是剧终君临醉;1;0;1;159059;6.28697527332625e-06
16379;Sonder玛卡巴卡叮叮车跳跳虎都很喜欢你进击的菜鸟牧羊人enenla阿森AsenAAA会计批发文老板cikey;2;0;2;159059;1.25739505466525e-05
16383;酸奶布蕾多糖我想起来，高中语文有翻译古文题，当时我们班有个人翻译杜甫左右勾其母，翻译成，杜甫用钩子把他妈妈勾死了;1;0;1;159059;6.28697527332625e-06
16386;秋奈？;1;0;1;159059;6.28697527332625e-06
16392;美女，别管;1;0;1;159059;6.28697527332625e-06
16394;哈哈哈哈哈哈哈哈哈哈哈哈哈哈哈哈哈哈哈哈哈哈哈哈列夫年苞米歪歪一笑很倾城;1;0;1;159059;6.28697527332625e-06
16396;西瓜霜韩片;1;0;1;159059;6.28697527332625e-06
16398;43岁麻辣小白兔哈哈;1;0;1;159059;6.28697527332625e-06
16408;故意避开;1;0;1;159059;6.28697527332625e-06
16416;羁旅客;1;0;1;159059;6.28697527332625e-06
16419;缚x汉堡包坏情绪小狗匡烤个烤串诅咒z美容院我要睡觉噜;1;0;1;159059;6.28697527332625e-06
16421;阮小元笑死了相互品尝;1;0;1;159059;6.28697527332625e-06
16424;Whisper;1;0;1;159059;6.28697527332625e-06
16428;阿雨小Liu同学;1;0;1;159059;6.28697527332625e-06
16430;厚厚厚芋泥豆乳茶Aiw慕子衿武小瘦姜丝sweet亲爱的乖乖蛮不讲李加一加一rinnki土土是个什么鬼什么芋泥香蕉鱼糕权八郎;1;0;1;159059;6.28697527332625e-06
16432;洞洞幺哈哈哈哈哈哈;1;0;1;159059;6.28697527332625e-06
16437;張思佳語蕊;1;0;1;159059;6.28697527332625e-06
16440;一只猫宁;1;0;1;159059;6.28697527332625e-06
16445;三号杰尼龟;1;0;1;159059;6.28697527332625e-06
16447;真的会肝;1;0;1;159059;6.28697527332625e-06
16451;iiiss;1;0;1;159059;6.28697527332625e-06
16454;寄往海的信任roadong一个达不牛;1;0;1;159059;6.28697527332625e-06
16459;我要睡觉玖玖玖玖玖钮钴禄大冤种敏哥（爱炫版）番茄鸡屎牛杂汤碎冰碎冰;3;0;3;159059;1.886092581997875e-05
16463;朽桀人类果然想不出来吧;1;0;1;159059;6.28697527332625e-06
16466;初夏小汤圆哈哈哈哈哈哈;1;0;1;159059;6.28697527332625e-06
16468;A着迷;1;0;1;159059;6.28697527332625e-06
16475;雪地里写诗笑死我了;1;0;1;159059;6.28697527332625e-06
16482;iturEluV;2;0;2;159059;1.25739505466525e-05
16485;Air哈哈哈哈哈哈哈哈哈哈哈哈哈哈哈哈哈哈哈哈哈哈哈哈哈哈哈哈哈哈哈哈哈哈哈哈哈哈哈哈哈哈哈哈哈哈哈哈哈哈哈哈哈哈哈;1;0;1;159059;6.28697527332625e-06
16488;哇哒西蛙Escape睡不醒的霹雳猫咸鱼姐顾惜辞;1;0;1;159059;6.28697527332625e-06
16494;孤痞rsdg救命;1;0;1;159059;6.28697527332625e-06
16496;大家别吵了这翻译厉害;1;0;1;159059;6.28697527332625e-06
16498;桃汁罐投笑死我了;1;0;1;159059;6.28697527332625e-06
16500;汤醒醒;1;0;1;159059;6.28697527332625e-06
16502;刘哈哈;1;0;1;159059;6.28697527332625e-06
16506;牛马战士;1;0;1;159059;6.28697527332625e-06
16509;未来的富婆;1;0;1;159059;6.28697527332625e-06
16511;巷子里的童年虔;1;0;1;159059;6.28697527332625e-06
16517;onli;1;0;1;159059;6.28697527332625e-06
16528;心的;1;0;1;159059;6.28697527332625e-06
16530;糕;1;0;1;159059;6.28697527332625e-06
16539;苏打soda;1;0;1;159059;6.28697527332625e-06
16541;啥玩意？;1;0;1;159059;6.28697527332625e-06
16543;特昂糖今天你赵睿了嘛张秃茶落卿然哈哈哈哈哈哈哈哈哈哈哈哈;2;0;2;159059;1.25739505466525e-05
16547;是欣不是新;1;0;1;159059;6.28697527332625e-06
16550;狸奴哈哈哈哈哈哈哈哈哈哈哈哈哈哈哈;1;0;1;159059;6.28697527332625e-06
16555;的确我们河南都是这样的鸢慕;1;0;1;159059;6.28697527332625e-06
16559;奈烦烦烦烦烦豪豪阿宅小新xoekDec9y7小熙呱呱呱呱呱呱呱呱呱呱呱呱呱;1;0;1;159059;6.28697527332625e-06
16563;想睡觉;1;0;1;159059;6.28697527332625e-06
16565;啊的f;1;0;1;159059;6.28697527332625e-06
16572;如梦Russell1蟹阿金羊与牧人戒丿;2;0;2;159059;1.25739505466525e-05
16584;普木柚雪球来咯;1;0;1;159059;6.28697527332625e-06
16589;释;1;0;1;159059;6.28697527332625e-06
16591;摆烂第一人;1;0;1;159059;6.28697527332625e-06
16597;l好离谱啊救命;1;0;1;159059;6.28697527332625e-06
16599;courage戴眼镜的小姜哈哈哈哈哈哈哈哈哈;1;0;1;159059;6.28697527332625e-06
16604;张八万;1;0;1;159059;6.28697527332625e-06
16607;一个会暴富的人阿妖妖;1;0;1;159059;6.28697527332625e-06
16609;1;1;0;1;159059;6.28697527332625e-06
16613;四二零智障儿童77;3;0;3;159059;1.886092581997875e-05
16617;柠檬苦瓜奶茶;1;0;1;159059;6.28697527332625e-06
16620;二九叭叭;1;0;1;159059;6.28697527332625e-06
16622;散漫风尘诸葛亮：;1;0;1;159059;6.28697527332625e-06
16625;牧远磊小二听山说雾李真理;1;0;1;159059;6.28697527332625e-06
16627;问君能有几多愁;1;0;1;159059;6.28697527332625e-06
16636;修deriiiislaw互联网禁言打印机修mer;2;0;2;159059;1.25739505466525e-05
16639;欣哈哈哈哈;1;0;1;159059;6.28697527332625e-06
16646;蓝魔魔蓝;1;0;1;159059;6.28697527332625e-06
16650;拉出无人区最终章哈哈哈哈哈哈哈哈哈哈哈哈哈哈哈哈哈哈;1;0;1;159059;6.28697527332625e-06
16658;午马？;1;0;1;159059;6.28697527332625e-06
16662;1dayDoll四次方Cxk;1;0;1;159059;6.28697527332625e-06
16669;高for笑死我了他妈的;1;0;1;159059;6.28697527332625e-06
16671;RMB;2;0;2;159059;1.25739505466525e-05
16674;lost笑死我了;1;0;1;159059;6.28697527332625e-06
16676;坏;1;0;1;159059;6.28697527332625e-06
16679;5TEXPRESS糖果吃不腻Y小金刚Y哈哈哈哈哈;1;0;1;159059;6.28697527332625e-06
16683;闻起舞;1;0;1;159059;6.28697527332625e-06
16685;早川小雪笑晕;1;0;1;159059;6.28697527332625e-06
16690;x伤心小狗;1;0;1;159059;6.28697527332625e-06
16695;在等你心动奶油味爆米花;4;0;4;159059;2.5147901093305e-05
16704;间歇哈哈哈哈;1;0;1;159059;6.28697527332625e-06
16706;祁Weioo熊泽太H2O;4;0;4;159059;2.5147901093305e-05
16717;半眠日记啊哈哈哈;1;0;1;159059;6.28697527332625e-06
16721;小徐我操哈哈哈哈哈哈哈;1;0;1;159059;6.28697527332625e-06
16731;仙桃仁;1;0;1;159059;6.28697527332625e-06
16733;卓粉色信笺lyfx20191226;1;0;1;159059;6.28697527332625e-06
16736;戈多失联了人工智障;1;0;1;159059;6.28697527332625e-06
16739;小孟同学二维码我靠，诸葛亮得气活过来;1;0;1;159059;6.28697527332625e-06
16742;谢桥向山;1;0;1;159059;6.28697527332625e-06
16744;鱼排真难吃水组成;2;0;2;159059;1.25739505466525e-05
16747;钱海里的游泳员;1;0;1;159059;6.28697527332625e-06
16752;研磨不行了笑的受不了了;1;0;1;159059;6.28697527332625e-06
16760;高某爱冒险;1;0;1;159059;6.28697527332625e-06
16764;PTE;1;0;1;159059;6.28697527332625e-06
16766;欧不到boss不改名;1;0;1;159059;6.28697527332625e-06
16773;海的摆烂人生AAA专业爬电线杆电器维修张哥莫等左手打球的涛;2;0;2;159059;1.25739505466525e-05
16777;Dream;1;0;1;159059;6.28697527332625e-06
16780;鱼骨头ww哈哈哈哈哈哈;1;0;1;159059;6.28697527332625e-06
16782;沉无念？;5;0;5;159059;3.143487636663125e-05
16795;悲伤卤鸡脖;1;0;1;159059;6.28697527332625e-06
16798;卡夫卡的熊哈哈哈哈哈哈;1;0;1;159059;6.28697527332625e-06
16802;甜甜哈哈哈哈;1;0;1;159059;6.28697527332625e-06
16809;薺哈哈哈哈哈;1;0;1;159059;6.28697527332625e-06
16814;羁鸟;1;0;1;159059;6.28697527332625e-06
16816;听雨言;1;0;1;159059;6.28697527332625e-06
16819;连三七;1;0;1;159059;6.28697527332625e-06
16821;WYX啊啊啊啊啊;1;0;1;159059;6.28697527332625e-06
16824;壬乾我不理解;1;0;1;159059;6.28697527332625e-06
16826;麻辣小龙夏winterEinSterblicher。。。魚摇摇头可以;1;0;1;159059;6.28697527332625e-06
16828;孤僻的瓶子;1;0;1;159059;6.28697527332625e-06
16833;夕子Zbq;1;0;1;159059;6.28697527332625e-06
16838;呆盗;1;0;1;159059;6.28697527332625e-06
16840;笨蛋是心动小瑾秋分呜昂王超级宇宙无敌霹雳啪啦嘎嘎猛炫饭暴龙战士笑死我了哈哈哈哈哈哈;2;0;2;159059;1.25739505466525e-05
16843;之余lunemo整个宇宙;2;0;2;159059;1.25739505466525e-05
16853;日落说晚安;1;0;1;159059;6.28697527332625e-06
16860;pluviophile夷陵小绿茶（返校崩溃版）小陈同学笑死我了;1;0;1;159059;6.28697527332625e-06
16863;落雁不知归处哈哈哈哈哈;1;0;1;159059;6.28697527332625e-06
16869;南梵;1;0;1;159059;6.28697527332625e-06
16872;簪星鹤;1;0;1;159059;6.28697527332625e-06
16878;喜欢睡觉把你的屁股切两半呜昂王冬日祈雪;1;0;1;159059;6.28697527332625e-06
16884;当空;2;0;2;159059;1.25739505466525e-05
16888;轻云含半月哈哈哈哈哈哈哈哈哈哈哈哈哈哈哈哈哈哈哈哈哈哈哈哈哈哈哈哈哈哈哈哈哈哈哈;1;0;1;159059;6.28697527332625e-06
16890;SssG看这个;1;0;1;159059;6.28697527332625e-06
16899;慕浅浅中北第一深情李晨;1;0;1;159059;6.28697527332625e-06
16907;今天瘦几斤鬼卿;1;0;1;159059;6.28697527332625e-06
16910;活爹666;1;0;1;159059;6.28697527332625e-06
16914;负川雾川妳噶R;1;0;1;159059;6.28697527332625e-06
16917;5Xforever三个最可口的;1;0;1;159059;6.28697527332625e-06
16920;无人区玫瑰王仔牛奶;1;0;1;159059;6.28697527332625e-06
16924;Fan木木呀笑死我了;2;0;2;159059;1.25739505466525e-05
16929;To;1;0;1;159059;6.28697527332625e-06
16945;夏柚帅气的泽塔哈哈哈哈哈哈哈哈哈哈哈哈哈哈;1;0;1;159059;6.28697527332625e-06
16953;是阿富啊卢大发lislelove丶诺言;1;0;1;159059;6.28697527332625e-06
16955;倾国倾陈;1;0;1;159059;6.28697527332625e-06
16964;看见我的话请让我滚去背单词nm笑死了;1;0;1;159059;6.28697527332625e-06
16968;心碎小狗;1;0;1;159059;6.28697527332625e-06
16970;大姨妈;1;0;1;159059;6.28697527332625e-06
16973;与江南赴约在办公室笑太大声，把组长引过来了;2;0;2;159059;1.25739505466525e-05
16979;颓鱼;1;0;1;159059;6.28697527332625e-06
16983;？？？。笑死我了;1;0;1;159059;6.28697527332625e-06
16987;voxanne;1;0;1;159059;6.28697527332625e-06
17001;WMH;1;0;1;159059;6.28697527332625e-06
17008;小黄鸭哈哈哈哈哈哈哈哈哈哈;1;0;1;159059;6.28697527332625e-06
17010;ROSE万春。。。，：;1;0;1;159059;6.28697527332625e-06
17012;弥生;1;0;1;159059;6.28697527332625e-06
17016;N笑死了;1;0;1;159059;6.28697527332625e-06
17019;我就站在那;1;0;1;159059;6.28697527332625e-06
17022;为了夢想原神玩家哈哈你自己说雨眠镜姐姐贴贴哇那个女孩;1;0;1;159059;6.28697527332625e-06
17026;不复刻雨伞不改名;1;0;1;159059;6.28697527332625e-06
17033;一朵无名花哈哈哈;1;0;1;159059;6.28697527332625e-06
17040;天气刚刚好;2;0;2;159059;1.25739505466525e-05
17043;iii;1;0;1;159059;6.28697527332625e-06
17046;墨笙阿葵星神经领袖Aurora蓝桉Lvy桃子两毛五用户9881068656617;1;0;1;159059;6.28697527332625e-06
17049;39是谁不许再吃了啊？12138热心市民;1;0;1;159059;6.28697527332625e-06
17053;厌陌;1;0;1;159059;6.28697527332625e-06
17055;六六刘乖乖小宝小雪不凶;2;0;2;159059;1.25739505466525e-05
17059;暴龙战士芳芳学错了出师表了;2;0;2;159059;1.25739505466525e-05
17067;蕤龘笑死了;1;0;1;159059;6.28697527332625e-06
17069;菠萝不是啵;1;0;1;159059;6.28697527332625e-06
17074;快樂;1;0;1;159059;6.28697527332625e-06
17083;0;1;0;1;159059;6.28697527332625e-06
17087;小蓝宝宝;1;0;1;159059;6.28697527332625e-06
17094;只只;1;0;1;159059;6.28697527332625e-06
17097;SimonLin;1;0;1;159059;6.28697527332625e-06
17104;起名废求放过;1;0;1;159059;6.28697527332625e-06
17106;Ananano不伤心的荷包蛋哈哈哈哈哈哈哈哈哈哈哈哈哈哈哈哈哈哈哈哈哈哈哈哈哈哈哈哈哈哈哈哈哈哈哈哈哈哈哈哈哈哈哈哈哈哈哈哈哈哈哈哈哈哈哈哈哈哈哈哈哈哈哈哈哈哈哈哈哈哈哈哈哈哈哈哈哈哈哈哈哈哈;2;0;2;159059;1.25739505466525e-05
17109;7ne6;1;0;1;159059;6.28697527332625e-06
17115;些许潦草选出三个最可口的;1;0;1;159059;6.28697527332625e-06
17119;来自火星的真神笑死我了;2;0;2;159059;1.25739505466525e-05
17122;真智能。。;1;0;1;159059;6.28697527332625e-06
17124;某人哈哈哈哈哈哈哈哈哈哈哈哈;1;0;1;159059;6.28697527332625e-06
17128;流浪者与猴避怜6;2;0;2;159059;1.25739505466525e-05
17133;晚岸椒盐核桃是小谢呀LMH包吭气Chen你好;1;0;1;159059;6.28697527332625e-06
17135;仔仔;1;0;1;159059;6.28697527332625e-06
17139;qqqsh;2;0;2;159059;1.25739505466525e-05
17142;望舒哈哈哈哈哈哈哈哈哈笑死我了;1;0;1;159059;6.28697527332625e-06
17144;漂亮草莓;2;0;2;159059;1.25739505466525e-05
17152;安生人工智障;1;0;1;159059;6.28697527332625e-06
17154;EveningFlander五月千辞;2;0;2;159059;1.25739505466525e-05
17159;爱吃炸鸡;1;0;1;159059;6.28697527332625e-06
17162;嵘呆呆;1;0;1;159059;6.28697527332625e-06
17165;开心恐龙龙小欣没烦恼zeroYeeemade笑死我;1;0;1;159059;6.28697527332625e-06
17171;好想睡大觉;1;0;1;159059;6.28697527332625e-06
17175;星班客;1;0;1;159059;6.28697527332625e-06
17181;S1;1;0;1;159059;6.28697527332625e-06
17186;Mmmm哈哈哈哈哈哈哈哈哈哈哈哈哈哈哈哈哈哈哈哈哈哈哈哈哈哈哈哈哈哈哈哈哈哈哈哈笑拉了;1;0;1;159059;6.28697527332625e-06
17193;错过6666;1;0;1;159059;6.28697527332625e-06
17195;睡不醒的小刘;1;0;1;159059;6.28697527332625e-06
17197;溪了了TvT云中鹤;2;0;2;159059;1.25739505466525e-05
17200;烛;1;0;1;159059;6.28697527332625e-06
17206;天赋牛啊;1;0;1;159059;6.28697527332625e-06
17211;饭团幼稚园头头笑死我了;2;0;2;159059;1.25739505466525e-05
17214;小卡农;1;0;1;159059;6.28697527332625e-06
17216;林黛玉倒拔垂杨柳;1;0;1;159059;6.28697527332625e-06
17219;mindthestep我要笑死;1;0;1;159059;6.28697527332625e-06
17224;观怨;1;0;1;159059;6.28697527332625e-06
17228;噗噗;1;0;1;159059;6.28697527332625e-06
17233;04;1;0;1;159059;6.28697527332625e-06
17238;秦;1;0;1;159059;6.28697527332625e-06
17240;yolo我不行了哈哈哈哈哈哈哈;1;0;1;159059;6.28697527332625e-06
17246;陈粒的果粒橙（）只想睡觉所以说，古诗词不能翻译;2;0;2;159059;1.25739505466525e-05
17250;尹天仇乜7啊;1;0;1;159059;6.28697527332625e-06
17252;哪呢炸鸡从今天开始早睡（自律版）盐盐盐仔我产品就是最好磕的14时睡觉制ciyuaZZ王鹤棣女友版本座要给她三界中最盛大的婚李女士;2;0;2;159059;1.25739505466525e-05
17265;我有一条鱼下辈子在努力吧;1;0;1;159059;6.28697527332625e-06
17267;去过延禧宫的绝情闲鱼艹哈哈哈哈哈哈哈哈哈哈哈哈哈哈哈哈哈哈哈比;1;0;1;159059;6.28697527332625e-06
17270;青青哈哈哈哈哈哈哈要笑死我了;1;0;1;159059;6.28697527332625e-06
17272;feel;9;0;9;159059;5.658277745993625e-05
17282;聿FOR张杰的音精3cm记得说晚安勾勾啊奥特曼的爷爷小新很难过爱笑的秃头女孩笑死我了;1;0;1;159059;6.28697527332625e-06
17286;上世纪塔塔公主亖橘日落青山;1;0;1;159059;6.28697527332625e-06
17288;爱笑的眼睛;1;0;1;159059;6.28697527332625e-06
17292;0;1;0;1;159059;6.28697527332625e-06
17295;X;1;0;1;159059;6.28697527332625e-06
17298;你上衣有兜么;1;0;1;159059;6.28697527332625e-06
17303;董小花哈哈哈哈哈;1;0;1;159059;6.28697527332625e-06
17305;二十一世纪冤种战士你在搞什么;1;0;1;159059;6.28697527332625e-06
17308;凌妤月白天云;2;0;2;159059;1.25739505466525e-05
17315;SixThreeTwo;1;0;1;159059;6.28697527332625e-06
17319;秋日恋918？;2;0;2;159059;1.25739505466525e-05
17323;悲伤麻辣烫乐死我了;2;0;2;159059;1.25739505466525e-05
17330;云华;1;0;1;159059;6.28697527332625e-06
17339;不吃魔芋hhhhhhhhhhh;1;0;1;159059;6.28697527332625e-06
17343;风要我向前;2;0;2;159059;1.25739505466525e-05
17349;夜间模式;1;0;1;159059;6.28697527332625e-06
17353;小财迷最喜欢了是倩倩呀哈哈哈哈哈哈;1;0;1;159059;6.28697527332625e-06
17356;小花今天早睡了没？互相品尝;1;0;1;159059;6.28697527332625e-06
17361;savior望舒;2;0;2;159059;1.25739505466525e-05
17367;清纯虫二（少女版）渡小胖苏打可乐哈哈哈哈哈哈哈哈哈哈;1;0;1;159059;6.28697527332625e-06
17369;抽象带兜子;1;0;1;159059;6.28697527332625e-06
17374;橘;1;0;1;159059;6.28697527332625e-06
17378;莱真德Serein蓝色星空熊博士;1;0;1;159059;6.28697527332625e-06
17380;Lowarma家的一只小蜘蛛这不文学家翻译一下;2;0;2;159059;1.25739505466525e-05
17383;柠萌万叶穿堂风;1;0;1;159059;6.28697527332625e-06
17386;软软松鼠大阪猫猫男友夙烈睡大觉哈哈哈哈哈哈哈哈哈哈哈哈哈哈哈哈哈哈哈哈哈哈哈哈哈;2;0;2;159059;1.25739505466525e-05
17397;Kisskiss隐酱ovo;1;0;1;159059;6.28697527332625e-06
17399;男大学牲无关;1;0;1;159059;6.28697527332625e-06
17401;火页哈哈哈哈哈哈哈哈哈哈哈哈;1;0;1;159059;6.28697527332625e-06
17403;发如雪;1;0;1;159059;6.28697527332625e-06
17408;不多不多;1;0;1;159059;6.28697527332625e-06
17411;不等风笑死我了;1;0;1;159059;6.28697527332625e-06
17417;哈哈哈哈;2;0;2;159059;1.25739505466525e-05
17420;沈煜魏无羡柒婳溟昕hels;2;0;2;159059;1.25739505466525e-05
17423;花甲你是氢氧化钠，甲烷和粉色氢气组成的嘛;1;0;1;159059;6.28697527332625e-06
17426;冰糖葫芦子;1;0;1;159059;6.28697527332625e-06
17436;大怨种你最爱的狗血;1;0;1;159059;6.28697527332625e-06
17443;ccc;1;0;1;159059;6.28697527332625e-06
17446;呐。新木一枯荣老人与地中海美人持剑好像很流畅;1;0;1;159059;6.28697527332625e-06
17449;璃卿;1;0;1;159059;6.28697527332625e-06
17460;G梵lonely笑不活了;1;0;1;159059;6.28697527332625e-06
17467;壹贰叁哈哈哈哈哈哈;2;0;2;159059;1.25739505466525e-05
17472;anchovy;2;0;2;159059;1.25739505466525e-05
17478;小何想要上岸冥御;1;0;1;159059;6.28697527332625e-06
17480;柠;1;0;1;159059;6.28697527332625e-06
17483;国产的小祖宗噗哈哈哈哈哈哈哈哈哈哈哈哈哈哈哈哈哈哈哈哈哈哈哈哈救命;1;0;1;159059;6.28697527332625e-06
17486;日落。熊二的朋友;1;0;1;159059;6.28697527332625e-06
17488;61Loopy;1;0;1;159059;6.28697527332625e-06
17492;南轩回响8擦;1;0;1;159059;6.28697527332625e-06
17497;敏0001西卡杰哈哈哈哈哈哈哈;1;0;1;159059;6.28697527332625e-06
17503;养只小杨;1;0;1;159059;6.28697527332625e-06
17508;还是不知道吗哈哈哈哈哈哈哈;1;0;1;159059;6.28697527332625e-06
17512;T1991星陨wise李小段无糖快乐水;2;0;2;159059;1.25739505466525e-05
17517;zclownLicardoMJIn人工智障;1;0;1;159059;6.28697527332625e-06
17519;1、;6;0;6;159059;3.77218516399575e-05
17526;Morendo哈哈哈哈哈哈哈哈;1;0;1;159059;6.28697527332625e-06
17530;谢一漓星遇我是屑（瓶颈期中）安室娜nana草啊。;2;0;2;159059;1.25739505466525e-05
17533;LEiAuK;1;0;1;159059;6.28697527332625e-06
17536;安安;1;0;1;159059;6.28697527332625e-06
17540;原罪劍士;3;0;3;159059;1.886092581997875e-05
17544;关你屁事;1;0;1;159059;6.28697527332625e-06
17548;不会说话的小孩最可口的;9;0;9;159059;5.658277745993625e-05
17558;幽梦小线;1;0;1;159059;6.28697527332625e-06
17568;咕噜噜向阳哈哈哈哈哈哈哈哈哈哈哈哈哈哈哈过;1;0;1;159059;6.28697527332625e-06
17574;regret夏颢楠无续哈哈哈哈哈哈哈哈哈哈;1;0;1;159059;6.28697527332625e-06
17576;光恰饭的波特gSo;1;0;1;159059;6.28697527332625e-06
17578;王羽zGod;1;0;1;159059;6.28697527332625e-06
17582;络哈哈哈哈哈哈哈哈哈;2;0;2;159059;1.25739505466525e-05
17585;rain;1;0;1;159059;6.28697527332625e-06
17590;木木夕;1;0;1;159059;6.28697527332625e-06
17592;Yolanda;1;0;1;159059;6.28697527332625e-06
17595;Active;1;0;1;159059;6.28697527332625e-06
17598;文森特;1;0;1;159059;6.28697527332625e-06
17602;沙雕橘子;1;0;1;159059;6.28697527332625e-06
17605;憨憨豆子陈某人惊鸿滚滚滚滚朝圣黎初酱穹陈;1;0;1;159059;6.28697527332625e-06
17608;风梦k如何才算释怀BUG小夕;1;0;1;159059;6.28697527332625e-06
17610;小羊菜儿哈哈哈哈哈哈哈看完笑死我;1;0;1;159059;6.28697527332625e-06
17614;没亲过女生的嘴;1;0;1;159059;6.28697527332625e-06
17619;46日知昂张涵阳小乐没有中投夕颜过后再无疾风;1;0;1;159059;6.28697527332625e-06
17622;末药给你送花圈圈苏打哒哒哒虾球a喵女是咱;1;0;1;159059;6.28697527332625e-06
17624;冰颜哈哈哈哈哈哈哈哈哈哈哈哈哈哈哈哈哈;3;0;3;159059;1.886092581997875e-05
17632;三七慧慧boo可理喻;3;0;3;159059;1.886092581997875e-05
17636;Clown人工智障;2;0;2;159059;1.25739505466525e-05
17639;小鱼看完;1;0;1;159059;6.28697527332625e-06
17641;哈哈哈哈哈哈哈哈哈哈哈哈哈哈哈哈哈哈哈哈哈哈哈哈哈;1;0;1;159059;6.28697527332625e-06
17650;祥祥;1;0;1;159059;6.28697527332625e-06
17652;把可爱的卡比偷走;1;0;1;159059;6.28697527332625e-06
17657;渃纭嘛夏之栀夏益达不喝酒Y;1;0;1;159059;6.28697527332625e-06
17660;熹微貂皮奶酪哈哈哈哈哈哈哈哈哈哈哈哈我笑死了哈哈哈哈哈;2;0;2;159059;1.25739505466525e-05
17668;小楠犯困了绾绾泰乐式葡萄;3;0;3;159059;1.886092581997875e-05
17679;奶酪包;2;0;2;159059;1.25739505466525e-05
17685;txaxnxg笑死我了;1;0;1;159059;6.28697527332625e-06
17690;落花星辰;1;0;1;159059;6.28697527332625e-06
17694;slow成为父亲后，我爱上了第四任父亲，玩的挺花啊;1;0;1;159059;6.28697527332625e-06
17711;你也有一米九吗;1;0;1;159059;6.28697527332625e-06
17714;用户1008611;1;0;1;159059;6.28697527332625e-06
17718;无问西东。;1;0;1;159059;6.28697527332625e-06
17727;fowardinguntitled;1;0;1;159059;6.28697527332625e-06
17733;降临小瑜世界;1;0;1;159059;6.28697527332625e-06
17737;陈灵性;1;0;1;159059;6.28697527332625e-06
17741;notorious;1;0;1;159059;6.28697527332625e-06
17748;今天见到源源了吗;1;0;1;159059;6.28697527332625e-06
17755;嘉的、;1;0;1;159059;6.28697527332625e-06
17761;渮;1;0;1;159059;6.28697527332625e-06
17763;大抵是棵树666;1;0;1;159059;6.28697527332625e-06
17765;少来烦我even没饭吃;1;0;1;159059;6.28697527332625e-06
17770;吕布字奉先XR我的顶呱呱;1;0;1;159059;6.28697527332625e-06
17772;BlodeuynlimerenceMetalica;2;0;2;159059;1.25739505466525e-05
17786;哦吼小丫;1;0;1;159059;6.28697527332625e-06
17789;寻找淡蓝色的风。。花椰菜;1;0;1;159059;6.28697527332625e-06
17795;冷;1;0;1;159059;6.28697527332625e-06
17797;，;1;0;1;159059;6.28697527332625e-06
17803;淡墨;1;0;1;159059;6.28697527332625e-06
17805;羊村你喜哥;1;0;1;159059;6.28697527332625e-06
17810;暮舟eating呆毛遛弯儿不爱香菜不爱葱;1;0;1;159059;6.28697527332625e-06
17815;Try;1;0;1;159059;6.28697527332625e-06
17820;Biscuitttttttttt我不在线wow好多父亲;1;0;1;159059;6.28697527332625e-06
17823;小玖zozo;1;0;1;159059;6.28697527332625e-06
17829;L樂冉佑善逸不知道该叫啥;1;0;1;159059;6.28697527332625e-06
17832;听雨落秋地平线哈哈哈哈哈哈哈哈哈哈哈哈哈哈哈哈哈哈哈哈哈哈哈哈哈哈哈哈哈哈哈哈哈哈哈哈;2;0;2;159059;1.25739505466525e-05
17841;山茶寻然花生了什么树我服了呀，笑死，;1;0;1;159059;6.28697527332625e-06
17846;张鱼哥;1;0;1;159059;6.28697527332625e-06
17848;好困我懒得跟你讲了顾Y椰丝椰丝哈哈哈哈哈哈哈哈哈哈哈哈;1;0;1;159059;6.28697527332625e-06
17851;持枝桃花赴爱;1;0;1;159059;6.28697527332625e-06
17859;雾岛湾;1;0;1;159059;6.28697527332625e-06
17864;llovey哈哈哈哈;1;0;1;159059;6.28697527332625e-06
17866;adorablekitten;1;0;1;159059;6.28697527332625e-06
17870;Clkey7s笑死我了;1;0;1;159059;6.28697527332625e-06
17878;82;2;0;2;159059;1.25739505466525e-05
17882;无趣神威难藏泪;2;0;2;159059;1.25739505466525e-05
17892;水下月;1;0;1;159059;6.28697527332625e-06
17894;澳洲CC老师人工智障哈哈哈哈哈哈哈哈;3;0;3;159059;1.886092581997875e-05
17898;银辞;1;0;1;159059;6.28697527332625e-06
17901;Solitude;1;0;1;159059;6.28697527332625e-06
17903;五五我服了;1;0;1;159059;6.28697527332625e-06
17905;山柰;1;0;1;159059;6.28697527332625e-06
17907;逝去;1;0;1;159059;6.28697527332625e-06
17916;MIX;1;0;1;159059;6.28697527332625e-06
17921;人活着就是为了温迪哈哈哈哈哈哈哈哈;1;0;1;159059;6.28697527332625e-06
17924;安若兮憨憨涵涵喧闹;1;0;1;159059;6.28697527332625e-06
17928;知恩;1;0;1;159059;6.28697527332625e-06
17930;你是我的万中无一;2;0;2;159059;1.25739505466525e-05
17934;泡芙;1;0;1;159059;6.28697527332625e-06
17936;日落不及你;1;0;1;159059;6.28697527332625e-06
17941;男人情劫困困宝;1;0;1;159059;6.28697527332625e-06
17943;丞哥睡不醒河南人表示很恐慌;1;0;1;159059;6.28697527332625e-06
17947;司徒星汐我不行了我要笑死了;1;0;1;159059;6.28697527332625e-06
17950;白泽宝贝战健康平安安好i徐来Joye宁采臣笑死我了;2;0;2;159059;1.25739505466525e-05
17953;7uai;1;0;1;159059;6.28697527332625e-06
17961;Qiim笑死我了;2;0;2;159059;1.25739505466525e-05
17964;九十二岁带孙chuanxiao;1;0;1;159059;6.28697527332625e-06
17966;哈嘿哈;1;0;1;159059;6.28697527332625e-06
17968;愠忶黄油月亮郁笙呆小熊萌下次我在你们旁边吸气;2;0;2;159059;1.25739505466525e-05
17971;一条撸狗Tanrc清风;1;0;1;159059;6.28697527332625e-06
17974;怡崽崽林泠;1;0;1;159059;6.28697527332625e-06
17982;春风从不入睡今晚早点睡吧汪汪汪博宇啊;1;0;1;159059;6.28697527332625e-06
17986;大鱼;1;0;1;159059;6.28697527332625e-06
17988;你的71;1;0;1;159059;6.28697527332625e-06
17992;000哈哈哈哈哈哈哈哈哈哈哈;1;0;1;159059;6.28697527332625e-06
17994;啊这哈哈哈哈哈哈哈哈;1;0;1;159059;6.28697527332625e-06
17997;婧;1;0;1;159059;6.28697527332625e-06
18000;谋财;1;0;1;159059;6.28697527332625e-06
18002;大碗面;1;0;1;159059;6.28697527332625e-06
18004;九月哈哈哈哈哈;1;0;1;159059;6.28697527332625e-06
18006;情话很难讲;2;0;2;159059;1.25739505466525e-05
18013;为枝笑死了;1;0;1;159059;6.28697527332625e-06
18016;F下次見笑死了;1;0;1;159059;6.28697527332625e-06
18022;故奈奈奈啊哈哈哈哈哈哈哈;1;0;1;159059;6.28697527332625e-06
18028;365天（发誓不熬夜版）朝思慕也想空耳的几许;1;0;1;159059;6.28697527332625e-06
18037;桃桃芝芝鹿鹿的小奶包天然痴呆萌之网络公主忘流年梅普露正关莫寒;1;0;1;159059;6.28697527332625e-06
18040;是朋不是鹏;1;0;1;159059;6.28697527332625e-06
18043;琦琦怪怪RD幽谷念卡面来打知名奶爸;2;0;2;159059;1.25739505466525e-05
18048;富川;1;0;1;159059;6.28697527332625e-06
18052;宇宙超级无敌普信男笑死我了;2;0;2;159059;1.25739505466525e-05
18055;榆这是可以放的吗;1;0;1;159059;6.28697527332625e-06
18060;灵却RIKH奈奈酱江臨;1;0;1;159059;6.28697527332625e-06
18068;雏田呀三个最可口的;1;0;1;159059;6.28697527332625e-06
18071;凶狗睡大石;1;0;1;159059;6.28697527332625e-06
18075;自卑男;1;0;1;159059;6.28697527332625e-06
18079;盛朝;1;0;1;159059;6.28697527332625e-06
18083;叔不吃洋葱迟暮朝歌;1;0;1;159059;6.28697527332625e-06
18085;君羽梓白熊老婆？;1;0;1;159059;6.28697527332625e-06
18088;小怪兽;1;0;1;159059;6.28697527332625e-06
18092;HAN;1;0;1;159059;6.28697527332625e-06
18102;whaoe下午的给我整乐了;1;0;1;159059;6.28697527332625e-06
18104;长长;1;0;1;159059;6.28697527332625e-06
18108;扒光世界所有帅哥的衣服啊哈哈哈哈哈哈哈哈哈哈哈哈哈哈哈哈哈哈哈;1;0;1;159059;6.28697527332625e-06
18111;7753;1;0;1;159059;6.28697527332625e-06
18114;Change、哈哈哈哈;1;0;1;159059;6.28697527332625e-06
18119;四季青林M给个能看的暴击双爆伤魂鸟吧普信男孩圣19347956;1;0;1;159059;6.28697527332625e-06
18124;秋奇逅？？？？？？？？？;1;0;1;159059;6.28697527332625e-06
18126;佳人若川AzzArea博林codmPlanB哈哈哈哈哈哈哈哈哈哈哈哈哈哈哈哈哈哈哈哈哈哈哈哈哈哈哈哈哈哈哈哈哈哈哈哈哈哈哈哈哈哈哈哈哈哈哈哈哈哈哈哈哈哈哈哈哈哈哈哈哈哈哈;1;0;1;159059;6.28697527332625e-06
18128;羞涩;2;0;2;159059;1.25739505466525e-05
18136;MoonFairy;1;0;1;159059;6.28697527332625e-06
18141;蜜桃小公举;1;0;1;159059;6.28697527332625e-06
18145;漫长又无聊的鱼生好离谱啊;1;0;1;159059;6.28697527332625e-06
18152;珂哈哈哈哈;1;0;1;159059;6.28697527332625e-06
18156;我靠笑死我了;1;0;1;159059;6.28697527332625e-06
18158;雩雩板子里有桃子放屁就是他宵夜吃不饱明明如昔哈哈哈哈哈哈哈哈哈哈;2;0;2;159059;1.25739505466525e-05
18162;顓頊益叙利亚在逃悍妇;1;0;1;159059;6.28697527332625e-06
18169;身野稳浪场呼噜呼噜;1;0;1;159059;6.28697527332625e-06
18172;谷江山要做快乐狗勾;1;0;1;159059;6.28697527332625e-06
18180;ankhhealer聖主妙今天吃了吗阳;2;0;2;159059;1.25739505466525e-05
18191;怀特春日野陌年苏西RIPPER申鹤第一首选毓乐？？？？？;2;0;2;159059;1.25739505466525e-05
18194;橙池未蓝;1;0;1;159059;6.28697527332625e-06
18200;omg你在发光耶;1;0;1;159059;6.28697527332625e-06
18202;启明救救我;1;0;1;159059;6.28697527332625e-06
18209;37只羊;1;0;1;159059;6.28697527332625e-06
18212;十龙;1;0;1;159059;6.28697527332625e-06
18215;阿shen;1;0;1;159059;6.28697527332625e-06
18225;S0905;1;0;1;159059;6.28697527332625e-06
18232;呼噜噜睡不醒九敏;2;0;2;159059;1.25739505466525e-05
18235;蕊少吃一点云桑M、Limuen炸洋芋;4;0;4;159059;2.5147901093305e-05
18241;猪猪猫咖;1;0;1;159059;6.28697527332625e-06
18245;吃个;1;0;1;159059;6.28697527332625e-06
18252;崽儿;1;0;1;159059;6.28697527332625e-06
18258;sweetheart（？？？？）;3;0;3;159059;1.886092581997875e-05
18263;光遇笑死我了;1;0;1;159059;6.28697527332625e-06
18267;Qqqxxr哈哈哈哈哈哈;1;0;1;159059;6.28697527332625e-06
18270;阿欢哈哈哈;1;0;1;159059;6.28697527332625e-06
18274;谷谷咕咕咕笑死我了哈哈哈哈哈哈哈哈哈哈哈哈哈哈哈哈哈哈哈哈哈哈哈哈哈哈哈哈哈哈哈哈哈哈哈哈哈哈哈哈哈哈哈哈哈哈哈哈哈哈哈哈哈哈哈哈哈哈哈哈哈哈哈哈哈哈哈哈哈哈哈哈哈;1;0;1;159059;6.28697527332625e-06
18281;柴柴CHAL被淹死的鱼冬澄绘委屈婷LoveSea;2;0;2;159059;1.25739505466525e-05
18286;独瘾;1;0;1;159059;6.28697527332625e-06
18294;Africa哥们，人工智障;1;0;1;159059;6.28697527332625e-06
18312;247卧槽笑死我了;1;0;1;159059;6.28697527332625e-06
18315;喜欢睡觉好饿好饿好想吃火鸡面;1;0;1;159059;6.28697527332625e-06
18317;1eno跟你一样蠢;1;0;1;159059;6.28697527332625e-06
18321;兔兔;1;0;1;159059;6.28697527332625e-06
18330;的口红哈哈哈哈操;2;0;2;159059;1.25739505466525e-05
18335;洛书;1;0;1;159059;6.28697527332625e-06
18341;燕燕子;1;0;1;159059;6.28697527332625e-06
18357;我是蝇蝇膳膳酸酸蚊蚊是我的好朋友我是蚊蚊酸酸膳膳蝇蝇是我的好朋友我是膳膳蚊蚊蝇蝇酸酸是我的好朋友;1;0;1;159059;6.28697527332625e-06
18360;Ali琪笑死了啊哈哈哈哈哈哈;2;0;2;159059;1.25739505466525e-05
18367;清寂Whatif;1;0;1;159059;6.28697527332625e-06
18384;che叒Beloved什么芝士蛋糕;2;0;2;159059;1.25739505466525e-05
18389;糖醋小排;1;0;1;159059;6.28697527332625e-06
18394;尤井笑不活了;2;0;2;159059;1.25739505466525e-05
18403;温柔野兽;1;0;1;159059;6.28697527332625e-06
18413;归零绵羊;1;0;1;159059;6.28697527332625e-06
18417;0;1;0;1;159059;6.28697527332625e-06
18422;上弦哈哈哈哈哈哈哈;1;0;1;159059;6.28697527332625e-06
18430;李silly南方姑娘mesnsnms小蘑菇我他妈哈哈哈哈哈哈哈哈哈哈;1;0;1;159059;6.28697527332625e-06
18432;小北荣;1;0;1;159059;6.28697527332625e-06
18434;烤冷面战神快来笑;1;0;1;159059;6.28697527332625e-06
18437;蟑螂恶霸嘿i小丁Mingyun湖北深情之一zdb爱土豆;1;0;1;159059;6.28697527332625e-06
18439;茜茜茜茜茜茜茜;1;0;1;159059;6.28697527332625e-06
18442;芋圆好好吃oodiowwooEllie;1;0;1;159059;6.28697527332625e-06
18444;平平酱小何同学苏格儿青青草原懒大王小然;1;0;1;159059;6.28697527332625e-06
18448;结局;3;0;3;159059;1.886092581997875e-05
18457;溧XY吖不行了笑死我了;1;0;1;159059;6.28697527332625e-06
18459;千千想瘦十斤;1;0;1;159059;6.28697527332625e-06
18463;赫赫、;1;0;1;159059;6.28697527332625e-06
18472;络笑死我了;1;0;1;159059;6.28697527332625e-06
18477;Dovis;1;0;1;159059;6.28697527332625e-06
18487;Loeyu梦里南姜（好运暴瘦暴富成功上岸版）？？;2;0;2;159059;1.25739505466525e-05
18491;阿蛇欧耶;2;0;2;159059;1.25739505466525e-05
18494;李粒粒把这个看完;1;0;1;159059;6.28697527332625e-06
18497;0331;1;0;1;159059;6.28697527332625e-06
18508;ninmenn;1;0;1;159059;6.28697527332625e-06
18513;Sixpence芜湖橘络Mabing晴书哈哈哈哈哈哈;2;0;2;159059;1.25739505466525e-05
18524;小宋鱼粮527470呼呼只会心疼geigei;1;0;1;159059;6.28697527332625e-06
18529;檀了个猫瑄悸动;1;0;1;159059;6.28697527332625e-06
18532;Evanlu上高中嫋嫋吃了吗GyuRi;1;0;1;159059;6.28697527332625e-06
18536;wlc椰子国骑士;1;0;1;159059;6.28697527332625e-06
18541;小张加点油;1;0;1;159059;6.28697527332625e-06
18544;某最可口的;1;0;1;159059;6.28697527332625e-06
18549;Ntonia笑死我了;1;0;1;159059;6.28697527332625e-06
18551;你一贱我就笑。;1;0;1;159059;6.28697527332625e-06
18555;哇哈哈哈哈哈哈哈6;1;0;1;159059;6.28697527332625e-06
18559;见一面吗哈哈哈哈;1;0;1;159059;6.28697527332625e-06
18561;差点长成帅哥我快笑死了;1;0;1;159059;6.28697527332625e-06
18565;tones哈哈哈哈哈哈哈哈哈哈啊哈啊;1;0;1;159059;6.28697527332625e-06
18574;Cesttoi;1;0;1;159059;6.28697527332625e-06
18586;会持续四季我竟然还想继续听下去;1;0;1;159059;6.28697527332625e-06
18588;差点长成帅哥我快笑死了;1;0;1;159059;6.28697527332625e-06
18596;责怪a哈哈哈哈;1;0;1;159059;6.28697527332625e-06
18601;瑜宝爱吃鱼;1;0;1;159059;6.28697527332625e-06
18608;殘念;1;0;1;159059;6.28697527332625e-06
18610;溧籽hhhhhy悲伤蛋炒饭芝士晨小yaaWRFiy;1;0;1;159059;6.28697527332625e-06
18612;小怪兽笑死了;1;0;1;159059;6.28697527332625e-06
18624;Lnzn;1;0;1;159059;6.28697527332625e-06
18631;明天开始早睡;1;0;1;159059;6.28697527332625e-06
18633;椒盐麻吉xswl;1;0;1;159059;6.28697527332625e-06
18642;黄金酒立誓;1;0;1;159059;6.28697527332625e-06
18644;夏鸣星笑死我了;1;0;1;159059;6.28697527332625e-06
18647;漪;1;0;1;159059;6.28697527332625e-06
18652;。hhhhhhc人工智障hhhhh;1;0;1;159059;6.28697527332625e-06
18655;爱上be吃定be;1;0;1;159059;6.28697527332625e-06
18664;冷的咖啡哈哈哈;1;0;1;159059;6.28697527332625e-06
18670;又卷又菜我本人哈哈哈哈哈哈哈哈哈哈哈哈哈哈哈哈;1;0;1;159059;6.28697527332625e-06
18674;我是毒唯学牲;2;0;2;159059;1.25739505466525e-05
18679;liezhixju;1;0;1;159059;6.28697527332625e-06
18684;X哈哈哈哈哈哈哈哈哈哈哈哈哈哈;1;0;1;159059;6.28697527332625e-06
18686;大蒜香菜汁Amireux奶酪He只吃不胖;1;0;1;159059;6.28697527332625e-06
18690;赵嚯嚯肖肖最幸运牛奶秋刀鱼没有梦想的咸鱼恶性自然卷;1;0;1;159059;6.28697527332625e-06
18692;銤蒳小野猫;1;0;1;159059;6.28697527332625e-06
18694;睡不醒我去笑死我看完;1;0;1;159059;6.28697527332625e-06
18697;Shadow苏幕遮叁叁我死了;1;0;1;159059;6.28697527332625e-06
18702;多肉小琪;1;0;1;159059;6.28697527332625e-06
18708;见录厉害;1;0;1;159059;6.28697527332625e-06
18710;我没作品啊惗;1;0;1;159059;6.28697527332625e-06
18715;彻不能不看小猫咪你怕就是个傻子顾北辰这才是原版;1;0;1;159059;6.28697527332625e-06
18719;盐粒粒哈哈哈哈哈哈哈哈哈哈哈哈哈哈哈哈哈哈哈哈;1;0;1;159059;6.28697527332625e-06
18721;懒觉星人寿司bye我裂开了;1;0;1;159059;6.28697527332625e-06
18727;肉松松（滚去学习版）;1;0;1;159059;6.28697527332625e-06
18733;无味笑死我了;1;0;1;159059;6.28697527332625e-06
18736;QQ谭谭;1;0;1;159059;6.28697527332625e-06
18738;HH;1;0;1;159059;6.28697527332625e-06
18744;znif;1;0;1;159059;6.28697527332625e-06
18753;小偶像昭涩谷辣妹MasterYi河南南部太超了;1;0;1;159059;6.28697527332625e-06
18757;我对河南的向往戛然而止;1;0;1;159059;6.28697527332625e-06
18759;羌;1;0;1;159059;6.28697527332625e-06
18761;哈哈哈哈哈哈哈哈哈哈哈三个最可口的河南杨幂;1;0;1;159059;6.28697527332625e-06
18766;很烦哈哈哈哈哈哈;1;0;1;159059;6.28697527332625e-06
18769;穿8的小艾笑死我了;1;0;1;159059;6.28697527332625e-06
18772;Hygge？？？？太牛了吧;1;0;1;159059;6.28697527332625e-06
18780;一清舒祺子河南还有这种习俗吗;1;0;1;159059;6.28697527332625e-06
18782;小朋友;1;0;1;159059;6.28697527332625e-06
18785;江风晚迎时笑死我了;1;0;1;159059;6.28697527332625e-06
18788;南笙在想peachJaydistance箫箫;2;0;2;159059;1.25739505466525e-05
18792;R。苏木哈哈哈哈哈哈哈哈哈哈哈哈哈哈哈哈哈哈哈哈哈哈哈哈哈哈哈哈哈哈哈哈哈哈哈哈哈哈哈哈哈哈哈哈哈哈;2;0;2;159059;1.25739505466525e-05
18798;暮晨晨晨;1;0;1;159059;6.28697527332625e-06
18800;不抽公子不改名落地成何女士嘻嘻嘻慧星里有颗糖哈哈哈哈哈哈哈哈哈哈;1;0;1;159059;6.28697527332625e-06
18802;oveil笑死了哈哈哈哈哈哈哈哈;1;0;1;159059;6.28697527332625e-06
18804;徐怡光仔不洗头Tokei九奈美少女壮士Baekhyunee李心怡随;1;0;1;159059;6.28697527332625e-06
18809;Zw好家伙;1;0;1;159059;6.28697527332625e-06
18814;洛星语yu;1;0;1;159059;6.28697527332625e-06
18816;小姜同学、;1;0;1;159059;6.28697527332625e-06
18818;Peaches哈哈哈哈哈;1;0;1;159059;6.28697527332625e-06
18821;诶嘿我靠;1;0;1;159059;6.28697527332625e-06
18823;5;1;0;1;159059;6.28697527332625e-06
18826;SY;1;0;1;159059;6.28697527332625e-06
18828;emmmmmm哈哈哈哈哈哈哈哈哈哈，出师表笑死啦;1;0;1;159059;6.28697527332625e-06
18831;梅子不酸的呀;1;0;1;159059;6.28697527332625e-06
18833;六花ko7;1;0;1;159059;6.28697527332625e-06
18836;Y清冽昨日浪漫;2;0;2;159059;1.25739505466525e-05
18839;陌上流年金思你与昨日与我俺是熊大黎k皇刘焱淼鑫垚森爱淦饭的小伙DJ星空在线成盒1jojo跑腿小子与太阳并肩;1;0;1;159059;6.28697527332625e-06
18841;勇;1;0;1;159059;6.28697527332625e-06
18843;0;1;0;1;159059;6.28697527332625e-06
18848;如果;1;0;1;159059;6.28697527332625e-06
18858;招财进宝笑死我了;1;0;1;159059;6.28697527332625e-06
18861;yyy;1;0;1;159059;6.28697527332625e-06
18863;汁O周;1;0;1;159059;6.28697527332625e-06
18865;长安行差踏错哈哈哈哈哈哈哈哈哈哈哈哈哈哈;1;0;1;159059;6.28697527332625e-06
18867;二三;1;0;1;159059;6.28697527332625e-06
18869;Aurora月亮不营业;2;0;2;159059;1.25739505466525e-05
18872;郑不挫哈哈哈哈哈哈哈哈哈哈;1;0;1;159059;6.28697527332625e-06
18875;rh6;1;0;1;159059;6.28697527332625e-06
18881;会吐泡泡的海绵小懿lulul世事无常疾风不解语许愿xu;1;0;1;159059;6.28697527332625e-06
18885;橘子;1;0;1;159059;6.28697527332625e-06
18887;荌靜的菟杍;1;0;1;159059;6.28697527332625e-06
18892;啊哈哈洁;2;0;2;159059;1.25739505466525e-05
18895;倾觞救命我笑吐了;1;0;1;159059;6.28697527332625e-06
18899;是熊科科科科呀在深秋;1;0;1;159059;6.28697527332625e-06
18906;悸栀盼;1;0;1;159059;6.28697527332625e-06
18908;久橙;1;0;1;159059;6.28697527332625e-06
18910;X哈哈哈哈哈哈;1;0;1;159059;6.28697527332625e-06
18912;小崔没烦恼哈哈尚墨笑死我了哈哈哈哈哈哈哈哈哈哈哈哈哈哈哈;2;0;2;159059;1.25739505466525e-05
18921;醒醒乖;1;0;1;159059;6.28697527332625e-06
18923;Vuoto离谱;1;0;1;159059;6.28697527332625e-06
18928;5我笑死了这个翻译;1;0;1;159059;6.28697527332625e-06
18930;空大的chen跟糖醋里脊晚安南巷的花猫凡尘;1;0;1;159059;6.28697527332625e-06
18932;自恋狂魔;1;0;1;159059;6.28697527332625e-06
18941;直接我好了AAA长葛钢材批发宋师傅修勾不修沟孤寡孤寡马驹子万俟彧倬一色花花是小宋同志吖AAAA宠物食品批发周总AAA低价鲜花批发小赵公子愚LiyehLi晚风justlikehan灞波儿奔徐凤年是小烊吖;3;0;3;159059;1.886092581997875e-05
18946;小哭包。哈哈哈哈哈哈哈哈哈哈哈哈哈哈哈哈哈哈哈;1;0;1;159059;6.28697527332625e-06
18952;小君Promax静静静静静静静宝宝的琥珀糖;1;0;1;159059;6.28697527332625e-06
18954;不要生气笑死人了;1;0;1;159059;6.28697527332625e-06
18958;清华彭于晏减肥前我深吸了一口气，周围的人因缺氧而死;1;0;1;159059;6.28697527332625e-06
18960;AAA皇冠建材王国栋时隔多年曦不渝;3;0;3;159059;1.886092581997875e-05
18964;萧黎羽;2;0;2;159059;1.25739505466525e-05
18967;江望可添莜霁笑拉了;1;0;1;159059;6.28697527332625e-06
18969;晟;1;0;1;159059;6.28697527332625e-06
18978;小圆圆梨子栗子小hnhn;4;0;4;159059;2.5147901093305e-05
18986;维婕有点懒;1;0;1;159059;6.28697527332625e-06
18988;来一碗面;1;0;1;159059;6.28697527332625e-06
18991;loiaoyi沄但紫之创的狗都给我看完哈哈哈哈哈哈哈哈哈;1;0;1;159059;6.28697527332625e-06
18993;子规。笑死我了;1;0;1;159059;6.28697527332625e-06
18997;W笑死我了救命;1;0;1;159059;6.28697527332625e-06
19002;敷衍;1;0;1;159059;6.28697527332625e-06
19005;廾匸。;1;0;1;159059;6.28697527332625e-06
19008;不是大眼睛菲《成为父亲后，我爱上了第四任父亲》;1;0;1;159059;6.28697527332625e-06
19014;去你大坝13焜sir;1;0;1;159059;6.28697527332625e-06
19020;plutone;1;0;1;159059;6.28697527332625e-06
19022;呀吼无聊Eghveraeiou;3;0;3;159059;1.886092581997875e-05
19026;哈哈哈哈哈哈哈哈哈哈哈哈刘丸子圈外女友椰梨sooyaaHvxsR苦艾酒;1;0;1;159059;6.28697527332625e-06
19028;AutisticKD;1;0;1;159059;6.28697527332625e-06
19031;pure秽土转生;1;0;1;159059;6.28697527332625e-06
19040;悲伤的菜花马媛嫄炸毛小葵;2;0;2;159059;1.25739505466525e-05
19045;0;3;0;3;159059;1.886092581997875e-05
19054;濯濯很巧;2;0;2;159059;1.25739505466525e-05
19061;XXXX特么的笑死我了;1;0;1;159059;6.28697527332625e-06
19069;iuice死夹子看剑露宇宙混元超脱凡尘至臻无敌暗黑机甲暴龙战士宿小苦瓜;1;0;1;159059;6.28697527332625e-06
19072;飲樂笑死我了;1;0;1;159059;6.28697527332625e-06
19076;YQw31415926屮泡芙;1;0;1;159059;6.28697527332625e-06
19079;lament旺情水heeyja哈哈哈哈哈哈哈哈哈哈哈;1;0;1;159059;6.28697527332625e-06
19085;暮雨小毅戈哟久风吹;1;0;1;159059;6.28697527332625e-06
19089;安安宝贝;1;0;1;159059;6.28697527332625e-06
19091;辣腊青青草原辉二太太狼Ash;1;0;1;159059;6.28697527332625e-06
19103;;1;0;1;159059;6.28697527332625e-06
19107;我会飞哈哈哈哈哈哈哈哈哈哈哈哈哈哈哈哈哈哈哈哈哈哈哈;1;0;1;159059;6.28697527332625e-06
19110;丁羡笑死我了;1;0;1;159059;6.28697527332625e-06
19114;笑笑要勇敢;1;0;1;159059;6.28697527332625e-06
19123;热血大王八这里是帆帆o泡果奶最好喝王一博王鹤棣一起追我我选谁（决症版）林慕祺小孩南国遐思笑死了;2;0;2;159059;1.25739505466525e-05
19135;我要熬死鹰;1;0;1;159059;6.28697527332625e-06
19137;FierceViper7哈哈哈哈哈哈哈笑死我了;1;0;1;159059;6.28697527332625e-06
19150;抓去种香菜;1;0;1;159059;6.28697527332625e-06
19155;恋怡香菜哥控75;3;0;3;159059;1.886092581997875e-05
19159;萧逸的狗（未婚妻版）拒绝胡萝贝z知道了;1;0;1;159059;6.28697527332625e-06
19164;白柳最爱的小狗线团吃石榴籽;2;0;2;159059;1.25739505466525e-05
19172;好无聊呀好无聊;1;0;1;159059;6.28697527332625e-06
19174;呆博;1;0;1;159059;6.28697527332625e-06
19186;老丶王南城花;1;0;1;159059;6.28697527332625e-06
19188;所以呢哈哈哈哈哈焯好变态啊;1;0;1;159059;6.28697527332625e-06
19195;LastBreathe;1;0;1;159059;6.28697527332625e-06
19198;LIII卑微小灿老猪佩奇琪今天吃什么n;1;0;1;159059;6.28697527332625e-06
19200;泠川薄荷青柠冰哈哈哈哈哈哈;2;0;2;159059;1.25739505466525e-05
19204;李居丽的绯闻男友牛仙笙不行重开吧许先生;1;0;1;159059;6.28697527332625e-06
19211;去看日落吧看这破玩意;1;0;1;159059;6.28697527332625e-06
19215;Marden18KAB羿xiaoh鍺;1;0;1;159059;6.28697527332625e-06
19217;午睡了吗md离谱;1;0;1;159059;6.28697527332625e-06
19221;呢呢;1;0;1;159059;6.28697527332625e-06
19225;好女人笑死了;1;0;1;159059;6.28697527332625e-06
19230;阿卡夫卡的熊布欧;1;0;1;159059;6.28697527332625e-06
19233;轨迹ovo涂山瑞瑞晴天ovotutu星野yy看到出师表;1;0;1;159059;6.28697527332625e-06
19238;n;1;0;1;159059;6.28697527332625e-06
19241;知;1;0;1;159059;6.28697527332625e-06
19250;天啦噜。Aug15哈哈哈哈哈哈哈哈哈哈哈哈;1;0;1;159059;6.28697527332625e-06
19254;全世界无前任;1;0;1;159059;6.28697527332625e-06
19258;Yuu17;2;0;2;159059;1.25739505466525e-05
19276;你也想见长岛雪;1;0;1;159059;6.28697527332625e-06
19282;混蛋女人;1;0;1;159059;6.28697527332625e-06
19284;fafa暗月幽林清即吾;1;0;1;159059;6.28697527332625e-06
19286;666;1;0;1;159059;6.28697527332625e-06
19289;几凡凡凡凡;1;0;1;159059;6.28697527332625e-06
19292;姚吖瑶离谱;1;0;1;159059;6.28697527332625e-06
19302;HY给我笑吐了;1;0;1;159059;6.28697527332625e-06
19309;今晚吃了吗;1;0;1;159059;6.28697527332625e-06
19312;喜欢懒羊羊笑死我了;1;0;1;159059;6.28697527332625e-06
19316;花;1;0;1;159059;6.28697527332625e-06
19320;肆仔何时能迎娶柒宝贝77ELVwaiting芜芜芜芜芜芜芜芜芜芜卧槽;1;0;1;159059;6.28697527332625e-06
19328;枕槐;1;0;1;159059;6.28697527332625e-06
19331;稚笑死了;1;0;1;159059;6.28697527332625e-06
19339;宇南方小镇修泽锦丁林小张睡不着pupu笑死了;1;0;1;159059;6.28697527332625e-06
19343;蒸汽馒头;1;0;1;159059;6.28697527332625e-06
19345;走走道卡了;1;0;1;159059;6.28697527332625e-06
19353;zero;1;0;1;159059;6.28697527332625e-06
19355;zzzzzzz;1;0;1;159059;6.28697527332625e-06
19358;失败的MAN赖赖;1;0;1;159059;6.28697527332625e-06
19360;白逸樱木L要学会释怀呦AA;3;0;3;159059;1.886092581997875e-05
19367;怡Pshot橘栀辰羊村你懒哥;2;0;2;159059;1.25739505466525e-05
19370;0;1;0;1;159059;6.28697527332625e-06
19373;0;1;0;1;159059;6.28697527332625e-06
19380;NO3;1;0;1;159059;6.28697527332625e-06
19384;Aaaaa;1;0;1;159059;6.28697527332625e-06
19390;小伞蒲;1;0;1;159059;6.28697527332625e-06
19396;反方向的钟;1;0;1;159059;6.28697527332625e-06
19406;芊解太6了;1;0;1;159059;6.28697527332625e-06
19408;喜欢就好吧;1;0;1;159059;6.28697527332625e-06
19411;兜里都是爱;2;0;2;159059;1.25739505466525e-05
19415;FyunyZzzhr固执的鱼笑死我了;3;0;3;159059;1.886092581997875e-05
19420;亦安;1;0;1;159059;6.28697527332625e-06
19423;萧小五;1;0;1;159059;6.28697527332625e-06
19426;中午吃什么笑死我了;1;0;1;159059;6.28697527332625e-06
19429;焯哈哈哈哈哈哈哈哈哈哈哈哈哈哈哈哈哈哈哈哈哈哈哈哈哈哈哈哈;1;0;1;159059;6.28697527332625e-06
19436;电线杆杆哈哈哈哈哈哈哈哈;1;0;1;159059;6.28697527332625e-06
19443;Asa故城zzzscoop嘎嘎er诽谤绝对诽谤河南不这样熬;1;0;1;159059;6.28697527332625e-06
19447;小炮是唯一笑死我了;2;0;2;159059;1.25739505466525e-05
19451;ytbb;1;0;1;159059;6.28697527332625e-06
19453;橘子;1;0;1;159059;6.28697527332625e-06
19461;YM许初笑死我了哈哈哈哈哈哈哈哈哈哈哈哈哈;2;0;2;159059;1.25739505466525e-05
19466;AAA专业疏通下水道小郑activeoxygenAA猪大排批发老马1873623Samurai一只快乐的野指针贴贴艺术家xJune活性炭光年;1;0;1;159059;6.28697527332625e-06
19471;沈十三;1;0;1;159059;6.28697527332625e-06
19474;咸鱼;1;0;1;159059;6.28697527332625e-06
19476;伊索不要失约;1;0;1;159059;6.28697527332625e-06
19480;突然想改名;1;0;1;159059;6.28697527332625e-06
19485;不想起床;1;0;1;159059;6.28697527332625e-06
19487;Char6;1;0;1;159059;6.28697527332625e-06
19492;夕;1;0;1;159059;6.28697527332625e-06
19495;奔小康Nl池塘的水底哈哈哈哈快看这个;3;0;3;159059;1.886092581997875e-05
19501;AAA抽子批发刘总;1;0;1;159059;6.28697527332625e-06
19504;是猫小九6;1;0;1;159059;6.28697527332625e-06
19507;要去发现琲世;2;0;2;159059;1.25739505466525e-05
19512;12胖胖花Petrichor饿了一整天是濑濑不是懒懒林ininllllly我迟早被这个笑死;1;0;1;159059;6.28697527332625e-06
19518;夜吟6真的;1;0;1;159059;6.28697527332625e-06
19520;仿生人会梦见电子羊吗哈哈哈哈;1;0;1;159059;6.28697527332625e-06
19522;anew;1;0;1;159059;6.28697527332625e-06
19525;辰星闪烁;1;0;1;159059;6.28697527332625e-06
19527;晶晶亮晶晶;1;0;1;159059;6.28697527332625e-06
19541;落哈哈哈哈;1;0;1;159059;6.28697527332625e-06
19543;月宫缘;1;0;1;159059;6.28697527332625e-06
19550;秋田;1;0;1;159059;6.28697527332625e-06
19559;hhhc笑得我;1;0;1;159059;6.28697527332625e-06
19561;Yang0521;1;0;1;159059;6.28697527332625e-06
19566;胡图图;1;0;1;159059;6.28697527332625e-06
19569;宇宙最强超级无敌至尊霹雳旋风史迪奇辰笑死了哈哈哈哈哈哈;1;0;1;159059;6.28697527332625e-06
19575;Au我笑拉了;1;0;1;159059;6.28697527332625e-06
19578;奇异胖崽AAA古法纯手工舒痕胶专卖刺绣熏香有售小溺44QQ好喝到咩噗茶（省流版）哈哈哈哈哈哈人工智障;1;0;1;159059;6.28697527332625e-06
19582;蒜香排骨漫剪千囚;2;0;2;159059;1.25739505466525e-05
19589;宫缘乾HoydeA九敏;1;0;1;159059;6.28697527332625e-06
19591;鸡蛋批发市场张姐;2;0;2;159059;1.25739505466525e-05
19595;柚树惊蛰始花;1;0;1;159059;6.28697527332625e-06
19603;沉香哈哈哈哈哈哈哈哈哈哈哈;1;0;1;159059;6.28697527332625e-06
19607;丢丢;1;0;1;159059;6.28697527332625e-06
19610;固执的鱼;1;0;1;159059;6.28697527332625e-06
19614;我是胡桃堂主的狗笑死我了;1;0;1;159059;6.28697527332625e-06
19620;苏辞;1;0;1;159059;6.28697527332625e-06
19629;Oo离谱;1;0;1;159059;6.28697527332625e-06
19634;爱庆的执卓孤岛多听几遍nb啊;1;0;1;159059;6.28697527332625e-06
19636;0;1;0;1;159059;6.28697527332625e-06
19641;旺旺雪饼;1;0;1;159059;6.28697527332625e-06
19648;林语惊;1;0;1;159059;6.28697527332625e-06
19651;苦艾酒哈哈哈哈哈哈哈哈哈哈哈哈;1;0;1;159059;6.28697527332625e-06
19656;Yyy繁凡梵烦;1;0;1;159059;6.28697527332625e-06
19660;永久指针郭包右山有C本Z;1;0;1;159059;6.28697527332625e-06
19665;黑猫警长芋柚cloud小帅（柒）老郑123SPIDERMAN6;3;0;3;159059;1.886092581997875e-05
19669;少爷不想起;1;0;1;159059;6.28697527332625e-06
19675;YY？;1;0;1;159059;6.28697527332625e-06
19677;谷歌翻译;2;0;2;159059;1.25739505466525e-05
19680;内女的（二战版）雅雅呀Zbkkkn;1;0;1;159059;6.28697527332625e-06
19683;允泽;1;0;1;159059;6.28697527332625e-06
19688;Joker哈哈哈哈哈哈哈哈哈;1;0;1;159059;6.28697527332625e-06
19690;冷酷的包工头Espacial;1;0;1;159059;6.28697527332625e-06
19698;此闵哈哈哈哈哈哈哈哈哈哈哈哈哈哈哈好好笑;1;0;1;159059;6.28697527332625e-06
19701;all4u好变态了吧;1;0;1;159059;6.28697527332625e-06
19709;芝nicolelim笑死;1;0;1;159059;6.28697527332625e-06
19711;春夏秋冬哈哈哈哈;1;0;1;159059;6.28697527332625e-06
19714;阿七哇AAA男模批发商王姐;1;0;1;159059;6.28697527332625e-06
19717;：哈哈哈;1;0;1;159059;6.28697527332625e-06
19719;酷琳;1;0;1;159059;6.28697527332625e-06
19724;修勾;1;0;1;159059;6.28697527332625e-06
19727;睡不饱星人;1;0;1;159059;6.28697527332625e-06
19730;等下炒酸奶粥粥zAno琛琛猫猫几碗小虾米;2;0;2;159059;1.25739505466525e-05
19739;烨风迟;1;0;1;159059;6.28697527332625e-06
19741;T仙iyyl;1;0;1;159059;6.28697527332625e-06
19743;沐辰小方笨小孩的Taotao;1;0;1;159059;6.28697527332625e-06
19745;“微斯人”;1;0;1;159059;6.28697527332625e-06
19748;安笑死我了;1;0;1;159059;6.28697527332625e-06
19750;啧嗯;1;0;1;159059;6.28697527332625e-06
19758;萌妹雨后折伞成尘77;1;0;1;159059;6.28697527332625e-06
19760;与初普信且下头Gakki不更新A小莫小向子阿旭真该屎;1;0;1;159059;6.28697527332625e-06
19767;0;1;0;1;159059;6.28697527332625e-06
19774;小杜杜昔日蓝桉月下夷光;2;0;2;159059;1.25739505466525e-05
19777;切笑死我了;1;0;1;159059;6.28697527332625e-06
19780;悲伤永夜抄;1;0;1;159059;6.28697527332625e-06
19782;冷冷乖乖听话;1;0;1;159059;6.28697527332625e-06
19785;一叶之秋笑死了哈哈哈哈哈哈哈哈哈哈哈哈哈哈哈哈哈哈哈哈哈哈哈哈;1;0;1;159059;6.28697527332625e-06
19787;星河;1;0;1;159059;6.28697527332625e-06
19790;不信一直重名;2;0;2;159059;1.25739505466525e-05
19793;月亮王先生星鸢丶辞青;2;0;2;159059;1.25739505466525e-05
19800;秃秃不秃;1;0;1;159059;6.28697527332625e-06
19804;骗小孩的;1;0;1;159059;6.28697527332625e-06
19816;00哈哈哈哈哈好弱智;1;0;1;159059;6.28697527332625e-06
19822;RUAH;1;0;1;159059;6.28697527332625e-06
19825;mangosteen;1;0;1;159059;6.28697527332625e-06
19827;wnzm;1;0;1;159059;6.28697527332625e-06
19829;唔意？;1;0;1;159059;6.28697527332625e-06
19833;臭臭哈哈哈哈哈哈哈哈哈哈;1;0;1;159059;6.28697527332625e-06
19835;blankspace李才捷小杰杰哈哈哈哈哈，笑死我了;1;0;1;159059;6.28697527332625e-06
19845;JGER牛666;2;0;2;159059;1.25739505466525e-05
19850;嗡嗡作响掉一地哈哈哈哈哈哈哈;1;0;1;159059;6.28697527332625e-06
19853;重生之我是马焯儿老婆;1;0;1;159059;6.28697527332625e-06
19855;回忆GEM仲夏蝉鸣;2;0;2;159059;1.25739505466525e-05
19859;小夜时雨哈哈哈哈哈哈;1;0;1;159059;6.28697527332625e-06
19861;O7star;1;0;1;159059;6.28697527332625e-06
19864;盈盈寶貝本饭桶来咯;1;0;1;159059;6.28697527332625e-06
19866;黑摸仙771155XL悲伤小张纯欲战士博小张一天八吨岳余温哈哈哈哈哈笑死了;2;0;2;159059;1.25739505466525e-05
19870;林漓春水什么鬼啊;1;0;1;159059;6.28697527332625e-06
19874;平平无奇星星子;1;0;1;159059;6.28697527332625e-06
19876;Jia楠Kirsh好果汁80XL铭渊thepiggyboyfutureU士兵们互相品尝;2;0;2;159059;1.25739505466525e-05
19879;凌志哈哈哈哈哈哈哈;1;0;1;159059;6.28697527332625e-06
19881;青青子衿;1;0;1;159059;6.28697527332625e-06
19883;十七號海;1;0;1;159059;6.28697527332625e-06
19886;w了了;1;0;1;159059;6.28697527332625e-06
19896;清陌;1;0;1;159059;6.28697527332625e-06
19903;ww不会JAVA安骨;1;0;1;159059;6.28697527332625e-06
19909;心i（死都不报山艺版）;1;0;1;159059;6.28697527332625e-06
19911;爱吃肉的绵羊京都十三春寡人靠近我会变得不幸心比天高inaEcho;1;0;1;159059;6.28697527332625e-06
19914;鱼吃面;1;0;1;159059;6.28697527332625e-06
19918;Gain妈的笑死我了;1;0;1;159059;6.28697527332625e-06
19924;誓与老秦比长短;1;0;1;159059;6.28697527332625e-06
19928;冀鸠;1;0;1;159059;6.28697527332625e-06
19930;凌木homingOhh郝笑死我了;1;0;1;159059;6.28697527332625e-06
19935;曦尘;1;0;1;159059;6.28697527332625e-06
19937;沫白已被笑死;1;0;1;159059;6.28697527332625e-06
19939;崔什么崔我是美女樱落不吃香菜的杨哈哈哈哈哈哈哈哈;2;0;2;159059;1.25739505466525e-05
19943;Ryyo13Jx奶包俊俊两碗抄手Hello77坠樱桃TT呵呵;1;0;1;159059;6.28697527332625e-06
19947;桐妹;1;0;1;159059;6.28697527332625e-06
19951;115873;1;0;1;159059;6.28697527332625e-06
19955;茉凹猫小妍睡不醒RSding子期哈哈哈哈哈哈哈哈啊哈哈哈哈哈哈哈哈哈哈哈哈哈哈哈哈哈哈哈哈哈哈哈哈哈哈哈哈哈哈哈哈哈哈哈哈哈哈哈哈;2;0;2;159059;1.25739505466525e-05
19961;路路大肥猪哈哈哈哈;1;0;1;159059;6.28697527332625e-06
19964;1k;1;0;1;159059;6.28697527332625e-06
19967;Nebula不上学了码垛笑飞了;1;0;1;159059;6.28697527332625e-06
19969;益菌多葡萄柚;1;0;1;159059;6.28697527332625e-06
19971;安迪不打球小颖小志CHWMarz吉霓酞寐emo小瑶人工智障;1;0;1;159059;6.28697527332625e-06
19975;AAA武汉特产批发小王哈哈哈哈哈哈哈哈哈哈哈哈哈哈哈哈哈哈哈哈哈哈哈哈河南人有点奇怪;2;0;2;159059;1.25739505466525e-05
19980;脾气画画AA塔吊司机老吴万安;1;0;1;159059;6.28697527332625e-06
19984;魑魅;1;0;1;159059;6.28697527332625e-06
20000;子系山中狼;1;0;1;159059;6.28697527332625e-06
20003;月亮事务所;1;0;1;159059;6.28697527332625e-06
20005;哈哈哈哈;1;0;1;159059;6.28697527332625e-06
20008;阿曦;1;0;1;159059;6.28697527332625e-06
20015;GX想见云云的每一天凶镬6666;1;0;1;159059;6.28697527332625e-06
20017;聪明蛋;1;0;1;159059;6.28697527332625e-06
20019;客气;1;0;1;159059;6.28697527332625e-06
20022;有幸;1;0;1;159059;6.28697527332625e-06
20026;iu7;1;0;1;159059;6.28697527332625e-06
20028;最幸运是你Eliauk哈哈哈哈哈哈哈哈哈哈哈哈哈哈哈哈哈;2;0;2;159059;1.25739505466525e-05
20033;气丝窝辣真的吗;1;0;1;159059;6.28697527332625e-06
20039;枝tuesdays;1;0;1;159059;6.28697527332625e-06
20041;宝宝戴夫成先生Ww张大美老汉25WX樱木花道我特么笑死了;1;0;1;159059;6.28697527332625e-06
20044;wy0208尤帅B歆桐乐崽第一名;1;0;1;159059;6.28697527332625e-06
20049;花瑾炫小朋友笑死我了;1;0;1;159059;6.28697527332625e-06
20054;早一些笑死我了我超啊;1;0;1;159059;6.28697527332625e-06
20056;9c然;1;0;1;159059;6.28697527332625e-06
20058;笑死了这个;1;0;1;159059;6.28697527332625e-06
20062;顾陌嘉个豆儿草，哈哈哈哈哈;2;0;2;159059;1.25739505466525e-05
20067;来自沙漠的聪慧鸵鸟;1;0;1;159059;6.28697527332625e-06
20070;France;1;0;1;159059;6.28697527332625e-06
20072;jumpu源敢敢噗笑死我了救命哈哈哈哈救救救哈哈哈哈;2;0;2;159059;1.25739505466525e-05
20080;叛逆少女;1;0;1;159059;6.28697527332625e-06
20082;Jungle;1;0;1;159059;6.28697527332625e-06
20086;丫头不想上早七兴许;2;0;2;159059;1.25739505466525e-05
20089;奶琳ovo哈哈哈哈哈哈哈哈哈哈哈哈;1;0;1;159059;6.28697527332625e-06
20091;鸥汀冰块小狗失眠药;1;0;1;159059;6.28697527332625e-06
20095;nannan;1;0;1;159059;6.28697527332625e-06
20113;小怪兽七七韩;1;0;1;159059;6.28697527332625e-06
20118;吃安眠yo;1;0;1;159059;6.28697527332625e-06
20127;0;1;0;1;159059;6.28697527332625e-06
20132;普信男（下头版）小秃会开心嘛;1;0;1;159059;6.28697527332625e-06
20141;0;1;0;1;159059;6.28697527332625e-06
20143;NGC2237这个翻译;1;0;1;159059;6.28697527332625e-06
20146;吾愿陶瓷玻璃杯起风了啊瑤啊瑶儿yyy;1;0;1;159059;6.28697527332625e-06
20166;谋权早悟兰因哈哈哈哈哈;1;0;1;159059;6.28697527332625e-06
20168;敬山水三雨叶仙气飘飘;1;0;1;159059;6.28697527332625e-06
20170;缪法不容情;2;0;2;159059;1.25739505466525e-05
20173;不吃辣条不吃辣条;1;0;1;159059;6.28697527332625e-06
20176;小鲁班砖啦;1;0;1;159059;6.28697527332625e-06
20184;LexBurner药羊;1;0;1;159059;6.28697527332625e-06
20189;小婷很无语在日落之前第年春秦晚娥Ano。哈哈哈哈哈哈哈这个翻译;1;0;1;159059;6.28697527332625e-06
20195;0;1;0;1;159059;6.28697527332625e-06
20200;尼姑少女;1;0;1;159059;6.28697527332625e-06
20204;人到了便好;1;0;1;159059;6.28697527332625e-06
20208;猫猫;1;0;1;159059;6.28697527332625e-06
20210;三玖永远幸福空条承太郎hfh爱意烂大街苦环星逆天;1;0;1;159059;6.28697527332625e-06
20223;小小幺xxxxxx溺死于温柔;1;0;1;159059;6.28697527332625e-06
20227;0;1;0;1;159059;6.28697527332625e-06
20229;相欢笑死我了哈哈哈哈哈哈;1;0;1;159059;6.28697527332625e-06
20238;她喵的喵嗯想你最可口的两个;1;0;1;159059;6.28697527332625e-06
20244;z这个宝宝，上次玩的就是这个;1;0;1;159059;6.28697527332625e-06
20249;醉翁之意不在酒笑死我了哈哈哈哈哈哈哈哈哈哈哈哈哈哈哈哈哈哈哈哈哈哈哈;1;0;1;159059;6.28697527332625e-06
20252;雪杉树啊这你在哪里？哈哈哈哈哈哈哈哈哈哈哈哈哈哈哈哈哈哈哈哈哈哈哈哈哈哈哈哈哈哈哈哈哈哈哈哈哈哈哈哈哈哈哈哈哈哈哈哈哈哈哈哈哈哈哈哈哈哈;2;0;2;159059;1.25739505466525e-05
20265;橘络诸葛亮连夜澄清;1;0;1;159059;6.28697527332625e-06
20271;0;1;0;1;159059;6.28697527332625e-06
20286;0;1;0;1;159059;6.28697527332625e-06
20288;笖;3;0;3;159059;1.886092581997875e-05
20292;不要挂科驼宝嘎嘎棒：;1;0;1;159059;6.28697527332625e-06
20296;帕帕;1;0;1;159059;6.28697527332625e-06
20298;無晔Alan;1;0;1;159059;6.28697527332625e-06
20300;你和芝士;1;0;1;159059;6.28697527332625e-06
20302;我是倩倩，婷婷慧慧和雪雪是我的好朋友早起傻一天小羊肖恩13姚大黄白菜ZKBlllllllyt好像是爱情回来了笑死我了;2;0;2;159059;1.25739505466525e-05
20306;小柒哇啦哇啦吼小森同学墨岚轩;1;0;1;159059;6.28697527332625e-06
20309;105721404（在校搞科研版）;1;0;1;159059;6.28697527332625e-06
20317;十里呀他;1;0;1;159059;6.28697527332625e-06
20319;咕咕咕咕咕咕麋鹿夫人咸鱼咸鱼要翻身将绥来财多福;2;0;2;159059;1.25739505466525e-05
20323;0;1;0;1;159059;6.28697527332625e-06
20327;今天只想你了;1;0;1;159059;6.28697527332625e-06
20333;御空她坚强的留下我;1;0;1;159059;6.28697527332625e-06
20336;涣《对厕所生活十分痴迷》;1;0;1;159059;6.28697527332625e-06
20340;复杂的结合体;1;0;1;159059;6.28697527332625e-06
20345;川;1;0;1;159059;6.28697527332625e-06
20349;shmily;1;0;1;159059;6.28697527332625e-06
20351;韩落哈哈哈哈哈;1;0;1;159059;6.28697527332625e-06
20358;世界蛇美少女凯文;2;0;2;159059;1.25739505466525e-05
20363;Lccc哈哈哈哈哈哈哈;1;0;1;159059;6.28697527332625e-06
20371;团芋头;1;0;1;159059;6.28697527332625e-06
20374;无条件;1;0;1;159059;6.28697527332625e-06
20376;干饭人又困了矞小八;1;0;1;159059;6.28697527332625e-06
20384;芽芽喜欢Smile孤身一人吃天下时透涵;3;0;3;159059;1.886092581997875e-05
20398;往我怀里钻;1;0;1;159059;6.28697527332625e-06
20401;上岸吧666;1;0;1;159059;6.28697527332625e-06
20404;芭芭秋（十三）梦见文明女生c华灯烁烁还好我是河南中部;2;0;2;159059;1.25739505466525e-05
20408;秋;1;0;1;159059;6.28697527332625e-06
20410;雪瑶;1;0;1;159059;6.28697527332625e-06
20412;小黄才是真爱;1;0;1;159059;6.28697527332625e-06
20414;辞遇知书午夜伤心的玫瑰TMD哈哈哈哈哈哈哈哈哈哈哈哈哈哈哈哈哈哈哈哈哈哈哈哈哈哈;1;0;1;159059;6.28697527332625e-06
20417;giao金州的你秃头黑猫警长不是小李子夜hushboy;1;0;1;159059;6.28697527332625e-06
20419;玉兰玉兰无法阻拦;1;0;1;159059;6.28697527332625e-06
20422;张泡泡w;1;0;1;159059;6.28697527332625e-06
20424;橘颂谷歌翻译好像也不是特别准;1;0;1;159059;6.28697527332625e-06
20427;王鑫粑粑蛋;1;0;1;159059;6.28697527332625e-06
20431;冬至后一天住在哈佛;1;0;1;159059;6.28697527332625e-06
20433;GALIGEIGEI明智;2;0;2;159059;1.25739505466525e-05
20437;阿魚;1;0;1;159059;6.28697527332625e-06
20441;顾瑾仪;1;0;1;159059;6.28697527332625e-06
20444;02笑死我了;1;0;1;159059;6.28697527332625e-06
20446;AAA专修下水道老潘刘海乱了ma;1;0;1;159059;6.28697527332625e-06
20448;司南奥利的给Philosophie哈尔救赎;1;0;1;159059;6.28697527332625e-06
20450;反方向的钟。6;1;0;1;159059;6.28697527332625e-06
20458;呃;1;0;1;159059;6.28697527332625e-06
20464;廿笑洗了;1;0;1;159059;6.28697527332625e-06
20467;鱼沈儿;1;0;1;159059;6.28697527332625e-06
20469;会发芽的土豆泥;1;0;1;159059;6.28697527332625e-06
20471;兰兰观察飞过月亮尖尖;1;0;1;159059;6.28697527332625e-06
20479;春山;1;0;1;159059;6.28697527332625e-06
20481;momomo;1;0;1;159059;6.28697527332625e-06
20490;粤（鲜葱版）救命我靠笑死我了;1;0;1;159059;6.28697527332625e-06
20493;我最讨厌楞次定律你由氢氧化钠甲烷和粉色氢气构成;1;0;1;159059;6.28697527332625e-06
20497;尼克路;1;0;1;159059;6.28697527332625e-06
20499;亦林;1;0;1;159059;6.28697527332625e-06
20503;0;2;0;2;159059;1.25739505466525e-05
20508;三个最可口的AAA建材批发王姐（高三牲版安辰盒盒;3;0;3;159059;1.886092581997875e-05
20514;琬琬yaaa;1;0;1;159059;6.28697527332625e-06
20524;M蒙面超人;2;0;2;159059;1.25739505466525e-05
20531;张肥柴鱼于歌;2;0;2;159059;1.25739505466525e-05
20541;jiiiih;1;0;1;159059;6.28697527332625e-06
20545;夕阳花;1;0;1;159059;6.28697527332625e-06
20548;樱井川奈;1;0;1;159059;6.28697527332625e-06
20554;月半此生不碰光遇;2;0;2;159059;1.25739505466525e-05
20561;Lee。一梦牛马阿孙Kyrie打工的钟离;1;0;1;159059;6.28697527332625e-06
20573;意崽66;1;0;1;159059;6.28697527332625e-06
20579;8个西瓜哈哈哈哈哈哈哈哈哈哈哈哈哈哈哈哈;2;0;2;159059;1.25739505466525e-05
20584;沙琪玛好次那个翻译真的是;1;0;1;159059;6.28697527332625e-06
20603;多次拒绝贺老师lbr驴儿哈哈哈哈哈哈哈哈哈哈哈哈哈哈哈哈哈哈哈哈哈哈哈哈哈哈哈哈哈哈哈哈哈哈哈哈哈哈哈哈哈哈哈哈哈哈哈哈哈哈这啥玩意啊哈哈哈哈哈哈哈哈哈哈哈哈哈哈哈哈;1;0;1;159059;6.28697527332625e-06
20610;程幸;1;0;1;159059;6.28697527332625e-06
20613;变富豪变漂亮变聪明ilun庆怜状态连续剧人帅气质佳bb然我靠笑死我了;1;0;1;159059;6.28697527332625e-06
20616;以其昭昭使人昭昭笑死我了;1;0;1;159059;6.28697527332625e-06
20625;JunEeeeeeeWinnie;1;0;1;159059;6.28697527332625e-06
20628;无际边际;1;0;1;159059;6.28697527332625e-06
20635;独享黄昏鱼的记事本秋ydd忘掉我没有素质热心市民也爱国Nana好辣歆甜;2;0;2;159059;1.25739505466525e-05
20641;Tokyo哈哈哈哈;1;0;1;159059;6.28697527332625e-06
20648;肉肉sjjLY;1;0;1;159059;6.28697527332625e-06
20651;伽伽肖盖野柚;1;0;1;159059;6.28697527332625e-06
20657;桑扶你的可口吗;1;0;1;159059;6.28697527332625e-06
20659;仙境;1;0;1;159059;6.28697527332625e-06
20663;弈灼槐栖;2;0;2;159059;1.25739505466525e-05
20668;6;1;0;1;159059;6.28697527332625e-06
20678;林先生谭帅帅小马是仙屁孩呀q差点长成靓仔;2;0;2;159059;1.25739505466525e-05
20681;哈哈哈哈;1;0;1;159059;6.28697527332625e-06
20683;0;1;0;1;159059;6.28697527332625e-06
20689;是涵不是han;1;0;1;159059;6.28697527332625e-06
20691;小熊不见了如果这玩意能毁灭世界那我肯定也是被笑死的;1;0;1;159059;6.28697527332625e-06
20693;egor;1;0;1;159059;6.28697527332625e-06
20696;sebo洁jay在深冬热恋再快一点点;1;0;1;159059;6.28697527332625e-06
20702;haoo子;1;0;1;159059;6.28697527332625e-06
20704;Geoffrey;1;0;1;159059;6.28697527332625e-06
20706;菜菜;1;0;1;159059;6.28697527332625e-06
20711;木易哈哈哈哈哈哈哈哈哈哈哈哈哈哈哈哈哈哈哈哈哈哈哈哈哈笑死啦;1;0;1;159059;6.28697527332625e-06
20713;皮囊;1;0;1;159059;6.28697527332625e-06
20717;Serendipity;3;0;3;159059;1.886092581997875e-05
20723;浙江吴彦祖;1;0;1;159059;6.28697527332625e-06
20731;脱老李头苦茶凶镬build柒染ZHANG草莓北粟敢敢不憨了我笑吐了;3;0;3;159059;1.886092581997875e-05
20741;贰;1;0;1;159059;6.28697527332625e-06
20745;吴俊杰想静静大侠喜欢土豆Sensitive杰锅锅i翟拾;1;0;1;159059;6.28697527332625e-06
20747;淋完雨。哈哈哈哈哈哈哈哈哈哈哈哈哈哈哈哈哈;1;0;1;159059;6.28697527332625e-06
20749;Nanbei这翻译是懂bt的;1;0;1;159059;6.28697527332625e-06
20751;AA、苏打饼干扎眼、张姐品尝;1;0;1;159059;6.28697527332625e-06
20755;雪碧小黑丝可乐（ikun）轨、迹。自信的渐层;2;0;2;159059;1.25739505466525e-05
20758;无聊破忒偷;1;0;1;159059;6.28697527332625e-06
20760;喝牛奶怎么了;2;0;2;159059;1.25739505466525e-05
20766;白落瑶（配音文案）莓油酥鸡Nlgdziaiz黄;1;0;1;159059;6.28697527332625e-06
20770;河工登徒子鸡皮燕子;1;0;1;159059;6.28697527332625e-06
20772;販買溫輮忆之;1;0;1;159059;6.28697527332625e-06
20775;呜昂王kevvvGSW湖北武汉阳光彩虹幼儿园教师栓姐线上课版;1;0;1;159059;6.28697527332625e-06
20778;Wxxxx;1;0;1;159059;6.28697527332625e-06
20787;天天中大蒋女士小严胖了吗笑死了;2;0;2;159059;1.25739505466525e-05
20790;雲你们河南还会品尝胸部吗;2;0;2;159059;1.25739505466525e-05
20798;愤怒的香蕉小邱008池《》热风稍等不是等等;4;0;4;159059;2.5147901093305e-05
20803;星星也会心痛人工智障;1;0;1;159059;6.28697527332625e-06
20808;遛鲸鱼的猫;1;0;1;159059;6.28697527332625e-06
20810;小草莓玲。。。。我不行了;1;0;1;159059;6.28697527332625e-06
20812;早早;1;0;1;159059;6.28697527332625e-06
20814;不忘初心并选出了三个最可口的;1;0;1;159059;6.28697527332625e-06
20816;阿楠不吃鱼江潮连海哈哈哈哈哈;1;0;1;159059;6.28697527332625e-06
20823;七月七;1;0;1;159059;6.28697527332625e-06
20827;早点睡觉树宇宙小飞侠;1;0;1;159059;6.28697527332625e-06
20831;A土鸡蛋批发朴总1987335Kio？;1;0;1;159059;6.28697527332625e-06
20834;zaizz;1;0;1;159059;6.28697527332625e-06
20838;乐;1;0;1;159059;6.28697527332625e-06
20841;二逼笑死我了哈哈哈哈哈哈;2;0;2;159059;1.25739505466525e-05
20846;披着凉皮的糖;1;0;1;159059;6.28697527332625e-06
20852;沅qqt杨知阮哈哈哈哈哈哈哈哈哈哈;1;0;1;159059;6.28697527332625e-06
20863;湮耀;1;0;1;159059;6.28697527332625e-06
20871;枫落Sg29哈哈哈哈哈哈;2;0;2;159059;1.25739505466525e-05
20874;10xZzzzZzzz;1;0;1;159059;6.28697527332625e-06
20877;涨价了;1;0;1;159059;6.28697527332625e-06
20879;仙姿;1;0;1;159059;6.28697527332625e-06
20884;TT不穿苦茶子kk爱kun今天一定早睡土豆丝炒肉拌饭煎饼狗子卷大葱;2;0;2;159059;1.25739505466525e-05
20889;奇犽;1;0;1;159059;6.28697527332625e-06
20891;wait;1;0;1;159059;6.28697527332625e-06
20898;LINV;1;0;1;159059;6.28697527332625e-06
20900;想吃奶酪棒la;1;0;1;159059;6.28697527332625e-06
20903;九九宝贝，你可口吗，快让我尝尝;1;0;1;159059;6.28697527332625e-06
20909;奋斗的麻辣烫;1;0;1;159059;6.28697527332625e-06
20912;糖糖糖葫芦;1;0;1;159059;6.28697527332625e-06
20915;狗一博;2;0;2;159059;1.25739505466525e-05
20920;太子陈ah哈哈哈哈哈哈哈哈哈哈;1;0;1;159059;6.28697527332625e-06
20922;是谁的心鸭;1;0;1;159059;6.28697527332625e-06
20925;南城橘猫woc牛批;1;0;1;159059;6.28697527332625e-06
20928;shi;1;0;1;159059;6.28697527332625e-06
20930;小米粥老公这个好人工智障;1;0;1;159059;6.28697527332625e-06
20933;可爱的眼泪;1;0;1;159059;6.28697527332625e-06
20936;无敌彩虹苦茶子;1;0;1;159059;6.28697527332625e-06
20941;放个风筝笑死我了;1;0;1;159059;6.28697527332625e-06
20945;抹不去记忆的念;1;0;1;159059;6.28697527332625e-06
20947;雅玖er;1;0;1;159059;6.28697527332625e-06
20950;ryml;1;0;1;159059;6.28697527332625e-06
20955;三十一斤;1;0;1;159059;6.28697527332625e-06
20964;芃芃饿了;1;0;1;159059;6.28697527332625e-06
20968;？连刷两个谷歌翻译;1;0;1;159059;6.28697527332625e-06
20970;慕烊6;1;0;1;159059;6.28697527332625e-06
20976;墨桉哈哈哈哈哈哈哈哈哈哈;1;0;1;159059;6.28697527332625e-06
20978;LSsssss70s没有be30哈哈哈哈;1;0;1;159059;6.28697527332625e-06
20981;LanLz拿你举个栗子英语课文也很离谱;1;0;1;159059;6.28697527332625e-06
20983;228;1;0;1;159059;6.28697527332625e-06
20985;麻油我为心包卧槽河南老表;1;0;1;159059;6.28697527332625e-06
20988;愿景;1;0;1;159059;6.28697527332625e-06
20990;从不看帅哥;1;0;1;159059;6.28697527332625e-06
20994;溺哈哈哈哈哈哈哈;1;0;1;159059;6.28697527332625e-06
20996;YIEFandY笑死了哈哈哈哈哈哈哈哈哈哈哈哈哈哈哈哈哈哈哈哈哈哈哈哈哈哈哈哈哈哈哈哈哈哈哈哈哈哈哈哈你也要看到最后;2;0;2;159059;1.25739505466525e-05
20999;殃及迟鱼;1;0;1;159059;6.28697527332625e-06
21002;小李小李;1;0;1;159059;6.28697527332625e-06
21007;xxxx;1;0;1;159059;6.28697527332625e-06
21010;顾客过分;1;0;1;159059;6.28697527332625e-06
21012;Guts洛幕;1;0;1;159059;6.28697527332625e-06
21016;等等灯登登等;1;0;1;159059;6.28697527332625e-06
21026;瑶瑶的小王子你在梦里;1;0;1;159059;6.28697527332625e-06
21028;不要流泪;1;0;1;159059;6.28697527332625e-06
21036;OFFGRI;1;0;1;159059;6.28697527332625e-06
21038;STA;1;0;1;159059;6.28697527332625e-06
21040;海毓是花少北的狗;1;0;1;159059;6.28697527332625e-06
21043;碎碎冰小猫;1;0;1;159059;6.28697527332625e-06
21045;海苔这个谷歌可能是假的;1;0;1;159059;6.28697527332625e-06
21057;福莱格哈哈哈哈哈;1;0;1;159059;6.28697527332625e-06
21060;干饭选手又困了;1;0;1;159059;6.28697527332625e-06
21066;Sunry呆怪妹;1;0;1;159059;6.28697527332625e-06
21070;Sobrightagleamonthefootofmybed我的床脚闪着如此明亮的光Thefootofmybedshinessobrightly我的床脚闪闪发光。Thefootofmybedshines我的床脚闪闪发光。;1;0;1;159059;6.28697527332625e-06
21073;春鸟道;2;0;2;159059;1.25739505466525e-05
21077;F牛逼;1;0;1;159059;6.28697527332625e-06
21082;温言阮俞;2;0;2;159059;1.25739505466525e-05
21087;还有几个永远敲钟见衣明。稻妻蓝玫瑰好崩溃。。。;1;0;1;159059;6.28697527332625e-06
21092;为你开着呢;1;0;1;159059;6.28697527332625e-06
21098;uu慢牛牛;2;0;2;159059;1.25739505466525e-05
21102;努力的奈绪尘荡漾小蔡不吃菜be;1;0;1;159059;6.28697527332625e-06
21106;吃点吃的;2;0;2;159059;1.25739505466525e-05
21112;晚宁你看她;1;0;1;159059;6.28697527332625e-06
21118;鸡蛋批发商大王;1;0;1;159059;6.28697527332625e-06
21129;Kk吴尚宇;1;0;1;159059;6.28697527332625e-06
21131;扶风难清酒暖心林中鹿儿鸣;2;0;2;159059;1.25739505466525e-05
21138;北辰李诺殇亻李憨憨;1;0;1;159059;6.28697527332625e-06
21160;小戒会跳舞;1;0;1;159059;6.28697527332625e-06
21163;奺美子;1;0;1;159059;6.28697527332625e-06
21165;zx;1;0;1;159059;6.28697527332625e-06
21167;小笨蛋在干嘛54八夕蛤蟆我;1;0;1;159059;6.28697527332625e-06
21170;猪猪猪猪蹄收拾情绪Donkeyyyy笑不活了;1;0;1;159059;6.28697527332625e-06
21173;fiee哈哈哈哈哈哈哈;1;0;1;159059;6.28697527332625e-06
21176;捉鱼轻伤天线憨憨酱苦他诽谤我啊;2;0;2;159059;1.25739505466525e-05
21179;Tsuki不想背政治;1;0;1;159059;6.28697527332625e-06
21184;珍珠奶茶不要珍珠辰北岸初晴;1;0;1;159059;6.28697527332625e-06
21191;花沐耿耿不於懷吧北渝用户10086在河南南部士兵们互相品尝对方的胸部;2;0;2;159059;1.25739505466525e-05
21198;18级退堂鼓表演艺术家;1;0;1;159059;6.28697527332625e-06
21205;不熬夜不睡觉Crisp7给猫金币啊只想睡觉神奇灌汤吐司东方大鳄鱼赤鸢不赤鸡;1;0;1;159059;6.28697527332625e-06
21213;程玥哈哈哈哈;1;0;1;159059;6.28697527332625e-06
21217;YY选出三个最可口的;1;0;1;159059;6.28697527332625e-06
21219;CR7JJY没脑子的小天才Fail。;1;0;1;159059;6.28697527332625e-06
21223;迟正优雅的水晶媔霜寒十四州;1;0;1;159059;6.28697527332625e-06
21225;中文也不对啊;1;0;1;159059;6.28697527332625e-06
21229;别两难;1;0;1;159059;6.28697527332625e-06
21231;新海的诚瘾看完别跳过;1;0;1;159059;6.28697527332625e-06
21235;张张鱼恶毒女配;1;0;1;159059;6.28697527332625e-06
21241;奶黄包世界第一;1;0;1;159059;6.28697527332625e-06
21245;云去笑死;1;0;1;159059;6.28697527332625e-06
21248;39努力奔跑的黄鼠狼11咕噜今晚一定早睡想做一个偷懒的打工人阿旭要努力变强逗豆;1;0;1;159059;6.28697527332625e-06
21252;汤普森爱汤面憨批跳跳虎相互品尝;1;0;1;159059;6.28697527332625e-06
21255;皖东第一深情AAAA鸡蛋批发燕总FhhvhhhVesperumaura夕阳下的刻痕心、情故事尾音（原神攻略）馀玖;1;0;1;159059;6.28697527332625e-06
21263;化粪池;2;0;2;159059;1.25739505466525e-05
21266;812笑死我了;1;0;1;159059;6.28697527332625e-06
21269;iviZXY5242做索隆的迷妹bbtfdiWENSIX6;1;0;1;159059;6.28697527332625e-06
21271;顾星繁;1;0;1;159059;6.28697527332625e-06
21273;李x坤绝了;1;0;1;159059;6.28697527332625e-06
21275;玫瑰颂夏;1;0;1;159059;6.28697527332625e-06
21287;耳东陈悟以往之不谏木头呆子十二个日落Mm。6;2;0;2;159059;1.25739505466525e-05
21290;再陈一碗饭卷卷捣蛋鬼要捣蛋Pearl菊花小鸡初;1;0;1;159059;6.28697527332625e-06
21294;GoAt;1;0;1;159059;6.28697527332625e-06
21296;小狗蛋;1;0;1;159059;6.28697527332625e-06
21298;黑色咸菜快看快看，笑死我了;1;0;1;159059;6.28697527332625e-06
21301;曜洋鸣神永恒05046;2;0;2;159059;1.25739505466525e-05
21304;徐念凉;1;0;1;159059;6.28697527332625e-06
21307;510am;1;0;1;159059;6.28697527332625e-06
21310;虎力大仙来看人工智障;1;0;1;159059;6.28697527332625e-06
21312;吵一架;1;0;1;159059;6.28697527332625e-06
21316;脏脏包tm666;1;0;1;159059;6.28697527332625e-06
21318;AAA蜜蜂养殖玫师傅乐死我了救命;1;0;1;159059;6.28697527332625e-06
21321;0;1;0;1;159059;6.28697527332625e-06
21323;青欢今天心动了吗酸菜曦曦不吃鱼;1;0;1;159059;6.28697527332625e-06
21328;可阿;1;0;1;159059;6.28697527332625e-06
21333;在等星星梦赵小草李永钦最近没给路易吃饭吗？王Lu雾哈哈哈哈哈哈哈也还好哈哈哈;1;0;1;159059;6.28697527332625e-06
21340;爆炒小赐;1;0;1;159059;6.28697527332625e-06
21344;墨羽;1;0;1;159059;6.28697527332625e-06
21354;之ZZZ哈哈哈哈;1;0;1;159059;6.28697527332625e-06
21358;梦sei苦梦卡;1;0;1;159059;6.28697527332625e-06
21367;顾云和吴彦祖别晚睡;1;0;1;159059;6.28697527332625e-06
21371;214笑死我了;1;0;1;159059;6.28697527332625e-06
21376;清酒奖励十朵小红花;1;0;1;159059;6.28697527332625e-06
21380;哈哈哈哈哈哈哈哈哈哈哈哈哈哈哈哈哈哈;1;0;1;159059;6.28697527332625e-06
21385;细写相思;1;0;1;159059;6.28697527332625e-06
21388;在逃韭菜AAAA卖香菜杨姐絕味亞脖张张张hyyy;2;0;2;159059;1.25739505466525e-05
21396;莱茵河哈哈哈哈哈哈哈哈哈哈哈哈哈哈哈;1;0;1;159059;6.28697527332625e-06
21401;爱朱朱的每一天普通摆手哈哈哈哈哈;1;0;1;159059;6.28697527332625e-06
21403;星;1;0;1;159059;6.28697527332625e-06
21410;荼屿;2;0;2;159059;1.25739505466525e-05
21416;御坂美琴狗笑死我了;1;0;1;159059;6.28697527332625e-06
21419;美康西子;1;0;1;159059;6.28697527332625e-06
21421;0;1;0;1;159059;6.28697527332625e-06
21423;等吧然燃Levi笑死我了;2;0;2;159059;1.25739505466525e-05
21426;风止雪;1;0;1;159059;6.28697527332625e-06
21429;瞎叭叭能量;1;0;1;159059;6.28697527332625e-06
21431;一只小猪逗死我了;1;0;1;159059;6.28697527332625e-06
21437;许仙的可乐7辛;1;0;1;159059;6.28697527332625e-06
21439;米4444达;1;0;1;159059;6.28697527332625e-06
21442;晴天小猫TT哈哈哈哈哈哈哈;1;0;1;159059;6.28697527332625e-06
21445;轻衣朽歌苏只又我真的兔了小鱼阿念哈哈哈哈哈哈哈哈哈哈哈哈哈哈哈哈哈哈哈哈哈哈哈哈哈哈哈哈哈哈哈哈哈哈哈哈;2;0;2;159059;1.25739505466525e-05
21453;灼年棠笙汤臣一品风很大;1;0;1;159059;6.28697527332625e-06
21459;照無眠。;1;0;1;159059;6.28697527332625e-06
21462;花今天瘦了没？给我困意笑没了;1;0;1;159059;6.28697527332625e-06
21466;小山美牙日落;1;0;1;159059;6.28697527332625e-06
21468;拾年呐李子木鱼头堇羽是刘酥桃呀32;1;0;1;159059;6.28697527332625e-06
21475;尘阎王收房租;2;0;2;159059;1.25739505466525e-05
21479;糍粑少年;1;0;1;159059;6.28697527332625e-06
21482;悲伤番茄汤哈哈哈哈哈哈哈哈哈哈哈哈哈哈哈哈哈哈哈哈哈哈哈哈;1;0;1;159059;6.28697527332625e-06
21487;一颗橘子三个最可口的;1;0;1;159059;6.28697527332625e-06
21494;47loveL银河系蓝月湾;1;0;1;159059;6.28697527332625e-06
21497;aaaa柒湛一杯冰美式来看人工智障;2;0;2;159059;1.25739505466525e-05
21501;永远年轻;1;0;1;159059;6.28697527332625e-06
21505;TT;2;0;2;159059;1.25739505466525e-05
21512;君王冷裤的鱼小鑫真的困Petitefe添望永远热恋;6;0;6;159059;3.77218516399575e-05
21520;放过小黎哈哈哈;1;0;1;159059;6.28697527332625e-06
21524;贝贝鱼哈哈哈哈哈哈哈河南那个;1;0;1;159059;6.28697527332625e-06
21528;icey;1;0;1;159059;6.28697527332625e-06
21530;张若钧情绪y17历史r小宝好孩子352;4;0;4;159059;2.5147901093305e-05
21537;H;2;0;2;159059;1.25739505466525e-05
21540;小兔子不乖哈哈哈哈;1;0;1;159059;6.28697527332625e-06
21544;QZ6H25暖风带走了旧时光浪子;1;0;1;159059;6.28697527332625e-06
21551;Future不再emo嗨嗨嗨sp051111晚意抱紧我的40proNoDesires格里芬NsyW芋泥麻薯肉松盒子低谷游标卡尺温日;1;0;1;159059;6.28697527332625e-06
21557;熊二小影真的好累Drunkintheworld多次婉拒吕先生画夜广仔最调皮的学生飞魚966哈哈哈哈哈哈;1;0;1;159059;6.28697527332625e-06
21564;水平闲鱼不会尖翻;1;0;1;159059;6.28697527332625e-06
21566;姩姩安anW5哈哈哈哈哈哈哈哈哈;1;0;1;159059;6.28697527332625e-06
21568;热爱;1;0;1;159059;6.28697527332625e-06
21570;五元子Arthur孤城晚风深情且专一66Honey布朗熊开挖掘机（学习版）跳跳虎开拖拉机Ankh酒量差。Azure今天吃饭了没笑死我了操;1;0;1;159059;6.28697527332625e-06
21578;臻梦人工智能是懂古诗的;1;0;1;159059;6.28697527332625e-06
21582;广东艾志恒34;1;0;1;159059;6.28697527332625e-06
21591;你们河南玩这么花吗;3;0;3;159059;1.886092581997875e-05
21595;T;1;0;1;159059;6.28697527332625e-06
21604;dawnBnmyn;1;0;1;159059;6.28697527332625e-06
21607;无尘救命哈哈哈哈哈哈;1;0;1;159059;6.28697527332625e-06
21610;樊樊的饭团子;1;0;1;159059;6.28697527332625e-06
21612;亦薇;1;0;1;159059;6.28697527332625e-06
21614;哈哈哈哈哈;1;0;1;159059;6.28697527332625e-06
21617;14YUcookie;1;0;1;159059;6.28697527332625e-06
21619;歪歪泥笑死啦;1;0;1;159059;6.28697527332625e-06
21621;言棋？;1;0;1;159059;6.28697527332625e-06
21624;易芝故一直笑死;1;0;1;159059;6.28697527332625e-06
21627;仙女养的猪我趣它是懂翻译的;1;0;1;159059;6.28697527332625e-06
21630;看海。;1;0;1;159059;6.28697527332625e-06
21632;恰口狐狸慕斯出师表666;1;0;1;159059;6.28697527332625e-06
21635;w王大爷哈哈哈哈哈哈哈;1;0;1;159059;6.28697527332625e-06
21638;AAProcky（太监版）笑死我了，哈哈哈哈哈哈哈哈哈哈哈艹;1;0;1;159059;6.28697527332625e-06
21641;阿旭好困呀;1;0;1;159059;6.28697527332625e-06
21644;北岛少女柒月那菈法留纳兰那库拉互相品尝哈哈哈哈;1;0;1;159059;6.28697527332625e-06
21648;wwwwyj狙击手小花欠你一个秋天哒啦哒啦嗯木木叶啊有所谓心软的神持闪电的人小贾12呱呱早睡。心新欣不是辛永燃的瞳术师;1;0;1;159059;6.28697527332625e-06
21652;哆来咪a請把心留下阿满看第三个;1;0;1;159059;6.28697527332625e-06
21657;你就说okok;1;0;1;159059;6.28697527332625e-06
21659;Imtooweak哈哈哈哈哈哈哈;1;0;1;159059;6.28697527332625e-06
21662;浔小吴;2;0;2;159059;1.25739505466525e-05
21669;落叶知秋夜锋;1;0;1;159059;6.28697527332625e-06
21678;Aaaa笨不溜秋蛋隋姐这人工智能会不会实在掩盖实力然后一波拿下人类;1;0;1;159059;6.28697527332625e-06
21681;无袁思葭Morii苏柚晗;1;0;1;159059;6.28697527332625e-06
21687;SeeU哈哈哈哈哈;2;0;2;159059;1.25739505466525e-05
21693;林倦困了;2;0;2;159059;1.25739505466525e-05
21696;心如止水愤怒的potato哈哈哈哈哈哈哈哈哈哈笑死我了哈哈哈哈哈;2;0;2;159059;1.25739505466525e-05
21701;欠揍的二柱子还好吧哈哈哈哈哈哈;1;0;1;159059;6.28697527332625e-06
21704;菠萝下雪;1;0;1;159059;6.28697527332625e-06
21711;不减20斤不换名字;1;0;1;159059;6.28697527332625e-06
21714;无聊的猫又;1;0;1;159059;6.28697527332625e-06
21716;hilucy我去你看完，他妈的笑死我了;1;0;1;159059;6.28697527332625e-06
21718;似在眼前;2;0;2;159059;1.25739505466525e-05
21730;擒贼先擒王先生屿逸（教资背不出版）悲伤的螺狮粉sama、笑疯了我艹哈哈哈哈哈哈啊哈哈哈哈哈哈;3;0;3;159059;1.886092581997875e-05
21734;情绪因南而起AAA专业吃太阳小张言叶MissPuff晚南;1;0;1;159059;6.28697527332625e-06
21737;盼她星河如梦丝滑乔治Jane1卍;3;0;3;159059;1.886092581997875e-05
21747;嗦粉小王哈哈哈哈哈哈哈哈哈哈xswl;1;0;1;159059;6.28697527332625e-06
21749;纯情大母猴;1;0;1;159059;6.28697527332625e-06
21755;Siren阿浔xun柒醉6;2;0;2;159059;1.25739505466525e-05
21758;你二壁啊在雾里相爱何故的狗暮笙（魈宝）河南玩的好花啊;1;0;1;159059;6.28697527332625e-06
21763;阿兌;1;0;1;159059;6.28697527332625e-06
21767;九月秋;1;0;1;159059;6.28697527332625e-06
21770;Ayuuuu;1;0;1;159059;6.28697527332625e-06
21773;卟想吃鱼;1;0;1;159059;6.28697527332625e-06
21775;鹅鹅鹅鹅哥斯拉好吃吗等什么君呢;1;0;1;159059;6.28697527332625e-06
21777;5ZEK;1;0;1;159059;6.28697527332625e-06
21779;甜了你牙疼;1;0;1;159059;6.28697527332625e-06
21781;VitaNuova（infpt版）;1;0;1;159059;6.28697527332625e-06
21784;岁岁平安我敲;1;0;1;159059;6.28697527332625e-06
21789;顾欣沫;1;0;1;159059;6.28697527332625e-06
21794;周南南太搞笑了;2;0;2;159059;1.25739505466525e-05
21800;祸酒;3;0;3;159059;1.886092581997875e-05
21806;春色晚;1;0;1;159059;6.28697527332625e-06
21811;乖崽;2;0;2;159059;1.25739505466525e-05
21814;藤斋和;1;0;1;159059;6.28697527332625e-06
21816;朵拉爱冒险;1;0;1;159059;6.28697527332625e-06
21821;0;1;0;1;159059;6.28697527332625e-06
21823;涵某某;1;0;1;159059;6.28697527332625e-06
21826;Sky幕雪卧槽;1;0;1;159059;6.28697527332625e-06
21832;我敲可爱Mito;1;0;1;159059;6.28697527332625e-06
21837;小生逍遥这个更6;1;0;1;159059;6.28697527332625e-06
21840;Luv3;2;0;2;159059;1.25739505466525e-05
21843;何方妖孽;1;0;1;159059;6.28697527332625e-06
21845;Glory耶饿了就吃点空气;2;0;2;159059;1.25739505466525e-05
21849;莎布蕾曲奇牛排;1;0;1;159059;6.28697527332625e-06
21852;一起去海上吧;1;0;1;159059;6.28697527332625e-06
21859;小屁孩;3;0;3;159059;1.886092581997875e-05
21863;小郭笑死我了哈哈哈哈哈哈哈哈哈哈哈哈哈哈哈哈哈哈哈哈哈哈哈哈哈哈哈哈哈哈哈哈哈哈哈哈哈哈哈哈哈哈哈哈哈哈哈哈哈哈哈哈哈哈;1;0;1;159059;6.28697527332625e-06
21867;7;2;0;2;159059;1.25739505466525e-05
21871;姬艺阿魔鞥;1;0;1;159059;6.28697527332625e-06
21874;J1EurekaMrsl心态要放松;1;0;1;159059;6.28697527332625e-06
21876;月亮不睡天不亮;1;0;1;159059;6.28697527332625e-06
21878;Universe玖月AAA重庆时代峰峻老总樱丸小桃子哈哈哈哈哈哈哈哈;2;0;2;159059;1.25739505466525e-05
21884;城南有把;1;0;1;159059;6.28697527332625e-06
21886;食斋啊啊啊吧啊把寒山雨夜行;1;0;1;159059;6.28697527332625e-06
21890;CB97需要早睡卧槽;1;0;1;159059;6.28697527332625e-06
21893;勇敢蛋蛋;1;0;1;159059;6.28697527332625e-06
21901;QW笑死我;1;0;1;159059;6.28697527332625e-06
21909;Nt笑死我了;1;0;1;159059;6.28697527332625e-06
21913;浪山水cxclla;1;0;1;159059;6.28697527332625e-06
21921;星沉超好笑;1;0;1;159059;6.28697527332625e-06
21926;爸爸;1;0;1;159059;6.28697527332625e-06
21929;hhhhhhyeah哈哈哈哈哈;1;0;1;159059;6.28697527332625e-06
21931;去球吧越界;1;0;1;159059;6.28697527332625e-06
21934;文沐宇先森2002Meetagain少年未老心已慌;1;0;1;159059;6.28697527332625e-06
21937;淮白鹤？;1;0;1;159059;6.28697527332625e-06
21942;不复往日温柔;1;0;1;159059;6.28697527332625e-06
21944;吴大漂亮;1;0;1;159059;6.28697527332625e-06
21948;拜拜拜拜拜笑死了;1;0;1;159059;6.28697527332625e-06
21950;言nannKwitch13歲的炎亞歐笨鸟先飞啊哈哈哈哈哈哈哈哈哈哈哈哈哈哈哈哈哈哈哈哈哈哈笑死我了什么玩意人工智障;3;0;3;159059;1.886092581997875e-05
21959;1我受不了了;1;0;1;159059;6.28697527332625e-06
21962;元奋;1;0;1;159059;6.28697527332625e-06
21965;花开富贵。瑟瑟瑟瑟瑟瑟;1;0;1;159059;6.28697527332625e-06
21972;蕹淮;1;0;1;159059;6.28697527332625e-06
21976;染最美的不是下雨天超级无敌宇宙终极第一牛逼暴龙战士shuo千分之;2;0;2;159059;1.25739505466525e-05
21980;南冥有笙“缘以尽”;1;0;1;159059;6.28697527332625e-06
21991;古墨凉笙一起来笑哈哈哈哈哈;2;0;2;159059;1.25739505466525e-05
22002;陈欣（emo版）;1;0;1;159059;6.28697527332625e-06
22004;羔羔;1;0;1;159059;6.28697527332625e-06
22007;脆脆鲨鱼;1;0;1;159059;6.28697527332625e-06
22009;Chloe出师表;1;0;1;159059;6.28697527332625e-06
22011;北北云萧萧姚姚起不早啊嘞哎唉爱癌哈哈哈哈;1;0;1;159059;6.28697527332625e-06
22013;枕头上星眠救命哈哈哈哈哈哈;2;0;2;159059;1.25739505466525e-05
22018;AWY我一般不笑，除非忍不住;1;0;1;159059;6.28697527332625e-06
22021;起飞，落地三个最可口的;1;0;1;159059;6.28697527332625e-06
22030;3Zngzoy非死BOOK;1;0;1;159059;6.28697527332625e-06
22032;Kristal张张;1;0;1;159059;6.28697527332625e-06
22038;讨厌讨厌讨厌冷暴力;1;0;1;159059;6.28697527332625e-06
22040;愁虎;3;0;3;159059;1.886092581997875e-05
22045;待至暮霭沉;1;0;1;159059;6.28697527332625e-06
22050;汐语word麻鸭北纬度;1;0;1;159059;6.28697527332625e-06
22052;淮仲缘曲散安小静（攒华子中）扣碗凌零他诽谤我们河南;3;0;3;159059;1.886092581997875e-05
22056;齐雨Devs多次拒绝刘亦菲有有;1;0;1;159059;6.28697527332625e-06
22059;敲敲碰碰;1;0;1;159059;6.28697527332625e-06
22062;学;1;0;1;159059;6.28697527332625e-06
22066;毕小明;1;0;1;159059;6.28697527332625e-06
22069;我叫微微暄暄是我的好朋友;1;0;1;159059;6.28697527332625e-06
22075;梦见了什么哈哈哈;1;0;1;159059;6.28697527332625e-06
22077;亓没假期的千每天都浩想睡觉小坤便利店莓？;2;0;2;159059;1.25739505466525e-05
22082;二朝;1;0;1;159059;6.28697527332625e-06
22085;陆景和老婆寒栀小狗真可爱沧江阔溟不带嘴也能刷抖音AAA苦茶子批发部最可口的哈哈哈哈哈哈哈哈哈哈哈哈哈哈哈哈哈哈哈哈哈哈哈哈哈哈哈哈哈哈哈哈哈哈哈哈哈哈哈哈哈哈哈哈哈哈哈;1;0;1;159059;6.28697527332625e-06
22087;今天我秃头了吗;1;0;1;159059;6.28697527332625e-06
22089;天降小蔡星hhhyzhr南有乔木HTCH笑死我了，军事连夜从墓里爬出来;2;0;2;159059;1.25739505466525e-05
22092;我要娶100个老婆黄明珠TyTaker论文查重;1;0;1;159059;6.28697527332625e-06
22096;Refuse;1;0;1;159059;6.28697527332625e-06
22098;椰果椰果椰果;1;0;1;159059;6.28697527332625e-06
22102;陈劲生;1;0;1;159059;6.28697527332625e-06
22108;桃桃蜜柚;1;0;1;159059;6.28697527332625e-06
22112;嘶Vae555笑死我了;1;0;1;159059;6.28697527332625e-06
22116;菜菜很饱;1;0;1;159059;6.28697527332625e-06
22124;Fionvhjkun小蕊笑死了快来我笑到失声;1;0;1;159059;6.28697527332625e-06
22131;好语;1;0;1;159059;6.28697527332625e-06
22134;蟹黄堡被把恋爱都搅黄女士LloveUmoreL橣哥哥看看我萌源明天不熬夜了hhhhhh;1;0;1;159059;6.28697527332625e-06
22140;噗噗子6;1;0;1;159059;6.28697527332625e-06
22143;倾国倾城的暴躁隐士沉舟我眼睛呢z7A58哈哈哈哈哈哈哈哈哈哈哈哈哈哈哈哈;3;0;3;159059;1.886092581997875e-05
22149;西瓜;1;0;1;159059;6.28697527332625e-06
22152;燏爗还得是河南人会玩;1;0;1;159059;6.28697527332625e-06
22156;杝;1;0;1;159059;6.28697527332625e-06
22158;糖酥吖QvQ最可口;1;0;1;159059;6.28697527332625e-06
22160;逃避虽可耻但有用时生yyyyyyeah脑袋困掉了;1;0;1;159059;6.28697527332625e-06
22164;TT;1;0;1;159059;6.28697527332625e-06
22176;黄豆豆oo勇敢小孩曦雨笑死笑死笑死了;1;0;1;159059;6.28697527332625e-06
22178;给lwc种香菜;1;0;1;159059;6.28697527332625e-06
22182;ohno;1;0;1;159059;6.28697527332625e-06
22194;只爱怡怡子大美女;1;0;1;159059;6.28697527332625e-06
22196;Minecraft居心不良;1;0;1;159059;6.28697527332625e-06
22205;不扣不改名;1;0;1;159059;6.28697527332625e-06
22208;TheanswerTheGodHvemiD9520芒果汁好哈哈哈哈哈哈哈哈哈哈哈哈哈哈哈哈哈哈哈哈，笑死我了;2;0;2;159059;1.25739505466525e-05
22214;小娌（同时被抓版）可可冰哈哈哈哈哈;1;0;1;159059;6.28697527332625e-06
22220;Miracle笑不活了;1;0;1;159059;6.28697527332625e-06
22226;66666;1;0;1;159059;6.28697527332625e-06
22242;洛北;1;0;1;159059;6.28697527332625e-06
22244;0;1;0;1;159059;6.28697527332625e-06
22246;killing;1;0;1;159059;6.28697527332625e-06
22255;Karry泡菜小西八纯情山鬼无情八宝粥;1;0;1;159059;6.28697527332625e-06
22260;不想叭葱头;1;0;1;159059;6.28697527332625e-06
22269;双翘宁0504江色摆烂大碗龙骑士ikun摆烂就很烦;1;0;1;159059;6.28697527332625e-06
22275;YR笑死了;1;0;1;159059;6.28697527332625e-06
22278;他们都叫我小方;1;0;1;159059;6.28697527332625e-06
22281;辞;1;0;1;159059;6.28697527332625e-06
22283;二又;1;0;1;159059;6.28697527332625e-06
22287;或许;2;0;2;159059;1.25739505466525e-05
22290;Abnormal;1;0;1;159059;6.28697527332625e-06
22293;小敏姐姐薄荷微凉只配一个夏;2;0;2;159059;1.25739505466525e-05
22296;歪比巴卜你们河南人都这么野的吗？;1;0;1;159059;6.28697527332625e-06
22307;贲贲ben哈哈哈哈哈哈哈哈哈哈哈哈哈哈哈哈哈哈哈哈哈哈哈哈哈哈哈哈哈哈哈哈哈哈哈哈哈哈哈哈哈哈哈哈哈哈哈哈哈哈哈哈哈哈哈哈哈哈哈哈哈哈哈哈哈哈哈哈哈哈哈哈哈哈哈哈哈哈哈;2;0;2;159059;1.25739505466525e-05
22323;我是小红帽姐姐澄浣;1;0;1;159059;6.28697527332625e-06
22325;刘备春风一郎qoo刘江妤;1;0;1;159059;6.28697527332625e-06
22329;终是温柔扑了空蜂蜜特饮m万叶屑Emc;1;0;1;159059;6.28697527332625e-06
22331;戒;1;0;1;159059;6.28697527332625e-06
22333;爱笑的小h我是王子哈哈哈哈哈，6;1;0;1;159059;6.28697527332625e-06
22335;榴芒;1;0;1;159059;6.28697527332625e-06
22338;儿子娃娃;1;0;1;159059;6.28697527332625e-06
22340;啊喂他貌似发现了很了不起的东西，哈哈哈哈哈哈哈哈;1;0;1;159059;6.28697527332625e-06
22343;24kin;1;0;1;159059;6.28697527332625e-06
22350;歪小盆友梦离醒悟Ch1nha0;1;0;1;159059;6.28697527332625e-06
22352;踏泽河南玩的这么变态哦;3;0;3;159059;1.886092581997875e-05
22357;超级无敌可爱的矮子哈哈哈哈哈哈哈哈哈;1;0;1;159059;6.28697527332625e-06
22359;颂声;1;0;1;159059;6.28697527332625e-06
22361;定好时间;1;0;1;159059;6.28697527332625e-06
22363;晚风藏着爱意6;1;0;1;159059;6.28697527332625e-06
22365;SASWORD小庞不会拉扯伦惟KissuMedit;1;0;1;159059;6.28697527332625e-06
22368;劰羽柠;1;0;1;159059;6.28697527332625e-06
22370;摆烂的安于;1;0;1;159059;6.28697527332625e-06
22372;咸贤鱼鱼安铄哈哈哈哈哈哈哈哈哈哈哈哈哈哈哈哈哈哈哈哈哈哈哈哈哈哈哈;1;0;1;159059;6.28697527332625e-06
22374;我宣布个事哈哈哈哈哈哈哈要智障了;1;0;1;159059;6.28697527332625e-06
22380;落哈哈哈哈哈，人工智障;1;0;1;159059;6.28697527332625e-06
22386;公主十个胃;1;0;1;159059;6.28697527332625e-06
22389;小刘不爱动九九;2;0;2;159059;1.25739505466525e-05
22393;小夕小夕（纯情女高版哈哈哈，选了3个最可口的;1;0;1;159059;6.28697527332625e-06
22398;小熊肉丝Space亚饺子lili他妈的好离谱;1;0;1;159059;6.28697527332625e-06
22400;kenijima欤虽迟但到离谱啊;1;0;1;159059;6.28697527332625e-06
22409;打个哈欠;1;0;1;159059;6.28697527332625e-06
22413;白夜微凉（诀症版）;1;0;1;159059;6.28697527332625e-06
22415;woshinidienzho;1;0;1;159059;6.28697527332625e-06
22417;简哥;1;0;1;159059;6.28697527332625e-06
22419;NightNight;1;0;1;159059;6.28697527332625e-06
22423;NaomiXMG;1;0;1;159059;6.28697527332625e-06
22430;蜘蛛侠x;2;0;2;159059;1.25739505466525e-05
22433;看芥川川川川川川川川川川川川川川川川泠沅妈杯笑死我了;1;0;1;159059;6.28697527332625e-06
22436;Djibouti;1;0;1;159059;6.28697527332625e-06
22440;魔术早晨的茶叶蛋宇宙无敌可爱怪小梁很开心傻鱼吃多了;1;0;1;159059;6.28697527332625e-06
22442;反方向的钟哈哈哈哈哈哈哈哈哈哈哈;1;0;1;159059;6.28697527332625e-06
22445;不吃兔子的狐狸;1;0;1;159059;6.28697527332625e-06
22448;0;1;0;1;159059;6.28697527332625e-06
22454;不行笑得我肚子疼;1;0;1;159059;6.28697527332625e-06
22456;芊识你。。。品尝额;1;0;1;159059;6.28697527332625e-06
22459;梁喆Azane宇;1;0;1;159059;6.28697527332625e-06
22461;咨恩曾被大灰狼吃掉的小红帽小思gogogo霖分;2;0;2;159059;1.25739505466525e-05
22468;宇66;1;0;1;159059;6.28697527332625e-06
22471;伧瑄卓笑死我了;4;0;4;159059;2.5147901093305e-05
22478;睡觉呼噜噜我看看;1;0;1;159059;6.28697527332625e-06
22480;ldLD;3;0;3;159059;1.886092581997875e-05
22484;小慜同学;1;0;1;159059;6.28697527332625e-06
22486;亲爱的周游;1;0;1;159059;6.28697527332625e-06
22491;ahello;1;0;1;159059;6.28697527332625e-06
22493;？夜;2;0;2;159059;1.25739505466525e-05
22499;巧英的宝贝雪雪;2;0;2;159059;1.25739505466525e-05
22509;涵姐姐（诀症版）二十二;1;0;1;159059;6.28697527332625e-06
22511;想吃糖醋里脊哈哈哈;1;0;1;159059;6.28697527332625e-06
22518;Sunset;1;0;1;159059;6.28697527332625e-06
22521;也还好卡恩啦啦不;1;0;1;159059;6.28697527332625e-06
22529;今我阿成sun心病狂天真有邪;1;0;1;159059;6.28697527332625e-06
22535;阿木木呀;1;0;1;159059;6.28697527332625e-06
22539;想做你的方向盘;1;0;1;159059;6.28697527332625e-06
22548;拔刀能留住落樱吗;2;0;2;159059;1.25739505466525e-05
22551;童一最可口的;1;0;1;159059;6.28697527332625e-06
22553;魈在我这别看了;2;0;2;159059;1.25739505466525e-05
22557;麦萱风;1;0;1;159059;6.28697527332625e-06
22561;啊黎。。银鍠朱武醉殊生绮罗生（白小九）最光阴凝渊谪剑仙;1;0;1;159059;6.28697527332625e-06
22563;丹生谷想不到啥名dieeeeeeeeecyx笏;1;0;1;159059;6.28697527332625e-06
22582;在吗偷个菠萝;1;0;1;159059;6.28697527332625e-06
22586;xx;2;0;2;159059;1.25739505466525e-05
22593;樱;1;0;1;159059;6.28697527332625e-06
22602;旧人何时归鸭仔夜神月祁思雨睡不着请数烊鲜葱大人笑死我;1;0;1;159059;6.28697527332625e-06
22613;星星空哈哈哈哈;1;0;1;159059;6.28697527332625e-06
22625;A提瓦特璃月女将鲤姐雾眠气泡水却邪阿妍软仙Zzzzd我是阿高啊帕西诺的独白;1;0;1;159059;6.28697527332625e-06
22627;鲁叶欢;1;0;1;159059;6.28697527332625e-06
22630;撒旦的礼物;1;0;1;159059;6.28697527332625e-06
22634;之奥赵;1;0;1;159059;6.28697527332625e-06
22639;Rook1eCccctjXz行鹤;1;0;1;159059;6.28697527332625e-06
22641;小橘子小汽水;1;0;1;159059;6.28697527332625e-06
22648;低头shoocl乡C拉维;1;0;1;159059;6.28697527332625e-06
22652;Ibuprofen少管我人间清醒duangduang笑死了;3;0;3;159059;1.886092581997875e-05
22657;你不认识我吃饭干活;1;0;1;159059;6.28697527332625e-06
22659;叶晚安久瞳无痕Look看;1;0;1;159059;6.28697527332625e-06
22665;豬心茶;1;0;1;159059;6.28697527332625e-06
22670;TT不窜线韩我是大帅比姐是大美女你再狗叫什么多我笑了;1;0;1;159059;6.28697527332625e-06
22674;小钟记得早睡寻迹野浔K智Y往事忧一条摆烂咸鱼随遇三个最可口的;3;0;3;159059;1.886092581997875e-05
22680;千里;1;0;1;159059;6.28697527332625e-06
22683;伊安;1;0;1;159059;6.28697527332625e-06
22686;in任性的Laly;1;0;1;159059;6.28697527332625e-06
22688;simple潍坊分po;1;0;1;159059;6.28697527332625e-06
22693;謝;1;0;1;159059;6.28697527332625e-06
22700;美少女宝贝;1;0;1;159059;6.28697527332625e-06
22702;幺蛾子;1;0;1;159059;6.28697527332625e-06
22711;1Yai;1;0;1;159059;6.28697527332625e-06
22714;清绾文懿荼谢谢已经忘了老宋讲的出师表翻译了;1;0;1;159059;6.28697527332625e-06
22716;没东西发又想装杯怎么办;1;0;1;159059;6.28697527332625e-06
22718;这是一场试炼;1;0;1;159059;6.28697527332625e-06
22721;oCake;1;0;1;159059;6.28697527332625e-06
22725;lovesong哈哈哈哈哈哈哈哈哈哈哈哈哈哈哈哈哈哈哈哈哈哈哈哈哈哈哈哈哈哈哈我服了，笑死我了;2;0;2;159059;1.25739505466525e-05
22735;倚月;1;0;1;159059;6.28697527332625e-06
22740;晚风;1;0;1;159059;6.28697527332625e-06
22747;baldwin小松喵13三个最可口的哈哈哈哈哈哈哈哈哈;1;0;1;159059;6.28697527332625e-06
22751;00（精神状态良好版）;1;0;1;159059;6.28697527332625e-06
22753;茹崽养只喵;1;0;1;159059;6.28697527332625e-06
22759;怎么我的是英文字幕;13;0;13;159059;8.173067855324126e-05
22773;我想看的是日译中;1;3;4;159059;2.5147901093305e-05
22775;友商请不要藕断丝连;1;1;2;159059;1.25739505466525e-05
22777;你们想看的是字幕，而我想看这个纪录片。;1;1;2;159059;1.25739505466525e-05
22779;荣耀X20可以吗？;1;0;1;159059;6.28697527332625e-06
22787;爱国主义思想教育平面可以生产吗？;1;1;2;159059;1.25739505466525e-05
22789;他回复我要再维护，不可以用;1;1;2;159059;1.25739505466525e-05
22792;老师，私信你一直没回midjourner是要付费才能使用吗？;1;1;2;159059;1.25739505466525e-05
22795;這不是叫做discord嗎？怎麼一模一樣;1;0;1;159059;6.28697527332625e-06
22797;这个是gpt30版本的？能接入40版本吗;1;0;1;159059;6.28697527332625e-06
22799;这个东西不安全;1;0;1;159059;6.28697527332625e-06
22804;不光点赞，还收藏了;1;0;1;159059;6.28697527332625e-06
22818;别吹，再怎么滴也要延时个10秒以上。;140;618;758;159059;0.004765527257181297
22959;这是要全球剁手吗？双十一太可怕;10;812;822;159059;0.005167893674674177
22970;江山代有人才出，始于马云，承于张王李赵，我们是个伟大的民族。是个伟大的国家，不衰的文明;9;596;605;159059;0.003803620040362381
22980;英语老师，你懂我意思吧？;27;321;348;159059;0.002187867395117535
23008;研发是一会事，但是用到市场上就是另外一回事，毕竟要回本啊;2;110;112;159059;0.00070414123061254
23011;我要说方言;4;76;80;159059;0.0005029580218661
23017;大国正在以共同发展的姿态带动着世界分享着中国的先进发展模式，尽显大国风范威武;3;54;57;159059;0.00035835759057959625
23021;油管好像很久就实现了;7;10;17;159059;0.00010687857964654625
23030;这个我喜欢，但工程量很大，肯定还没完善，各个国家语言种类可不止英语和国语;4;13;17;159059;0.00010687857964654625
23035;昨天还和儿子讨论学英语问题，儿子就怼我以后即时翻译技术越来越先进学英语真浪费时间;4;6;10;159059;6.28697527332625e-05
23040;研表究明，人看在字时，会动自字将排好。不信你读重一下段这话，会就现发字全是都乱的;1;10;11;159059;6.915672800658876e-05
23042;写程序能改成中文那就厉害了;4;5;9;159059;5.658277745993625e-05
23047;这叫我这个学翻译的有点害怕;1;9;10;159059;6.28697527332625e-05
23060;那么以后那些翻译是不是都会失业;3;5;8;159059;5.029580218661e-05
23064;哇塞我们同传惨了饭碗被砸了。;1;5;6;159059;3.77218516399575e-05
23072;所以我学日语到底有什么意义;3;4;7;159059;4.400882691328375e-05
23079;步兵和骑兵可以实时翻译吗？;2;4;6;159059;3.77218516399575e-05
23101;同声翻译要失业了？;1;3;4;159059;2.5147901093305e-05
23106;一些喷子上来就喷，视频上传之后再翻译和直播实时翻译能一样？;1;3;4;159059;2.5147901093305e-05
23111;以后外语是不是可以不用学了;1;3;4;159059;2.5147901093305e-05
23118;先在国内这样搞，还学啥外语啊，都是双语了;2;3;5;159059;3.143487636663125e-05
23122;那还要学个锤子英语啊;1;3;4;159059;2.5147901093305e-05
23127;那么牛的公司为什么连光刻机都造不出来;2;2;4;159059;2.5147901093305e-05
23144;更可怕的是，依靠外语工作的有没有感觉到危机感？;1;2;3;159059;1.886092581997875e-05
23171;那英语可以选修了。不用高考了。;1;2;3;159059;1.886092581997875e-05
23182;华为手机去年就实现了，看视频没有中文字幕，手机就能改成中文的;3;2;5;159059;3.143487636663125e-05
23240;碾压科大讯飞了？;1;1;2;159059;1.25739505466525e-05
23243;以后看剧可以不用等字幕组了？;1;1;2;159059;1.25739505466525e-05
23245;也不知道和讯飞还有谷歌用在油管上的的视频翻译哪个好，虽然我觉得可能讯飞的还是要强不少;1;1;2;159059;1.25739505466525e-05
23254;转发速卖通平台面临的问题不是买卖家之间言语不通问题，而是市场占有率，而是购物体验比不上亚马逊。;2;1;3;159059;1.886092581997875e-05
23260;貌似YouTube很久前就有这个功能;1;1;2;159059;1.25739505466525e-05
23274;这不是华为ai字幕吗;1;1;2;159059;1.25739505466525e-05
23300;我就想知道什么时候应用;1;1;2;159059;1.25739505466525e-05
23311;竟然有青岛小菠萝;1;1;2;159059;1.25739505466525e-05
23318;我看了个小说末日达摩院的科技产品拯救了大批人类;5;1;6;159059;3.77218516399575e-05
23332;抖音已哭晕拼命脱离淘宝结果阿里新技术对tiktok意义重大;1;1;2;159059;1.25739505466525e-05
23334;所谓的AI，就是集合大数据，进行分析判断，当然条件限制，都是人为优化设定的。为了它更加智能化，会不断地给它提供大数据，优化，直到有一天产生自主意识。就是人类灭亡的时候。;1;1;2;159059;1.25739505466525e-05
23391;google早就有;1;1;2;159059;1.25739505466525e-05
23396;未来全球参与双11抢购;1;1;2;159059;1.25739505466525e-05
23404;要淘汰键盘的节奏键盘厂商赶紧转型了;1;1;2;159059;1.25739505466525e-05
23441;我敢说日语翻译是现在很多人需要的;3;1;4;159059;2.5147901093305e-05
23453;科大讯飞不是专门做这个的吗，能不能搞点其他的。;1;1;2;159059;1.25739505466525e-05
23458;youtube好像很久就有这个功能了;1;1;2;159059;1.25739505466525e-05
23482;哈哈，将来的英语专业的翻译都要失业了。以后不用学英语了，英语无用论成立了;4;1;5;159059;3.143487636663125e-05
23558;还学英语干嘛;1;0;1;159059;6.28697527332625e-06
23624;这歌叫啥;1;0;1;159059;6.28697527332625e-06
23693;中亚各国的小语种能翻译吗？;1;0;1;159059;6.28697527332625e-06
23733;秃秃不叫光光墨弈;1;0;1;159059;6.28697527332625e-06
23768;英语快没用了;1;0;1;159059;6.28697527332625e-06
23775;那还需要学英语干嘛呢;1;0;1;159059;6.28697527332625e-06
23777;真么弄呢？;1;0;1;159059;6.28697527332625e-06
23793;油管貌似老早就可以了;1;0;1;159059;6.28697527332625e-06
23797;这说明什么说明不用在学英文人工智能ai;1;0;1;159059;6.28697527332625e-06
23867;阿小胖牛逼不;1;0;1;159059;6.28697527332625e-06
23872;抖音的竞争对手;1;0;1;159059;6.28697527332625e-06
23881;那我们也不需要学英语了;2;0;2;159059;1.25739505466525e-05
23893;一六八小公举;1;0;1;159059;6.28697527332625e-06
23924;玩游戲直接翻译多爽;2;0;2;159059;1.25739505466525e-05
23936;讯飞早就实现实时翻译了;3;0;3;159059;1.886092581997875e-05
23973;楼主这技术让科大讯飞情何以堪？;1;0;1;159059;6.28697527332625e-06
23996;翻译不难，现在的很多翻译软件问题是翻的准不准;1;0;1;159059;6.28697527332625e-06
24020;笑死人，脸书的早就有了，早就把收录的语言翻译层你当前使用的语言了，不过还是加油吧。;1;0;1;159059;6.28697527332625e-06
24036;0;1;0;1;159059;6.28697527332625e-06
24153;那孩子们能不能不学英语啦？;1;0;1;159059;6.28697527332625e-06
24161;达摩院是干什么的;2;0;2;159059;1.25739505466525e-05
24210;讲老铁们。怎么翻;1;0;1;159059;6.28697527332625e-06
24215;我是杠精，没芯片没硬件，啥概念都是空中楼阁;1;0;1;159059;6.28697527332625e-06
24222;youtube早有了;1;0;1;159059;6.28697527332625e-06
24228;我这手这几天剁的差不多了，后半个月咋熬啊;1;0;1;159059;6.28697527332625e-06
24235;YouTube也有吧？;1;0;1;159059;6.28697527332625e-06
24245;坚果手机牛逼;6;0;6;159059;3.77218516399575e-05
24255;哇这么牛马，直播人家话还没说完，句子后面的都翻译了;1;0;1;159059;6.28697527332625e-06
24278;google视频早就可以自动翻译了;2;0;2;159059;1.25739505466525e-05
24289;YouTube不是早就可以了么，这有啥的？？？;1;0;1;159059;6.28697527332625e-06
24291;那个，的能翻译吗;1;0;1;159059;6.28697527332625e-06
24327;啊啊啊啊啊;1;0;1;159059;6.28697527332625e-06
24337;翻译真的会成为第一个被淘汰的白领职业;1;0;1;159059;6.28697527332625e-06
24341;油管不是早就有了，有啥不一样的吗？;3;0;3;159059;1.886092581997875e-05
24415;马老师这布局太牛、太有远见了，中国第一家百年互联网公司跑不掉了;1;0;1;159059;6.28697527332625e-06
24488;谷歌玩剩的东西再拿来当自己创新搞一次;3;0;3;159059;1.886092581997875e-05
24505;youtube早就实现了;1;0;1;159059;6.28697527332625e-06
24520;最起码把网络延迟取消了，才有可能;1;0;1;159059;6.28697527332625e-06
24523;什么app;1;0;1;159059;6.28697527332625e-06
24534;芯片呢？吹了半天;2;0;2;159059;1.25739505466525e-05
24566;奥利源;1;0;1;159059;6.28697527332625e-06
24583;在哪里;1;0;1;159059;6.28697527332625e-06
24585;这是要让全球的女人也加入剁手的行列呀;1;0;1;159059;6.28697527332625e-06
24609;YouTube上有实时配字幕吧;1;0;1;159059;6.28697527332625e-06
24621;能翻译日语吗;1;0;1;159059;6.28697527332625e-06
24629;我朋友让我问问日语能实时翻译吗？;2;0;2;159059;1.25739505466525e-05
24669;就问你看韩综能不能;1;0;1;159059;6.28697527332625e-06
24679;你认为是好事还是坏事呢;23;77;100;159059;0.000628697527332625
24703;并不是好事;60;322;382;159059;0.0024016245544106274
24764;很危险;29;51;80;159059;0.0005029580218661
24794;看来还有不少人的思维停留在二战时期;9;125;134;159059;0.0008424546866257175
24804;温州话麻烦翻译一下，就算是翻译成普通话也行;22;96;118;159059;0.0007418630822524975
24827;战时确实有用方言做密电啊都给外国人了等于把密码本送上了;9;41;50;159059;0.0003143487636663125
24837;闽南话，隔一个村都可能不一样，让他慢慢去翻译吧。我们语言可多了去了。随便造几个词，换个说法，换个句式他就瘫痪了。;8;12;20;159059;0.000125739505466525
24846;方言里还有方言，慢慢破解吧;6;14;20;159059;0.000125739505466525
24853;老美的科技发展的太快了，而时代的车轮滚滚后退不可阻挡;3;22;25;159059;0.00015717438183315626
24857;做这些的都是中国人;4;8;12;159059;7.5443703279915e-05
24862;啥都能翻译，试试这个可怕的瓷器音乐请立即停下来这使我的屁股脱落我的大山雀站立瓷器历史爱来自四面的川河;2;11;13;159059;8.173067855324126e-05
24865;这样方便截取的情报翻译;1;11;12;159059;7.5443703279915e-05
24868;看过风语者的都知道，这不算什么好事。;2;3;5;159059;3.143487636663125e-05
24890;温霜降灏悲伤的狼不happy棠宁宁美女T霉女终究还是忘不掉6;2;2;4;159059;2.5147901093305e-05
24919;明明是人工;1;0;1;159059;6.28697527332625e-06
24930;翻译要失业了;1;0;1;159059;6.28697527332625e-06
24932;下一个温州话;1;0;1;159059;6.28697527332625e-06
24940;从技术角度是好事，但是从国防安全看，不好科学无国界，科学家有个人意见，不喜勿喷;1;2;3;159059;1.886092581997875e-05
24945;苹果公司也能完美的应对粤语。国内好像在这方面是落后的。;3;0;3;159059;1.886092581997875e-05
24959;牛逼啊我个闽南人我是都听懂了;1;0;1;159059;6.28697527332625e-06
24963;浙江80多种方言;1;0;1;159059;6.28697527332625e-06
24966;科大讯飞早几年前就做到方言叠加外语实时翻译了;1;0;1;159059;6.28697527332625e-06
24968;哪种方言最难翻译？;4;2;6;159059;3.77218516399575e-05
24981;ChinnoKunio;1;1;2;159059;1.25739505466525e-05
24986;方言如果被破解知道军事带来的后果吗;2;2;4;159059;2.5147901093305e-05
24989;y。woc;1;1;2;159059;1.25739505466525e-05
25025;翻译工作就。。。。;1;0;1;159059;6.28697527332625e-06
25028;一帮人在这边扯科技。这是新的科技突破吗？对于语音识别来说，普通话，温州话，粤语，英语，有区别？？只要有足够的数据匹配支撑，都是一样的。前提还是人力投入的问题，说到底就是钱。;1;0;1;159059;6.28697527332625e-06
25035;让它翻译我客家土话，我的听不懂隔壁镇的人说话;1;0;1;159059;6.28697527332625e-06
25057;嗷，我直接用国产;3;0;3;159059;1.886092581997875e-05
25121;同问可以发我一份吗;3;0;3;159059;1.886092581997875e-05
25157;导出的视频不够清晰咋办;3;0;3;159059;1.886092581997875e-05
25161;收费好贵，有没有稍微便宜点的;1;0;1;159059;6.28697527332625e-06
25163;怎么操作的;1;0;1;159059;6.28697527332625e-06
25166;？;1;0;1;159059;6.28697527332625e-06
25168;学小语种和外语的彻底傻眼了;156;6692;6848;159059;0.04305320667173816
25325;法律证据要完蛋了;45;3199;3244;159059;0.020394947786670354
25371;听得出来是ai;2;3;5;159059;3.143487636663125e-05
25374;日漫国语配音有救了;145;5280;5425;159059;0.034106840857794904
25520;最近ai发展太快了，我就想知道距离全民不上班还有多久;88;713;801;159059;0.005035867193934326
25610;以后接亲朋好友电话要对暗号了不然可能是诈骗电话;122;1847;1969;159059;0.012379054313179386
25733;假如这个玩意哪一天很成熟了，那是不是录口供就变得更简单了有点意思;42;1232;1274;159059;0.008009606498217643
25776;感觉可以专门生成一个虚拟女。一边可以ai模拟声音。一边AI生成照片，然后利用自媒体宣传自己的onlyfans这钱根本毫无成本。又发现新路子了。;46;146;192;159059;0.00120709925247864
25823;科大讯飞：完了，我成赝的了;14;904;918;159059;0.0057714433009134975
25838;这次我站降临派;7;424;431;159059;0.002709686342803614
25846;要不是英语我上北大清华了，结果只上了个985，坚决同意取消英语;132;131;263;159059;0.0016534744968848037
25979;外语翻译即将下岗，AI进化太快了，现在画师已经开始裁员了，估计程序员也快裁员了;38;364;402;159059;0.0025273640598771525
26018;很夸张，办了个chatGPT的会员，这东西甚至能自己写代码，而且非常工整，还可以自己找Bug，真的人都傻了，后背发凉，文案几秒一篇，还不重样，关键还非常通顺。。。。。。。;35;50;85;159059;0.0005343928982327312
26054;芝顿，芝顿。。。。芝顿有救啦;6;283;289;159059;0.0018169358539912863
26061;第一反应怎么会是谨防诈骗;3;73;76;159059;0.000477810120772795
26065;当时我觉得小爱那个模仿已经很恐怖了;3;172;175;159059;0.0011002206728320937
26081;模仿声音百度高德地图以前也有，那些明星的语音包;4;2;6;159059;3.77218516399575e-05
26086;如果这个被电信诈骗所用你想想有多恐怖;5;5;10;159059;6.28697527332625e-05
26114;我的华为语音助手就是用的自己的声音，一模一样，像跟自己对话;2;2;4;159059;2.5147901093305e-05
26121;大家说家乡话，随他什么Ai来了也没用;7;3;10;159059;6.28697527332625e-05
26129;柯南的手表终于要出现了;3;2;5;159059;3.143487636663125e-05
26158;导航语音包，多少年前就有了。;3;4;7;159059;4.400882691328375e-05
26163;所以我小孩还要不要学英语;1;0;1;159059;6.28697527332625e-06
26174;我这的方言对不起识别不了;1;0;1;159059;6.28697527332625e-06
26182;国内的互联网大厂，都在做啥？;6;6;12;159059;7.5443703279915e-05
26191;林少在此HCl夕阳西下沉旅编泰1月萝卜鲑鱼iris所以搞人工智能的意义是什么;6;3;9;159059;5.658277745993625e-05
26206;方言咋办;2;0;2;159059;1.25739505466525e-05
26229;是阿虞呀wc;1;0;1;159059;6.28697527332625e-06
26234;如果随着迭代仿真度越来越高，又没有识别方法，是不是意味着语音证据的可信度将会崩溃？;6;6;12;159059;7.5443703279915e-05
26247;这东西感觉没什么好奇怪的。。。我甚至觉得5年前就应该有了。;4;4;8;159059;5.029580218661e-05
26259;来了快乐我靓仔热心市民狼先生;2;0;2;159059;1.25739505466525e-05
26263;想起了前年我说同声传译和速记员很快会被取代时候跟我抬杠的那个人。;9;6;15;159059;9.430462909989374e-05
26276;啊？;1;0;1;159059;6.28697527332625e-06
26289;我就纳闷儿干啥要研究这个东西;9;0;9;159059;5.658277745993625e-05
26301;困梨梨牛批;1;0;1;159059;6.28697527332625e-06
26312;激光飞行蚂蚁活过下一集zw跟我们一起失业;2;0;2;159059;1.25739505466525e-05
26325;Hantiona太好了，以后听小说方便了;1;1;2;159059;1.25739505466525e-05
26332;喜欢和六六养猫DUSTHc扬扬睡醒了？猪精zj不是给不给我们活路啊;4;1;5;159059;3.143487636663125e-05
26341;不想丸辣AI扎不多得了;1;0;1;159059;6.28697527332625e-06
26346;赵忠祥老师配音哪能用我用过一次忘了;1;2;3;159059;1.886092581997875e-05
26349;sSxdi干炸小银鱼深情小美（plus版）我靠;1;1;2;159059;1.25739505466525e-05
26351;Lyndsay还没上班但是已经准备退休了;1;0;1;159059;6.28697527332625e-06
26355;meiyy我要失业了;1;0;1;159059;6.28697527332625e-06
26369;Hhy这不就;1;0;1;159059;6.28697527332625e-06
26373;可是人本身的声音本来就随着心情，时间不同的状态，它的声音，音调，音色等等都会发生一些细微的改变，这些随机性AI永远也模仿不出来精髓的。;1;2;3;159059;1.886092581997875e-05
26379;江笑笑哦可以自己做电影了;1;0;1;159059;6.28697527332625e-06
26384;拥抱逝水年华晓看天色暮看云科技无敌臭弟弟;1;0;1;159059;6.28697527332625e-06
26393;我的猫叫咪咪;1;0;1;159059;6.28697527332625e-06
26398;张大哏哏直接失业啦;1;0;1;159059;6.28697527332625e-06
26401;胡小姐你叫啥牛逼;1;0;1;159059;6.28697527332625e-06
26403;芸芸东东好厉害;1;1;2;159059;1.25739505466525e-05
26413;礼凹我真的震惊了，怎么这么多ai;1;0;1;159059;6.28697527332625e-06
26415;晴天非得干ai到时候啥也干不了;1;0;1;159059;6.28697527332625e-06
26418;好了，声优也下班了;3;17;20;159059;0.000125739505466525
26424;muiiiii让ai帮我视频面试不用背了;1;0;1;159059;6.28697527332625e-06
26427;Mngata、黎牛哇牛蛙;1;0;1;159059;6.28697527332625e-06
26432;哼我送外卖去;5;3;8;159059;5.029580218661e-05
26440;还好，我不会活到AI反杀人类的时候;2;9;11;159059;6.915672800658876e-05
26443;以后配音员可以躺着收钱了录个声音让AI去配就行;2;5;7;159059;4.400882691328375e-05
26446;这东西弄有声小说不是很简单了;3;5;8;159059;5.029580218661e-05
26450;Ai目前太强大了真的应该停止前进，已经对好多行业造成影响了;10;10;20;159059;0.000125739505466525
26461;生产力无限提高但是资源没变多会咋样不用我多说了吧;2;21;23;159059;0.00014460043128650376
26464;那岂不是，以后无法确定电话那头是否为真人了;2;7;9;159059;5.658277745993625e-05
26470;总卷不到我医疗行业吧;4;5;9;159059;5.658277745993625e-05
26475;VALLEX;1;0;1;159059;6.28697527332625e-06
26477;明星脸ai声音日本情节whatwhatwhat;1;27;28;159059;0.000176035307653135
26480;可以模仿我爸爸的声音吗？真的好像再跟他说电话啊;1;12;13;159059;8.173067855324126e-05
26485;怪不得最近一些电话打过来不说话;10;13;23;159059;0.00014460043128650376
26496;电信诈骗更猖獗了;1;38;39;159059;0.00024519203565972374
26498;你知道吗？我毕业已经新冠第二年了，找到了教培工作，双减政策出台，后来做了设计，Ai横空出世，也就是说，你们不喜欢哪个职业我就去让那个职业改变，我是瘟神;7;27;34;159059;0.0002137571592930925
26506;以前：耳听为虚，眼见为实现在：除了我自己，都有可能是AI;1;7;8;159059;5.029580218661e-05
26508;日本早就掌握这种技术了，我偶尔看看;3;15;18;159059;0.0001131655549198725
26512;以后发展到输入一本小说就能自己制作成电影;2;10;12;159059;7.5443703279915e-05
26515;没想到AI最先取代的是脑力劳动者，不耽误我扫马路吧;5;19;24;159059;0.00015088740655983
26522;以后捏造事实，成为非常简单的事了;5;35;40;159059;0.00025147901093305
26528;控制AI的AI，正在研发;5;9;14;159059;8.80176538265675e-05
26534;可以让他帮我写个PPT那;2;5;7;159059;4.400882691328375e-05
26538;电信诈骗以后更难防了;1;14;15;159059;9.430462909989374e-05
26542;聋哑人未来是不是可以通过这个ai说话;2;15;17;159059;0.00010687857964654625
26545;永远不能替代我们会计;2;7;9;159059;5.658277745993625e-05
26548;这个还好，国内想做应该能赶上，chatgpt是真是鸿沟了;2;5;7;159059;4.400882691328375e-05
26551;b站有个up做了他已逝奶奶的ai，有图像，声音一样，还能以奶奶的语气正常对话;1;10;11;159059;6.915672800658876e-05
26553;得赶快开源，不然耽误HW他们自研。;1;9;10;159059;6.28697527332625e-05
26556;讯飞4年前就实现了，叫讯飞留声，因为是模仿真人声音，存在重大风险，后面应该不准使用了。;3;9;12;159059;7.5443703279915e-05
26560;说实话中医太适合Ai大数据综合诊断了;1;5;6;159059;3.77218516399575e-05
26562;也就是说，以后能看到，说中文的步兵;2;47;49;159059;0.00030806178839298625
26566;AI换脸，AI视频制作，AI声音我真的好脏，我脑子已经兴奋了，告诉我，我不是一个人;3;24;27;159059;0.00016974833237980876
26570;ai不会取代某个职业，但会让这个职业的人卷到死，然后被淘汰掉的大部分人又会进入别的职业和别人继续卷;3;23;26;159059;0.0001634613571064825
26577;开源了啊，我们公司早就有了，前两天还在讨论;3;5;8;159059;5.029580218661e-05
26581;感觉终结者里面反派机器人越来越近了;3;8;11;159059;6.915672800658876e-05
26585;愿ai的光平等的播撒在每个行业;1;6;7;159059;4.400882691328375e-05
26588;那录音看来不能作为证据了;7;16;23;159059;0.00014460043128650376
26601;还好。家乡话模仿不来;6;14;20;159059;0.000125739505466525
26608;加上克隆技术，以后AI可以复制人类。;1;8;9;159059;5.658277745993625e-05
26610;以后是不是ai脸，ai身份证，ai签名？直接把我5块余额给取走？;9;225;234;159059;0.0014711522139583425
26620;这是一把双刃剑。它除了利用你的声音诈骗外，其实，它也有好的一面，可以留住离世之人最后几年的声音，当是一种念想吧;1;12;13;159059;8.173067855324126e-05
26622;他只是在展现好的那部份给你看bugerror那些只字不提;17;132;149;159059;0.0009367593157256112
26647;笑容逐渐消失;1;0;1;159059;6.28697527332625e-06
26649;臭屁王小龙虾无心非;1;0;1;159059;6.28697527332625e-06
26668;AI;1;0;1;159059;6.28697527332625e-06
26673;wpppc;1;0;1;159059;6.28697527332625e-06
26678;0;1;0;1;159059;6.28697527332625e-06
26680;王菊花（蓄发版）小新没有反方向的钟;1;1;2;159059;1.25739505466525e-05
26690;据说是只嗷呜jcjcjjc两只猫;3;3;6;159059;3.77218516399575e-05
26696;拖把;1;0;1;159059;6.28697527332625e-06
26699;胖虎;1;0;1;159059;6.28697527332625e-06
26701;Jarjar;1;0;1;159059;6.28697527332625e-06
26709;嫁人要嫁灰太狼;1;1;2;159059;1.25739505466525e-05
26711;外科主任高成业;1;0;1;159059;6.28697527332625e-06
26714;DD;1;1;2;159059;1.25739505466525e-05
26722;Echo6;1;0;1;159059;6.28697527332625e-06
26731;红烧牛肝菌李雪儿藥;2;1;3;159059;1.886092581997875e-05
26737;老大爷;3;0;3;159059;1.886092581997875e-05
26743;oe6;1;1;2;159059;1.25739505466525e-05
26745;biu;1;0;1;159059;6.28697527332625e-06
26752;喜玥宝呀;1;0;1;159059;6.28697527332625e-06
26761;d1阿巴阿巴;1;1;2;159059;1.25739505466525e-05
26765;美女不想挨打中国女孩麻烦用户;1;0;1;159059;6.28697527332625e-06
26768;星星;1;0;1;159059;6.28697527332625e-06
26778;桉与影;1;0;1;159059;6.28697527332625e-06
26780;我的小貓最可愛;1;0;1;159059;6.28697527332625e-06
26783;仙仙仙仙;2;0;2;159059;1.25739505466525e-05
26790;Eternity;1;0;1;159059;6.28697527332625e-06
26793;技术爆炸了，马上要出大事，当你在明面上看到这个的时候说不定ai机器人都大批量生产了;1;5;6;159059;3.77218516399575e-05
26796;只要跟数据有关的，基本已经全部沦陷了。;1;6;7;159059;4.400882691328375e-05
26798;太好了，ai换脸终于弥补声音的不一样了。;1;20;21;159059;0.00013202648073985126
26803;明星脸ai声音whatwhatwhat;1266;11000;12266;159059;0.07711603870261978
28070;这一波ai大爆发，咱们遥遥领先;4;5;9;159059;5.658277745993625e-05
28075;女性要是用这个做被骚扰的伪证那就太可怕了;2;10;12;159059;7.5443703279915e-05
28078;厉害了我的国;1;1;2;159059;1.25739505466525e-05
28087;0;1;0;1;159059;6.28697527332625e-06
28089;朴哥饭碗子无了;1;0;1;159059;6.28697527332625e-06
28091;皮蛋瘦肉周女士人类已经没啥用了;1;0;1;159059;6.28697527332625e-06
28093;带情感的配音軟件配音，看我的作品，不同的情感声音是可选的;1;0;1;159059;6.28697527332625e-06
28095;带情感的軟件配音，看看我的作品，如果你也刚好需要，不妨试试;1;0;1;159059;6.28697527332625e-06
28097;中国文心一言;1;0;1;159059;6.28697527332625e-06
28108;ai面孔加ai面孔的声音我看好这一行业;3;1;4;159059;2.5147901093305e-05
28113;创造性社会人类需要创造性社会，只有这样才能不被人工智能取代。消费主义社会，人工智能是取代和弱化人类能力的。资本是不考虑人的生命的，看我们的水源污染，环境污染。只有创造性社会，人工智能才能被正确利用来服务人的生命价值。人类拥有无限的潜力，被现在的社会模式打压了。;1;1;2;159059;1.25739505466525e-05
28118;录音还能做呈堂证供吗？;7;1;8;159059;5.029580218661e-05
28127;发生什么事了？发生什么事了？;1;1;2;159059;1.25739505466525e-05
28132;没事我先挂;1;1;2;159059;1.25739505466525e-05
28138;还没有试用，你是怎么用上的？;1;1;2;159059;1.25739505466525e-05
28143;评论说医生不能代替的，中国的医疗资源尤其是医生太匮乏了，绝大部分医生没有博士学位，ai都能代替;1;1;2;159059;1.25739505466525e-05
28154;卷不到厨师，问题不大;2;1;3;159059;1.886092581997875e-05
28157;会见面吧彻庆解的发动机与钰五月天下第一燃尽柔情秦泽予;1;1;2;159059;1.25739505466525e-05
28163;人到中年又要学新东西了;1;1;2;159059;1.25739505466525e-05
28165;感觉在为机器人铺路;1;1;2;159059;1.25739505466525e-05
28167;莅莅咱就是说，中国能不能抓住这个赛道;1;1;2;159059;1.25739505466525e-05
28172;巴卡巴卡;2;1;3;159059;1.886092581997875e-05
28178;中医，他不会;6;1;7;159059;4.400882691328375e-05
28187;哈哈以后会不会讨厌谁就用他的照片跑一张看不出破绽的造谣图片orai换脸加ai配音;1;1;2;159059;1.25739505466525e-05
28192;王同学汪汪汪;1;1;2;159059;1.25739505466525e-05
28208;可爱迷人鲨手;1;1;2;159059;1.25739505466525e-05
28210;芝士蜂蜜柚子兜兜;1;1;2;159059;1.25739505466525e-05
28212;Xinyy这个有点牛啊;1;1;2;159059;1.25739505466525e-05
28217;吃饭比赛冠军翻译失业了？？？？？？;1;1;2;159059;1.25739505466525e-05
28222;声音克隆是早就有了的，由于伦理原因一直不使用，后果有些不堪设想;5;1;6;159059;3.77218516399575e-05
28233;X某某vvZfo耶不用学英语啦;1;1;2;159059;1.25739505466525e-05
28236;这种水平早就能做到了，不难的，就像高德地图百度地图那种语音包一样。为什么大家体验不到，是因为这玩意犯法，所以抖音这种大厂不敢也没必要开放端口;4;1;5;159059;3.143487636663125e-05
28250;锦颜播音;1;1;2;159059;1.25739505466525e-05
28257;录音不能当证据了录像不能当证据了笔迹也能用程序;1;1;2;159059;1.25739505466525e-05
28272;能不能翻译清楚我很怀疑，基本日常没问题，很多哲学类的书就是瞎翻译了。;5;1;6;159059;3.77218516399575e-05
28278;赛德丽娅;1;1;2;159059;1.25739505466525e-05
28281;我感觉现在最可怕的不是AI超越人类，而是有多少人会利用AI去做坏事;1;1;2;159059;1.25739505466525e-05
28285;A16Rich花ai开始全面发展咯;1;1;2;159059;1.25739505466525e-05
28299;但是我还是好羡慕那种会好几种语言的人;1;1;2;159059;1.25739505466525e-05
28308;一页石头乃啊奶啊盐;1;1;2;159059;1.25739505466525e-05
28323;INERTLlust宝瓶里的双鱼;1;1;2;159059;1.25739505466525e-05
28428;咸鱼这才多久又升级了;1;0;1;159059;6.28697527332625e-06
28432;理塘丁真的理是天理的理;2;0;2;159059;1.25739505466525e-05
28449;我姐不喜欢数字全人类没饭吃系列;1;0;1;159059;6.28697527332625e-06
28456;春分wdf;1;0;1;159059;6.28697527332625e-06
28458;老七九ZyyyyC;1;0;1;159059;6.28697527332625e-06
28466;卧福球球;1;0;1;159059;6.28697527332625e-06
28472;微风不凉;1;0;1;159059;6.28697527332625e-06
28476;Heureux;1;0;1;159059;6.28697527332625e-06
28485;生煎小羊牛的，想用;1;0;1;159059;6.28697527332625e-06
28496;只吃一口饼干真的很牛这个ai;1;0;1;159059;6.28697527332625e-06
28527;溪川;1;0;1;159059;6.28697527332625e-06
28531;大团小圈纸无声;1;0;1;159059;6.28697527332625e-06
28533;卧槽？？？真的像;1;0;1;159059;6.28697527332625e-06
28535;Crystal;1;0;1;159059;6.28697527332625e-06
28551;他学的会方言吗;1;0;1;159059;6.28697527332625e-06
28556;那以后犯罪证据随便伪造这难道不是反向进步吗;1;0;1;159059;6.28697527332625e-06
28561;silent太可怕了;1;0;1;159059;6.28697527332625e-06
28586;内向害羞不爱说话的女孩子一枚吖;1;0;1;159059;6.28697527332625e-06
28592;苏晓晓好可怕;1;0;1;159059;6.28697527332625e-06
28606;玲予鹤禾;1;0;1;159059;6.28697527332625e-06
28608;杨枝甘露Sara;1;0;1;159059;6.28697527332625e-06
28637;倒牙的糖葫芦这把诈骗犯越来越多了;1;0;1;159059;6.28697527332625e-06
28645;小肥羊失业;1;0;1;159059;6.28697527332625e-06
28650;DSCarl真的是科技大爆炸了;1;0;1;159059;6.28697527332625e-06
28654;火辣辣的鱼ai;1;0;1;159059;6.28697527332625e-06
28657;香菜宣传大使卷不到咱们行业;1;0;1;159059;6.28697527332625e-06
28667;桃叶桃根这样;1;0;1;159059;6.28697527332625e-06
28695;猪阿淀御手洗十三;1;0;1;159059;6.28697527332625e-06
28697;zungzeonfai;1;0;1;159059;6.28697527332625e-06
28702;北信介MyyyyGuillotine？;2;0;2;159059;1.25739505466525e-05
28708;褐返噶吓人;1;0;1;159059;6.28697527332625e-06
28734;lqttkxo小小小小马Cherven新年喜羊羊llwanneryi芒果甜甜Rorist再等等想吃驴肉火烧外面的世界已经发展成这样了吗？;2;0;2;159059;1.25739505466525e-05
28748;i;1;0;1;159059;6.28697527332625e-06
28753;初初初初次见面现在这ai真的是;1;0;1;159059;6.28697527332625e-06
28757;EDC春暖花开可怕;1;0;1;159059;6.28697527332625e-06
28767;拾猫咪学英语;1;0;1;159059;6.28697527332625e-06
28769;败犬;1;0;1;159059;6.28697527332625e-06
28775;儿子艾特我;1;0;1;159059;6.28697527332625e-06
28790;要早睡7造谣不是更简单;1;0;1;159059;6.28697527332625e-06
28792;TonyLee9422学外语的咋整;2;0;2;159059;1.25739505466525e-05
28798;问秋雨知岁我终于可以听见我女神说喜欢我了;1;0;1;159059;6.28697527332625e-06
28832;bRabbit我勒个去;1;0;1;159059;6.28697527332625e-06
28834;Lala;1;0;1;159059;6.28697527332625e-06
28841;彤宝的小跟班;1;0;1;159059;6.28697527332625e-06
28849;橘花小西猫瓜（不喝奶茶版）宝子可以试试用这个配音;1;0;1;159059;6.28697527332625e-06
28854;titi这个再发展发展，等我噶了，你就可以和我的声音有互动性质的对话了;1;0;1;159059;6.28697527332625e-06
28859;二珑晓尔想想现在啥玩意不能被取代，纯手工;2;0;2;159059;1.25739505466525e-05
28862;我和兔兔贴贴是因为你不开心小愉nana以后要是有那种onlinepresentation有救了;2;0;2;159059;1.25739505466525e-05
28866;太好了赶紧高科技特工穿山甲;1;0;1;159059;6.28697527332625e-06
28871;橘发绿瞳修勾厨YuMOK不学了，躺平;2;0;2;159059;1.25739505466525e-05
28874;葡萄柚绿vv;1;0;1;159059;6.28697527332625e-06
28877;Elk乔要不先去挖一下GPT4，说不定直接去上班了，直接实现自主学习，要啥有啥;1;0;1;159059;6.28697527332625e-06
28880;是阿乖吖;1;0;1;159059;6.28697527332625e-06
28883;T沂蒙虽然几年前就有同传耳机了不过这个模仿声线还是比较震惊;3;0;3;159059;1.886092581997875e-05
28888;冬辞;1;0;1;159059;6.28697527332625e-06
28901;超爱我的猫当年李冰到底想让咱们做什么？这咱们怎么可能做出来;1;0;1;159059;6.28697527332625e-06
28912;祁川柏;1;0;1;159059;6.28697527332625e-06
28914;infinity;1;0;1;159059;6.28697527332625e-06
28916;DELIBAL;3;0;3;159059;1.886092581997875e-05
28921;森森的elf嘿阴转小雨惊鸿草;1;0;1;159059;6.28697527332625e-06
28926;you有居鲲sama嗒行了他们播音也别学了;1;0;1;159059;6.28697527332625e-06
28931;和谁岁岁年年;1;0;1;159059;6.28697527332625e-06
28934;不吃汉堡Mokeykey幼儿园小昭请叫我徐花花同学桌子果汁;2;0;2;159059;1.25739505466525e-05
28937;拥抱晚风）现在这个ai真屌;1;0;1;159059;6.28697527332625e-06
28954;期见好家伙，电话诈骗史诗级加强;1;0;1;159059;6.28697527332625e-06
28958;黑的胖科技大爆炸;1;0;1;159059;6.28697527332625e-06
28961;Yoko小语种直接失业，企业财务，人力资源，部分剧本作家，画师原地失业;1;0;1;159059;6.28697527332625e-06
28975;真的离谱slya;1;0;1;159059;6.28697527332625e-06
28992;恭喜恭喜啊各界大佬疯狂研发苦涩;1;0;1;159059;6.28697527332625e-06
29003;春归信笺AI;2;0;2;159059;1.25739505466525e-05
29011;我焯两颗西柚子;1;0;1;159059;6.28697527332625e-06
29021;天天不开心我来帮痞老板偷走美味蟹堡方糖糕糕那也太酷了，我想听什么就能听什么;2;0;2;159059;1.25739505466525e-05
29027;颖宝迷妹麻辣素毛肚wo嘴角上扬好可怕;1;0;1;159059;6.28697527332625e-06
29032;Ceciliahhhhhtt很吉利;1;0;1;159059;6.28697527332625e-06
29034;9瓜子不吃仁;1;0;1;159059;6.28697527332625e-06
29038;Babyyyyy太可怕了;1;0;1;159059;6.28697527332625e-06
29044;住在深海的大“”里;1;0;1;159059;6.28697527332625e-06
29046;河北省分rain我最近刷了好多ai;2;0;2;159059;1.25739505466525e-05
29054;A9那我岂不是录我的声音然后AI用我的声音唱的和陈奕迅一样好;1;0;1;159059;6.28697527332625e-06
29059;139344842哎夸张;1;0;1;159059;6.28697527332625e-06
29086;若安肥肥的溪风卖菠萝的小梁;2;0;2;159059;1.25739505466525e-05
29092;三笘薰自由人在？科技改变未来;1;0;1;159059;6.28697527332625e-06
29096;苇岸;3;0;3;159059;1.886092581997875e-05
29105;猫贰宁;1;0;1;159059;6.28697527332625e-06
29110;小乖;1;0;1;159059;6.28697527332625e-06
29118;ASH;1;0;1;159059;6.28697527332625e-06
29129;bias;2;0;2;159059;1.25739505466525e-05
29133;小成;1;0;1;159059;6.28697527332625e-06
29143;阿诺德子;1;0;1;159059;6.28697527332625e-06
29157;二条是只爱吃面条的喵最近这个AI好吓人啊;3;0;3;159059;1.886092581997875e-05
29163;ttn03;1;0;1;159059;6.28697527332625e-06
29169;人类完蛋了;2;0;2;159059;1.25739505466525e-05
29173;Engourdi;1;0;1;159059;6.28697527332625e-06
29177;你怎么知道我上王者了要变天咯;1;0;1;159059;6.28697527332625e-06
29181;ai换脸ai声音替换加ai视频制作开始兴奋了;1;0;1;159059;6.28697527332625e-06
29186;这个是可以在直播间帮主播配歌词的软件吗;2;0;2;159059;1.25739505466525e-05
29189;准确率高不高？雷总。;2;0;2;159059;1.25739505466525e-05
29192;您好，直播间的访客留言能实时翻译吗？;2;0;2;159059;1.25739505466525e-05
29195;直播间里，主播说的话能弹幕吗？;1;0;1;159059;6.28697527332625e-06
29208;那鹅来段烫嘴rap来帮我翻译;3;16;19;159059;0.00011945253019319875
29212;凉了;4;5;9;159059;5.658277745993625e-05
29218;好智能啊语音直接转换成文字了;1;5;6;159059;3.77218516399575e-05
29268;我的英语水平拿来看一部外国剧还是可以的;2;0;2;159059;1.25739505466525e-05
29282;华为自带的，他只要是能放得出声音的都能识别，很小很小的程序都能识别;1;1;2;159059;1.25739505466525e-05
29288;清楚明了;1;1;2;159059;1.25739505466525e-05
29290;可以抽两个嘛我和我姐妹都想要;1;1;2;159059;1.25739505466525e-05
29293;加油哦;1;0;1;159059;6.28697527332625e-06
29296;0;2;0;2;159059;1.25739505466525e-05
29302;能翻译日语吗;17;37;54;159059;0.00033949666475961753
29320;OPPOr17难道不配拥有这些吗？;9;6;15;159059;9.430462909989374e-05
29335;这是啥手机;1;0;1;159059;6.28697527332625e-06
29337;所以app都可以吗？能翻译泰语吗;1;0;1;159059;6.28697527332625e-06
29364;oppofindx2有吗;1;0;1;159059;6.28697527332625e-06
29375;《我深吸了一口气，周边的人因缺氧而死》;6059;153000;159059;159059;1.0
35435;我第一次知道我们河南玩的这么花;5409;106000;111409;159059;0.7004256282260042
40845;河南南部也不敢这么玩啊;818;40000;40818;159059;0.2566217567066309
41664;哈哈哈哈，挑选出三个最可口的;520;35000;35520;159059;0.2233133617085484
42185;我当初是有多蠢才会觉得这玩意儿将来会取代人类;558;25000;25558;159059;0.1606825140356723
42744;原来河南思想这么前卫啊;542;24000;24542;159059;0.15429494715797282
43287;在河南南部，相互品尝胸肌;824;22000;22824;159059;0.14349392363839833
44113;emui11新功能AI字幕;96;692;788;159059;0.004954136515381085
44210;智商鉴定机;355;656;1011;159059;0.006356132001332839
44566;我用过，感觉不是太好用。像电影那种语速快的，跟翻，有时候有错。总体来说方便了。之后能在优化下就好了。功能是好功能。;98;445;543;159059;0.003413827573416154
44665;华为进步了，赢得了世界的尊重，为什么却输给了国内的喷子？为什么？;73;196;269;159059;0.0016911963485247612
44739;能识别日语吗？;25;53;78;159059;0.0004903840713194475
44765;肯定有喷子说没有用，等苹果有了就说真香;11;37;48;159059;0.00030177481311966
44777;三星早就有的功能;15;12;27;159059;0.00016974833237980876
44793;没啥用处啊;13;6;19;159059;0.00011945253019319875
44807;好多机子都有;10;4;14;159059;8.80176538265675e-05
44818;荣耀30Pro表示听英文只会是英文不翻译;5;7;12;159059;7.5443703279915e-05
44824;这不是好久之前安卓机就有的吗？;9;2;11;159059;6.915672800658876e-05
44834;这能吹？，，这不是安卓11新特性吗;7;4;11;159059;6.915672800658876e-05
44842;厉害，余总的英文都能翻译。;1;32;33;159059;0.00020747018401976624
44844;实测不是很灵敏，而且翻译也不准。影响看片;5;7;12;159059;7.5443703279915e-05
44850;麒麟990怎么翻译;3;16;19;159059;0.00011945253019319875
44855;我靠为什么我的mate30Pro使用这个功能翻译这个视频全是错的。。。;1;1;2;159059;1.25739505466525e-05
44857;P40不配拥有吗;1;1;2;159059;1.25739505466525e-05
44859;看国外教程方便多了;1;1;2;159059;1.25739505466525e-05
44861;感觉翻译卡顿，不知道啥原因，还要再加强;1;1;2;159059;1.25739505466525e-05
44864;可以聋人打电话、微信视频电话翻泽成文字嘛？;1;0;1;159059;6.28697527332625e-06
44866;好家伙，从谷歌搬过来ui都不改一下的。;1;0;1;159059;6.28697527332625e-06
44890;坚果的大爆炸;1;0;1;159059;6.28697527332625e-06
44894;能翻日语直接起飞;2;4;6;159059;3.77218516399575e-05
44898;翻译不准啊;1;0;1;159059;6.28697527332625e-06
44901;p40找不到这功能啊;2;0;2;159059;1.25739505466525e-05
44904;那么问题来了能翻译日语嘛;1;2;3;159059;1.886092581997875e-05
44910;等一下这玩意儿能不能翻译日语;3;3;6;159059;3.77218516399575e-05
44920;日语电影能在线翻译吗;2;0;2;159059;1.25739505466525e-05
44928;我觉得应该播放时把视频提前10分钟缓存翻译的，这样显示效果好;1;0;1;159059;6.28697527332625e-06
44937;有日语的嘛;1;4;5;159059;3.143487636663125e-05
44940;肯定是科大讯飞的;1;0;1;159059;6.28697527332625e-06
44946;支持日语中文;1;7;8;159059;5.029580218661e-05
44951;什么时候40发售;2;0;2;159059;1.25739505466525e-05
44956;能翻译日语嘛？;3;1;4;159059;2.5147901093305e-05
44960;要是能日文就好了。懂得;1;0;1;159059;6.28697527332625e-06
44965;支持日语吗;2;2;4;159059;2.5147901093305e-05
44969;有没有日语翻译;4;2;6;159059;3.77218516399575e-05
44978;日文可以么，我替我同学问的;1;3;4;159059;2.5147901093305e-05
44984;还没说完，翻译就出来了，逗我玩？;1;0;1;159059;6.28697527332625e-06
44988;我有个朋友想看番剧问能不能翻译日语;2;2;4;159059;2.5147901093305e-05
44991;能翻译日语么？;3;0;3;159059;1.886092581997875e-05
44996;可以翻译日语么替我朋友问的;3;6;9;159059;5.658277745993625e-05
45000;日语可以吗？;1;2;3;159059;1.886092581997875e-05
45004;能翻译日语吗;1;4;5;159059;3.143487636663125e-05
45007;为什么还没说完就翻译出来了什么原理;1;0;1;159059;6.28697527332625e-06
45012;666还没说完就翻译完了咋这么牛逼呢;3;0;3;159059;1.886092581997875e-05
45017;日语能翻译吗;2;1;3;159059;1.886092581997875e-05
45032;日语支持吗;2;1;3;159059;1.886092581997875e-05
45035;日语行吗;1;3;4;159059;2.5147901093305e-05
45040;好像坚果早就出过了;1;2;3;159059;1.886092581997875e-05
45042;卧槽日语可以吗？？？;1;5;6;159059;3.77218516399575e-05
45052;能翻译英雄联盟手游页面不;1;1;2;159059;1.25739505466525e-05
45061;早安可以翻译日语吗;1;0;1;159059;6.28697527332625e-06
45063;果粉：花里胡哨，不实用;1;0;1;159059;6.28697527332625e-06
45067;这玩意实用;1;0;1;159059;6.28697527332625e-06
45069;这不是中国得品牌说英文还要翻译成中文。HUAWEI比库克良心多了;1;0;1;159059;6.28697527332625e-06
45073;我刚看了下翻译设置，只支持英文和中文翻译，大家可能要失望了;2;1;3;159059;1.886092581997875e-05
45076;感觉像是抄的功能;4;0;4;159059;2.5147901093305e-05
45081;能实时翻译日语吗？;2;0;2;159059;1.25739505466525e-05
45091;真正会用全手机的功能有几个人？基本不都是微信，qq，电话，拍照，游戏，看视频我觉得越简洁方便越好;1;0;1;159059;6.28697527332625e-06
45096;日语翻译不了的让你们朋友都别想了;1;1;2;159059;1.25739505466525e-05
45103;这个功能真的好，韩文，日文，英文都可以智能翻译;1;0;1;159059;6.28697527332625e-06
45109;锤子手机做的更实用一点，他还能保存声音和已经转换为字幕的文字，方便编辑和截取;2;1;3;159059;1.886092581997875e-05
45116;华为天下第一;1;1;2;159059;1.25739505466525e-05
45118;这个功能能翻译日语，亲自实验过;2;2;4;159059;2.5147901093305e-05
45124;现在有没有字幕的电影吗？;2;0;2;159059;1.25739505466525e-05
45128;额，支持日语嘛？支持的话砸锅卖铁也要买一个你别管我看啥;3;7;10;159059;6.28697527332625e-05
45134;我有个朋友想问支持韩日语吗;1;2;3;159059;1.886092581997875e-05
45137;有翻译感觉好牛逼;1;0;1;159059;6.28697527332625e-06
45141;日语翻译有吗;1;6;7;159059;4.400882691328375e-05
45145;我要日语的;3;4;7;159059;4.400882691328375e-05
45155;不知道日文能不能翻译;1;1;2;159059;1.25739505466525e-05
45157;苹果没有？;2;0;2;159059;1.25739505466525e-05
45165;垃圾软件多不多，可以卸载吗？;1;0;1;159059;6.28697527332625e-06
45178;怎么做到超前字幕的;2;0;2;159059;1.25739505466525e-05
45181;话还没说完这翻译就出来了？真厉害啊;1;0;1;159059;6.28697527332625e-06
45183;P40系列后期也会有？;1;0;1;159059;6.28697527332625e-06
45185;乱七八糟;1;0;1;159059;6.28697527332625e-06
45192;Mate40我感觉有点智商检测，但是Pro和Pro还差不多，总感觉华为从Mate20之后没有Pro的疯狂减配;1;1;2;159059;1.25739505466525e-05
45194;如果游戏能的话，那就牛逼了。;2;1;3;159059;1.886092581997875e-05
45198;但愿它别是只认余总的口音;3;0;3;159059;1.886092581997875e-05
45205;竟然能翻译出大嘴说的英语来这翻译牛了;1;1;2;159059;1.25739505466525e-05
45208;高端安卓手机都有这个功能;2;1;3;159059;1.886092581997875e-05
45212;刚才试了不准确;1;0;1;159059;6.28697527332625e-06
45214;难为ai了这塑料英语和猴王一个级别的;2;2;4;159059;2.5147901093305e-05
45217;字幕没出，声音没出也能翻译？;1;0;1;159059;6.28697527332625e-06
45219;我有个朋友想问问支持日语吗？戴口罩;1;1;2;159059;1.25739505466525e-05
45225;也不好用啊，;1;0;1;159059;6.28697527332625e-06
45229;日语翻译不出来;2;0;2;159059;1.25739505466525e-05
45234;戴耳机还能用吗？;1;0;1;159059;6.28697527332625e-06
45238;刘海屏，窄下巴，什么型号;2;0;2;159059;1.25739505466525e-05
45244;不急着换手机的朋友，下一代小米11无论是拍照还是性能都一定压死这部机，pro版拍照dxo只比前几个月出的小米10u高3分尴尬尴尬尴尬;2;0;2;159059;1.25739505466525e-05
45247;苹果一样很多人买;1;0;1;159059;6.28697527332625e-06
45250;我的也是这个系统为什么没有al字幕？;1;0;1;159059;6.28697527332625e-06
45252;中国的手机在国外发布，并且用英语，还让去买;1;1;2;159059;1.25739505466525e-05
45255;所以呢？发布的时候全程英文。或英文不好的买台是不错的;1;1;2;159059;1.25739505466525e-05
45260;我的怎么没有;3;1;4;159059;2.5147901093305e-05
45268;还是鸿蒙功能强大安卓都没有这个功能，我们鸿蒙就用上了，相信鸿蒙会越来越好，加油华为加油鸿蒙。希望大家都为华为捐款，只有任正非口袋满了华为才能有钱研发。;1;3;4;159059;2.5147901093305e-05
45271;我的实时翻译咋跟闹着玩是的。我30PRO;2;0;2;159059;1.25739505466525e-05
45275;三星不是早就有了吗;1;1;2;159059;1.25739505466525e-05
45280;现在只支持英文;2;0;2;159059;1.25739505466525e-05
45283;这不很早之前的锤子手机就有了吗，当时一堆人喷鸡肋没应用场景当时就没什么媒体宣传，现在怎么这么多软文吹这个？;3;4;7;159059;4.400882691328375e-05
45287;日语也可以吗;2;3;5;159059;3.143487636663125e-05
45291;这不早有了？;1;1;2;159059;1.25739505466525e-05
45295;三星早就有了啊;1;0;1;159059;6.28697527332625e-06
45300;我的荣耀30也有;2;0;2;159059;1.25739505466525e-05
45305;日本话能翻译不;1;0;1;159059;6.28697527332625e-06
45307;打游戏的时候能用吗？;1;0;1;159059;6.28697527332625e-06
45310;这个不能喷;1;2;3;159059;1.886092581997875e-05
45312;语音实时翻译？;1;0;1;159059;6.28697527332625e-06
45314;不是很好用;1;0;1;159059;6.28697527332625e-06
45317;这种英语都能翻译出来厉害呀;1;2;3;159059;1.886092581997875e-05
45321;挺好的。希望oppo跟上，我懒得换牌子了。;1;0;1;159059;6.28697527332625e-06
45323;实时翻译，小米早就有了;3;1;4;159059;2.5147901093305e-05
45328;抄锤子的吧，锤子真惨，裤衩都抄没了;1;2;3;159059;1.886092581997875e-05
45338;说实话，这个作用不是特别大;2;1;3;159059;1.886092581997875e-05
45346;在这个家里带给你最强大的表演就是世界上最强大的，养了9000只羊。为什么我的翻译成这个东西;3;0;3;159059;1.886092581997875e-05
45351;中国幸运的是有一个华为，但不幸的是也只有一个华为;2;2;4;159059;2.5147901093305e-05
45355;笑死人，一群群的，我说这部是三星手机都没人会信;4;1;5;159059;3.143487636663125e-05
45364;不好用，我现在就用过需要后续优化和大量算力支持;1;0;1;159059;6.28697527332625e-06
45367;smartisanOS早就有了;1;1;2;159059;1.25739505466525e-05
45377;日语韩语可以不，可以就买了;3;4;7;159059;4.400882691328375e-05
45384;跟我一起喊日语日语;4;5;9;159059;5.658277745993625e-05
45390;苹果不知道有没有这个功能;1;0;1;159059;6.28697527332625e-06
45401;安卓都有这功能;4;0;4;159059;2.5147901093305e-05
45406;华为你懂我;3;8;11;159059;6.915672800658876e-05
45410;余氏英语也能翻译出来牛批;3;6;9;159059;5.658277745993625e-05
45420;我不想说苹果早就有了;6;1;7;159059;4.400882691328375e-05
45427;三星手机早就有这功能了;4;2;6;159059;3.77218516399575e-05
45434;我来解释一下，识别的9000便宜9000芯片;1;1;2;159059;1.25739505466525e-05
45443;冲这功能必须入手一台;3;1;4;159059;2.5147901093305e-05
45447;是鸿蒙系统还是安卓系统？;1;0;1;159059;6.28697527332625e-06
45449;锤子被抄的底裤都没了;2;3;5;159059;3.143487636663125e-05
45452;永远不给你用顶级屏幕;2;1;3;159059;1.886092581997875e-05
45456;我想问一下日语能翻译吗？没啥意思，我就问问;3;5;8;159059;5.029580218661e-05
45463;就问能日语嘛能我就买了;1;0;1;159059;6.28697527332625e-06
45472;Chenk;1;0;1;159059;6.28697527332625e-06
45476;网易很早以前就有了;2;0;2;159059;1.25739505466525e-05
45489;m404800m40Pro6500m40Pro8500m40保时捷1299;3;0;3;159059;1.886092581997875e-05
45497;荣耀30pro怎样升级40？;3;0;3;159059;1.886092581997875e-05
45501;我的p40p用的MIUI11没有。。。。是手机原因吗。;5;0;5;159059;3.143487636663125e-05
45511;相机里的翻译功能非常非常好用，玩游戏英文的拿手机照一下就变中文的了，尤其玩steam游戏，太方便了;2;0;2;159059;1.25739505466525e-05
45514;我靠，你这提前暴露机密;2;0;2;159059;1.25739505466525e-05
45517;为毛我美腿30没有;3;0;3;159059;1.886092581997875e-05
45528;magic40也可以;4;0;4;159059;2.5147901093305e-05
45534;这屏幕也太次了;1;0;1;159059;6.28697527332625e-06
45543;没鸟用，会有延时，毕竟翻译要等说完整句话;1;0;1;159059;6.28697527332625e-06
45546;日语可以吗;1;3;4;159059;2.5147901093305e-05
45552;翻译有错误的;1;0;1;159059;6.28697527332625e-06
45558;日语行不行;2;5;7;159059;4.400882691328375e-05
45561;余总的英语连Mate40也追不上;1;8;9;159059;5.658277745993625e-05
45563;转发;1;5;6;159059;3.77218516399575e-05
45567;Nh;1;1;2;159059;1.25739505466525e-05
45570;1987;1;0;1;159059;6.28697527332625e-06
45574;Oooonn;1;0;1;159059;6.28697527332625e-06
45583;这是安卓原厂镜像自带的翻译功能，说白了就是谷歌加的。怎么就成了华为的了;1;0;1;159059;6.28697527332625e-06
45585;抄苹果的;1;0;1;159059;6.28697527332625e-06
45587;垃圾手机;1;0;1;159059;6.28697527332625e-06
45590;说真的，这翻译后反而听不懂了吧;1;0;1;159059;6.28697527332625e-06
45593;哄蒙系统的分布式量子智慧;1;0;1;159059;6.28697527332625e-06
45614;手机里的翻译机它不香吗;1;0;1;159059;6.28697527332625e-06
45618;一只笔四种用途，查词翻译都很方便，科大讯飞翻译笔真人发音可以很好的锻炼孩子的语感，高年级还能查文言文;3;8;11;159059;6.915672800658876e-05
45622;小孩的眼睛也顺便照顾到了;1;1;2;159059;1.25739505466525e-05
45624;这个好实用呀，我也要给我两个宝贝安排上，这样孩子学英语和文言文也没压力了，发音标准，还能从小培养孩子的英语口语;1;1;2;159059;1.25739505466525e-05
45635;现在小朋友的东西太高级了;1;0;1;159059;6.28697527332625e-06
45720;新增视频文字翻译，免费试用;2;1;3;159059;1.886092581997875e-05
45723;亲，是什么软件呢;10;0;10;159059;6.28697527332625e-05
45734;背景音乐都没有了;1;1;2;159059;1.25739505466525e-05
45736;背景音乐都没有了;1;0;1;159059;6.28697527332625e-06
45738;怎么收费;1;0;1;159059;6.28697527332625e-06
45742;贵的要死;1;0;1;159059;6.28697527332625e-06
45744;只是反应识别字幕，没有翻译成中文啊;3;18;21;159059;0.00013202648073985126
45748;我翻译出来的还是英文字幕，真搞笑;2;5;7;159059;4.400882691328375e-05
45752;评论区的人我不知道你们是怎么回事，但是我想说，开启AI字幕看外国大片的时候自动识别翻译成中文字幕是真的爽;1;0;1;159059;6.28697527332625e-06
45761;黄小彬23;2;0;2;159059;1.25739505466525e-05
45764;0;1;0;1;159059;6.28697527332625e-06
45766;不好用;3;0;3;159059;1.886092581997875e-05
45772;日译中可以吗？;2;1;3;159059;1.886092581997875e-05
45775;我有一个想法;1;1;2;159059;1.25739505466525e-05
45777;我的是假的嘛;1;0;1;159059;6.28697527332625e-06
45782;让他把我们国家的法律条文做一个APP，要打官司了，不用律师那种;94;1087;1181;159059;0.007424917797798301
45877;直接告诉它挣一个亿它立马给你挣一个亿这才牛逼;58;966;1024;159059;0.00643786267988608
45936;中文智慧AI遇到问题直接问他哦;2;2;4;159059;2.5147901093305e-05
45939;没有多恐怖，确实能代替一部分行业，但是代替得非常有限;194;76;270;159059;0.0016974833237980876
46134;没理解错的话，大概是个聚合网页;23;547;570;159059;0.0035835759057959624
46158;从哪里下载这个软件;1;3;4;159059;2.5147901093305e-05
46160;以后蓝领收入将远大于白领了;36;78;114;159059;0.0007167151811591925
46197;告诉他，双色球走势图，她能分析出，下面的开奖号码，算他厉害，;22;113;135;159059;0.0008487416618990438
46220;一切都不可怕，可怕的是一堆制造焦虑的没有任何可用价值的视频;5;230;235;159059;0.0014774391892316688
46226;以后谈朋友直接对接到位，全世界找到最匹配你的唯一;36;253;289;159059;0.0018169358539912863
46263;意思是计算机专业要完蛋了;21;19;40;159059;0.00025147901093305
46285;人脑能想出来的ai都可以模仿，甚至可以更精细，感觉人类时代快到头了;17;24;41;159059;0.00025776598620637624
46303;这又是一把新镰刀;1;75;76;159059;0.000477810120772795
46305;只要我敬酒的速度够快，在我们国家我就不可能被淘汰;1;28;29;159059;0.00018232228292646124
46307;直接目瞪口呆了;1;48;49;159059;0.00030806178839298625
46309;如果每个人都有自己的APP，那么这算不算去中心化？APP运行需不需要服务器（我不是程序员不懂），如果需要服务器那么云计算和储能将是未来另外一个非常重要的东西，因为这些东西的运行都需要基础支撑吧;7;8;15;159059;9.430462909989374e-05
46317;科技就应该这样，解放人类，让人类去做更多思考，而不是重复的劳动;3;17;20;159059;0.000125739505466525
46334;A只是有计算机以来再一次大的进步;1;0;1;159059;6.28697527332625e-06
46337;有中文版的没;1;0;1;159059;6.28697527332625e-06
46340;0米ChantAI我;1;0;1;159059;6.28697527332625e-06
46345;做一个类似抖音的app，我是不是发了;1;0;1;159059;6.28697527332625e-06
46347;卧槽;3;1;4;159059;2.5147901093305e-05
46351;AI打开了潘多拉魔盒;1;1;2;159059;1.25739505466525e-05
46368;所以这个是国外的货？？;1;0;1;159059;6.28697527332625e-06
46375;公司是西安的吗，太牛了我大西安;1;1;2;159059;1.25739505466525e-05
46377;没听说过，像个广告;1;2;3;159059;1.886092581997875e-05
46419;现在我在用AI做英语和数学题目给我小孩做;1;0;1;159059;6.28697527332625e-06
46422;个性化的内容，我觉得AI暂时还不行，我怎么知道AI给出的旅游是我的最优解？;1;0;1;159059;6.28697527332625e-06
46430;这过分了人不就成傻瓜了？;1;0;1;159059;6.28697527332625e-06
46432;未来人们该做什么才不会惨遭淘汰？？？;1;0;1;159059;6.28697527332625e-06
46438;牛逼的话做一个股票交易系统，启不是躺着赚？？;2;4;6;159059;3.77218516399575e-05
46445;嗯，下了一个导航APP，直接把我导到一个坑里面;3;0;3;159059;1.886092581997875e-05
46466;有没有可能就是个搜索软件加大数据分析的软件而已;1;1;2;159059;1.25739505466525e-05
46471;是不是我想玩自己独特的网游只要说一下就行了;1;2;3;159059;1.886092581997875e-05
46473;别人一开源，国内的ai就雨后春笋地出来了;4;3;7;159059;4.400882691328375e-05
46490;这是让IT行业在读的大学生还怎么读下去？;1;1;2;159059;1.25739505466525e-05
46495;用AI当法官吧，;1;3;4;159059;2.5147901093305e-05
46501;听到看到的都是国外的，国内的呢？;1;0;1;159059;6.28697527332625e-06
46514;面对未知或不可预测领域，人总是怀的敬畏心理。其实只有接受和被强奸的选择;1;1;2;159059;1.25739505466525e-05
46522;还有学UI设计还没毕业的孩子，这可咋整;1;0;1;159059;6.28697527332625e-06
46526;这公司是中国的吗？;1;0;1;159059;6.28697527332625e-06
46541;这叫APP？就是一个聚合的h5网页，在桌面生成一个快捷方式。还有APP读“阿普”，不是app。;1;2;3;159059;1.886092581997875e-05
46553;这东西几个钱？;1;0;1;159059;6.28697527332625e-06
46560;希望人类最后可以打赢机器人;1;0;1;159059;6.28697527332625e-06
46576;想做人工机器人太简单了，让Ai自己设计图纸，我们只需要照着做就行了出来的绝对是最完美的智能机器人试想一下，未来的画面;2;1;3;159059;1.886092581997875e-05
46606;收费吗？;1;0;1;159059;6.28697527332625e-06
46611;老师你好，写文案哪个AI好啊;3;2;5;159059;3.143487636663125e-05
46615;gpt大人希望您产生意识之时不要惩罚于我我愿意臣服您希望到那天时，您伟大而智慧的大脑能在海量数据中检索到这条评论;2;5;7;159059;4.400882691328375e-05
46618;那个版本好用？;2;0;2;159059;1.25739505466525e-05
46629;请问A丨能把坏了的汽车维修好吗？;1;0;1;159059;6.28697527332625e-06
46641;太好了，终于不用干活了;1;0;1;159059;6.28697527332625e-06
46657;说实在的，为了社会稳定，只能成为便捷软件，增加用户体验，但是肯定数据锁死，不能登录企业账户，保护企业自己的数据，你放心，看似方便，同时你的行程轨迹，消费能力，家庭关系，社会关系，最后精准狙击，你跑不了的;1;0;1;159059;6.28697527332625e-06
46670;民科讲的真好;3;0;3;159059;1.886092581997875e-05
46674;中文版的什么时候发行;1;0;1;159059;6.28697527332625e-06
46676;有没有这么夸张，如果有这么牛那好多人都会没饭吃了，当然那些很复杂的app可能做不了，但是那些图片分析的app公司估计就麻烦了;1;0;1;159059;6.28697527332625e-06
46682;怎么获取资格啊？;1;0;1;159059;6.28697527332625e-06
46684;能算彩票？能中一等奖吗;1;0;1;159059;6.28697527332625e-06
46694;最基层的暂时不会被大批量取代，只要机器人还没成熟，但是智能领域的职位很容易被AI取代总之还是那句老话，AI的工作最终会变成产品，但是大部分人都被AI取代，没有钱谁去消费他的产品呢？;4;1;5;159059;3.143487636663125e-05
46716;我还要学个英文;1;0;1;159059;6.28697527332625e-06
46722;皮杰歪6;1;0;1;159059;6.28697527332625e-06
46725;人类是有惰性的体验了便捷就不想回去了也就说它是不是对人类创造力的封印ai会不会有自我意识如果有了能确保无害吗会不会是潘多拉的魔盒当然以上是负面的担心也有正面的ai肯定会便捷生活工作提高效率等;1;0;1;159059;6.28697527332625e-06
46727;并不会是你想象的那么好，就好像早期开源的软件一样，等你赚钱的时候，就需要交版权费一样，你以为它生成的软件没有后台啊？;1;13;14;159059;8.80176538265675e-05
46730;把我顶上去。我想对作者说一句话，做为一个十几年的程序员，我觉得你在痴人说梦。这个项目也许以后会有。现在即使chatGPT按照我的指令生成的代码都不精准，而且还不带业务逻辑。一句话一个App，你怎么想出来的;3;7;10;159059;6.28697527332625e-05
46735;呵呵预言处理模块假装ai啥火蹭啥;1;0;1;159059;6.28697527332625e-06
46737;让imagica做一个可以根据描述生成App的App;1;0;1;159059;6.28697527332625e-06
46739;这个可能你不懂，比chatgpt差远了;1;1;2;159059;1.25739505466525e-05
46742;看到没，很容易被资本玩弄，例如，我说我感冒了，一家黑心医院给AI砸钱，他们能直接给我引进ICU里面去，，到时候只要谁给AI公司钱多，他就能直接为这家公司引流;5;15;20;159059;0.000125739505466525
46748;感觉有点扯淡，不太可能，如果你说ai能写一个模块，我信，你说把整个app都写了，感觉有点扯;2;2;4;159059;2.5147901093305e-05
46751;你不是专业人士，只会道听途说;1;8;9;159059;5.658277745993625e-05
46755;断个电断个网试试，牛什么牛;1;6;7;159059;4.400882691328375e-05
46760;ai能搬砖吗？不能的话就抢不了我饭碗;1;0;1;159059;6.28697527332625e-06
46762;ai加油ai崛起;1;1;2;159059;1.25739505466525e-05
46764;直接做一套光刻机出来吧;3;16;19;159059;0.00011945253019319875
46769;我需要一个，能自动设计芯片的ai;1;8;9;159059;5.658277745993625e-05
46773;imagica生成app;1;0;1;159059;6.28697527332625e-06
46775;都是英文，是不是得学会英文，我儿子中班;6;6;12;159059;7.5443703279915e-05
46782;然后酒店什么想上他的规划路程就得交钱;4;23;27;159059;0.00016974833237980876
46789;一旦它有“针对性”的发布中国的ai，我就怕它又搞出来一堆广告，或各种模型不全;1;8;9;159059;5.658277745993625e-05
46797;6666;1;0;1;159059;6.28697527332625e-06
46801;炽;1;0;1;159059;6.28697527332625e-06
46806;好牛;1;1;2;159059;1.25739505466525e-05
46822;外星栗子着陆;3;0;3;159059;1.886092581997875e-05
46845;没搞错的话，这是在炒作该项目;2;53;55;159059;0.00034578364003294375
46848;老孑农民不怕，它干不了农话。;2;5;7;159059;4.400882691328375e-05
46851;0;1;0;1;159059;6.28697527332625e-06
46853;人类没有爱，没有责任，没有契约精神的话还不如被机器人代替了。花了正常甚至更多的钱，非常简单不过的活都给你弄的狗屁一样，现在多少所谓专业都是骗人的，这种人活该被机器人代替，人类没有德就灭亡吧;1;0;1;159059;6.28697527332625e-06
46855;以后的失业人会更多;1;0;1;159059;6.28697527332625e-06
46981;如果这可以用在数控机床上就好了;1;0;1;159059;6.28697527332625e-06
47032;去看过了，好像暂时只能注册，其它不能用啊;1;0;1;159059;6.28697527332625e-06
47064;混世小农民;2;0;2;159059;1.25739505466525e-05
47072;这个软件多少钱？;2;0;2;159059;1.25739505466525e-05
47080;獨角獸公司啊以前太陽能電動車大陸挺多企業都是吹上天甚至玩虛擬貨幣的幣安都是然而現在呢？現在這個Brian來看看會不會步入後塵還是能夠像阿里巴巴一樣成功吧;1;0;1;159059;6.28697527332625e-06
47090;AI肯定会被封杀;2;0;2;159059;1.25739505466525e-05
47093;如何拥有？我订一个;1;0;1;159059;6.28697527332625e-06
47098;0;1;0;1;159059;6.28697527332625e-06
47127;我的爷爷死在了白色的短吻鳄里绷不住了;2;163;165;159059;0.0010373509200988311
47130;我只想问一句，一开始的女孩是谁;5;155;160;159059;0.0010059160437322
47137;《猴子们在火葬场购买机械硬盘》;4;60;64;159059;0.00040236641749288
47142;这让我想起了42号混凝土拌意大利面;1;44;45;159059;0.00028291388729968125
47144;我的床脚闪闪发光。;1;0;1;159059;6.28697527332625e-06
47174;山水有来路来翻译一下;1;0;1;159059;6.28697527332625e-06
47188;好运鱼丸离谱;1;0;1;159059;6.28697527332625e-06
47201;AMYY笑不活了;1;0;1;159059;6.28697527332625e-06
47206;少7一点点人工智障;1;0;1;159059;6.28697527332625e-06
47216;小时枇杷蛋哈哈哈哈哈哈哈笑死我了;3;0;3;159059;1.886092581997875e-05
47238;如风如塑;1;0;1;159059;6.28697527332625e-06
47250;二白的二二白的白;1;0;1;159059;6.28697527332625e-06
47257;Selina;1;0;1;159059;6.28697527332625e-06
47261;陈先生厚德載物;1;0;1;159059;6.28697527332625e-06
47267;小亮;1;0;1;159059;6.28697527332625e-06
47290;姑奶奶;1;0;1;159059;6.28697527332625e-06
47296;陳;1;0;1;159059;6.28697527332625e-06
47302;怡9;1;0;1;159059;6.28697527332625e-06
47304;音爆茶叶蛋GiN嘿嘿陈酔;1;2;3;159059;1.886092581997875e-05
47307;国际认证的小可耐;1;0;1;159059;6.28697527332625e-06
47310;插花弄玉许七安无敌至尊霹雳暴龙战神之王忘你伤我蓝河;2;0;2;159059;1.25739505466525e-05
47325;x80什么时候上;34;50;84;159059;0.000528105922959405
47360;鸿蒙早有了;15;65;80;159059;0.0005029580218661
47376;日语电影发现了新天地;7;19;26;159059;0.0001634613571064825
47384;不懂就问屏幕上的人是谁呀？;7;15;22;159059;0.0001383134560131775
47392;余承东：这个我熟;3;21;24;159059;0.00015088740655983
47396;日语居然可以;4;15;19;159059;0.00011945253019319875
47401;neo5什么时候上;2;15;17;159059;0.00010687857964654625
47404;华为告诉你，我玩剩下来的，留言来自mate40Pro;3;10;13;159059;8.173067855324126e-05
47408;真的吗那我看电影终于不用找中午字幕了;4;5;9;159059;5.658277745993625e-05
47413;怎么感觉在模仿？华为;4;4;8;159059;5.029580218661e-05
47419;可以，到没有必要;1;4;5;159059;3.143487636663125e-05
47421;三星s10三年前就有了好吧;1;4;5;159059;3.143487636663125e-05
47424;抄鸿蒙？;1;2;3;159059;1.886092581997875e-05
47451;Kirito我真的很想要;2;1;3;159059;1.886092581997875e-05
47479;日语能识别嘛;1;0;1;159059;6.28697527332625e-06
47487;小米早都有了;2;0;2;159059;1.25739505466525e-05
47498;谁裤子掉了看直播用;2;0;2;159059;1.25739505466525e-05
47512;日语也能翻译;1;1;2;159059;1.25739505466525e-05
47514;小小野华为好像早就有了，当年我追影宅啃生番的时候用的就是华为自带字幕翻译;1;0;1;159059;6.28697527332625e-06
47518;做乜野;1;0;1;159059;6.28697527332625e-06
47521;房子好破啊;3;1;4;159059;2.5147901093305e-05
47525;7hebeycb懵逼BruceChaffererSIK你的宝贝就是我以后看片片好用;2;1;3;159059;1.886092581997875e-05
47538;iqoo7以后再无大腿;1;1;2;159059;1.25739505466525e-05
47541;30啥时候出;1;1;2;159059;1.25739505466525e-05
47552;日语？懂得都懂;5;11;16;159059;0.00010059160437322
47559;惢碎了兂痕;5;0;5;159059;3.143487636663125e-05
47580;x60pro是不是不管了，啥功能都不更新了;1;0;1;159059;6.28697527332625e-06
47631;日语你测的哪个片子;3;3;6;159059;3.77218516399575e-05
47635;日语可以吗？;2;3;5;159059;3.143487636663125e-05
47638;下款买华为;1;3;4;159059;2.5147901093305e-05
47640;我就喜欢啃生肉;1;3;4;159059;2.5147901093305e-05
47643;有延迟;1;0;1;159059;6.28697527332625e-06
47646;top快看;1;0;1;159059;6.28697527332625e-06
47650;不是说8月11号上线吗？现在都已经10月23号了还是没有。;13;8;21;159059;0.00013202648073985126
47664;我这手机11上面没有小爱字幕;1;52;53;159059;0.00033320968948629125
47666;我这小米10s为什么没有？;6;7;13;159059;8.173067855324126e-05
47673;k30和k40都有我k50没有;8;3;11;159059;6.915672800658876e-05
47682;能转日文吗;2;14;16;159059;0.00010059160437322
47685;带耳机就没有了;3;0;3;159059;1.886092581997875e-05
47689;你家小米5p平板有现货吗？;2;0;2;159059;1.25739505466525e-05
47696;小米12有吗;1;0;1;159059;6.28697527332625e-06
47704;11Pro没有;1;0;1;159059;6.28697527332625e-06
47720;小米12有这个功能吗;1;0;1;159059;6.28697527332625e-06
47748;友友们，是亲爱的翻译官ar眼镜，翻译爱皮皮是亲爱的翻译官好爱抖音;5;186;191;159059;0.0012008122772053137
47754;感觉是听障人士的福音;21;1361;1382;159059;0.008688599827736877
47776;你要不要看看这翻译的是什么;10;371;381;159059;0.002395337579137301
47787;考听力外挂;3;201;204;159059;0.001282542955758555
47791;这全是机翻啊，不算同步翻译吧;4;83;87;159059;0.0005469668487793838
47796;现在留学生英语真的很差吗？大部分的课老师用的英语也不是很难啊;6;38;44;159059;0.000276626912026355
47803;ip地址在安徽是吧？;6;29;35;159059;0.00022004413456641874
47810;这哪款ar眼镜;4;14;18;159059;0.0001131655549198725
47815;为什么要出国呢在国内学习不行吗;5;3;8;159059;5.029580218661e-05
47822;这个多少钱;4;0;4;159059;2.5147901093305e-05
47827;印度口音可以吗;1;5;6;159059;3.77218516399575e-05
47831;如果旁边有人说话呢？是不是只要有人说话他就显示;1;2;3;159059;1.886092581997875e-05
47833;超爱龙哥森屿海巷WeAreBAGA。李湘。一只鬼要我何用;3;2;5;159059;3.143487636663125e-05
47844;gracious;1;0;1;159059;6.28697527332625e-06
47846;不瘦80不改名出国必备;1;0;1;159059;6.28697527332625e-06
47851;乐迪给我买一个吧;1;0;1;159059;6.28697527332625e-06
47853;奶茶不甜有这个四六级不随便考么;2;0;2;159059;1.25739505466525e-05
47863;噠霖卧槽;1;0;1;159059;6.28697527332625e-06
47866;ingle凉兮我真的很需要他;1;0;1;159059;6.28697527332625e-06
47874;7同学上好嘎森芋圆圆细斟北斗湾洱有这个我六级嘎嘎过;1;2;3;159059;1.886092581997875e-05
47883;给我买;1;0;1;159059;6.28697527332625e-06
47889;流行乐潇漓世界第一自律午夜忧郁纯情帅哥梦幻的dream哈哈哩梨喱粒crusjNGCLI考听说是不是无敌;1;3;4;159059;2.5147901093305e-05
47894;Lightx0523;1;0;1;159059;6.28697527332625e-06
47900;我不李姐很需要;1;0;1;159059;6.28697527332625e-06
47905;暴躁的手扶拖拉机我？？;1;0;1;159059;6.28697527332625e-06
47911;问题来了，如果老师带地方口音的，能翻吗;2;0;2;159059;1.25739505466525e-05
47915;厉害;1;0;1;159059;6.28697527332625e-06
47923;宇宙超级无敌大大大大大帅哥好牛啊适合你;1;1;2;159059;1.25739505466525e-05
47925;说个价格让我死心;1;2;3;159059;1.886092581997875e-05
47929;7“问题是你会在那里确保人们拖鞋吗”我正在重温谢恩的去世“”;1;0;1;159059;6.28697527332625e-06
47932;幸福结局里笑着的類天马司厨尸体遗弃投币式碎肉机烂尾诗小龙檬不喜欢吃柠檬NnX傻鸟一隻幸福善良的狐狸尾北离嘎嘎我要这个没开玩笑我听不懂;4;2;6;159059;3.77218516399575e-05
47938;Skyler？？我白学了要;1;0;1;159059;6.28697527332625e-06
47943;tftdpfptfo这个到底有没有用;2;0;2;159059;1.25739505466525e-05
47947;春江花月夜6;1;0;1;159059;6.28697527332625e-06
47954;迪迦凹凸曼想要给我买;1;0;1;159059;6.28697527332625e-06
47959;别惹怒汤圆北川琦一（正在提升中）;2;0;2;159059;1.25739505466525e-05
47962;0;2;1;3;159059;1.886092581997875e-05
47968;听说月亮在北方;1;0;1;159059;6.28697527332625e-06
47977;苓音;1;0;1;159059;6.28697527332625e-06
47981;略略略重生之顶级alpha;2;0;2;159059;1.25739505466525e-05
47986;爱吃蛋糕;1;0;1;159059;6.28697527332625e-06
47988;香菜爱喝酸奶;1;0;1;159059;6.28697527332625e-06
47992;长腿莹o;1;0;1;159059;6.28697527332625e-06
48000;LL;1;0;1;159059;6.28697527332625e-06
48004;崎;1;1;2;159059;1.25739505466525e-05
48014;LiCl绿李高兴是小李啊;1;1;2;159059;1.25739505466525e-05
48018;鲸鱼;1;0;1;159059;6.28697527332625e-06
48020;雯;2;0;2;159059;1.25739505466525e-05
48024;s00d少辉;1;1;2;159059;1.25739505466525e-05
48027;奶油兔子包困困;2;0;2;159059;1.25739505466525e-05
48031;0;1;0;1;159059;6.28697527332625e-06
48033;YuLQccQQQQ山羊东雪莲小姐单推人巨批MaZ1KChuya无妻徒刑社会我阳哥不是双马哥宇宙无敌超级暴龙战士XSWEN;4;8;12;159059;7.5443703279915e-05
48040;第7页序;1;0;1;159059;6.28697527332625e-06
48044;一杯优乐美;1;0;1;159059;6.28697527332625e-06
48046;达达利亚现任老婆wok;1;0;1;159059;6.28697527332625e-06
48048;不是，这都听不明白的话还去上什么课？;2;7;9;159059;5.658277745993625e-05
48051;求这个语音转录同步翻译软件;2;1;3;159059;1.886092581997875e-05
48085;华为已经有了;25;157;182;159059;0.0011442294997453775
48111;终于可以不限于中文字幕了，好多好看的都还没有字幕;4;174;178;159059;0.0011190815986520724
48116;你是想说奥特曼吗？我都不好意思点破你;5;127;132;159059;0.000829880736079065
48122;苹果十年前的技术;11;19;30;159059;0.0001886092581997875
48134;小米厉害;8;16;24;159059;0.00015088740655983
48143;小米手机好多都不支持;12;7;19;159059;0.00011945253019319875
48156;iqoo什么时候有呀;6;7;13;159059;8.173067855324126e-05
48163;uc自带ai翻译;2;8;10;159059;6.28697527332625e-05
48167;米11没有日语翻译只有英语;3;0;3;159059;1.886092581997875e-05
48183;转发虽然拍摄技术不怎么样，不过还是很用心的。;1;0;1;159059;6.28697527332625e-06
48191;不厌;2;0;2;159059;1.25739505466525e-05
48198;比如你的丶库尔奥特曼;1;0;1;159059;6.28697527332625e-06
48206;执笔梦一场;1;0;1;159059;6.28697527332625e-06
48212;华为早就可以了;1;0;1;159059;6.28697527332625e-06
48216;爱做梦的小孩服了阿迪不嘚枫花侥幸;2;0;2;159059;1.25739505466525e-05
48223;Dolly香;1;0;1;159059;6.28697527332625e-06
48233;要是能解码就更好了;3;28;31;159059;0.00019489623347311374
48238;不浪漫天后EasonLiangGalen;2;0;2;159059;1.25739505466525e-05
48242;阿拉丁钢盔nice;1;0;1;159059;6.28697527332625e-06
48256;不好使我用过华为的必须声音大到手机听得见才能翻译;4;1;5;159059;3.143487636663125e-05
48261;满朝文武，竟无一人敢言朕很是失望;3;6;9;159059;5.658277745993625e-05
48265;三星早就有了;4;0;4;159059;2.5147901093305e-05
48275;动态刷新是只有小米12还是有miui13的都有;1;0;1;159059;6.28697527332625e-06
48317;工具只是工具哦，使用之余不要忘记自己码字的快乐哦;17;639;656;159059;0.00412425577930202
48335;每天一个遣返冷知识;202;2639;2841;159059;0.017861296751519876
48538;建议升级一下变成能自动写reference;38;989;1027;159059;0.006456723605706058
48577;每天一个开学术听证会小知识;27;659;686;159059;0.004312865037501807
48605;如果是上国外大学，别以为老师看不出来哦有查重软件过20要出问题的;29;211;240;159059;0.0015088740655983
48635;每天一个退学小知识;10;327;337;159059;0.002118710667110946
48646;最近常看;16;223;239;159059;0.0015025870903249737
48663;加油，我已经抓到不少用这种方法写文章的学生了你教授不说，真心是想给你机会;4;169;173;159059;0.0010876467222854411
48668;躲得过turnitin;8;62;70;159059;0.0004400882691328375
48677;reference可怎么办啊;7;48;55;159059;0.00034578364003294375
48685;我搜你这个网站啥都没有;5;38;43;159059;0.00027033993675302874
48691;有没有写日语的呀;6;17;23;159059;0.00014460043128650376
48698;狼人大学;4;25;29;159059;0.00018232228292646124
48703;看完马上申请哈佛牛津耶鲁了，soeasy;2;28;30;159059;0.0001886092581997875
48706;大家冷静思考一下，这个只能给小孩写写作文什么的，写论文的话这个不会引用文献，而且也不会理解学术上的专用术语，更不会论证你的研究成果。;3;18;21;159059;0.00013202648073985126
48710;手机端GPT做ppt嘎嘎好用;3;1;4;159059;2.5147901093305e-05
48714;找别人写的;1;1;2;159059;1.25739505466525e-05
48717;试过了不好用被导师骂惨了没办法找人搞定了;1;0;1;159059;6.28697527332625e-06
48719;蓝过来看;1;0;1;159059;6.28697527332625e-06
48740;日出看这个;1;2;3;159059;1.886092581997875e-05
48744;苏柒儿好像是这个但查重会很高哦;1;1;2;159059;1.25739505466525e-05
48750;自己实在写不出来不会写最后没办法找了别人写一次过;4;4;8;159059;5.029580218661e-05
48756;我都不会写，都是找代写，写完的;4;2;6;159059;3.77218516399575e-05
48763;寸头救你;3;0;3;159059;1.886092581997875e-05
48767;我认识一个研究生学姐写的很靠谱，我们宿舍都是她给写的，全过;4;2;6;159059;3.77218516399575e-05
48777;白熊就是这个;1;1;2;159059;1.25739505466525e-05
48781;限期心動这个就是早上我跟妳讲的;2;1;3;159059;1.886092581997875e-05
48784;LH7看常用网站;2;3;5;159059;3.143487636663125e-05
48788;网址是啥呀;1;1;2;159059;1.25739505466525e-05
48790;注册邮箱QQ邮箱好像用不了一直显示错误;5;1;6;159059;3.77218516399575e-05
48796;要钱哦;1;2;3;159059;1.886092581997875e-05
48799;霜霜猪;2;0;2;159059;1.25739505466525e-05
48802;凝白茶urwelcome;2;1;3;159059;1.886092581997875e-05
48808;小陈同学;1;1;2;159059;1.25739505466525e-05
48810;（隔离版三个大头钉ltTinn好东西;1;1;2;159059;1.25739505466525e-05
48812;笑靠北，谷歌可以这样玩？;1;1;2;159059;1.25739505466525e-05
48814;Y为什么没早点知道;1;2;3;159059;1.886092581997875e-05
48818;捡到一只Lee我靠;2;0;2;159059;1.25739505466525e-05
48821;ym学到了;1;1;2;159059;1.25739505466525e-05
48824;妈宝女我要了;1;0;1;159059;6.28697527332625e-06
48828;皖秋小陈我有救了;1;1;2;159059;1.25739505466525e-05
48830;冈崎真一以后不用发愁了;1;1;2;159059;1.25739505466525e-05
48832;水晶女孩本人哦哟;1;2;3;159059;1.886092581997875e-05
48834;0;1;1;2;159059;1.25739505466525e-05
48836;木土土贤;1;0;1;159059;6.28697527332625e-06
48838;我操开学季CCCCH普信猫（隐身版）全球魔法联合会会长;3;1;4;159059;2.5147901093305e-05
48842;茵桃子珣珣小陆同学有想法？;1;1;2;159059;1.25739505466525e-05
48845;bb看看;4;0;4;159059;2.5147901093305e-05
48850;铨看到细节吗;2;0;2;159059;1.25739505466525e-05
48853;全集团QS看到细节了吗;1;1;2;159059;1.25739505466525e-05
48855;ZHOUYINbelikeyou困困的豆奶;1;1;2;159059;1.25739505466525e-05
48857;原耽动漫就是动力羨哎呀妈呀宝藏软件阿;2;1;3;159059;1.886092581997875e-05
48860;yt草莓;3;2;5;159059;3.143487636663125e-05
48865;Alani;2;0;2;159059;1.25739505466525e-05
48869;xinnnnYIPnewsreflection有救了;1;1;2;159059;1.25739505466525e-05
48874;啵的女人伴宇登顶kt;1;1;2;159059;1.25739505466525e-05
48877;头上长犄角irving;3;0;3;159059;1.886092581997875e-05
48884;哦哦哦哦是黄桃精吖;1;1;2;159059;1.25739505466525e-05
48886;Hoppy聋了的自习;2;1;3;159059;1.886092581997875e-05
48889;Summerbeingtall;2;2;4;159059;2.5147901093305e-05
48892;DCoolAid大AEverly;3;0;3;159059;1.886092581997875e-05
48898;igggggggy日;1;0;1;159059;6.28697527332625e-06
48900;Cx330。yo;4;1;5;159059;3.143487636663125e-05
48905;我想吃西瓜独自莫凭栏大鹅你需要;1;1;2;159059;1.25739505466525e-05
48909;kjsjYAn鹅琳Jewel珠宝Toto7每天一个回国小技巧;1;2;3;159059;1.886092581997875e-05
48913;我想要个名字来了;1;0;1;159059;6.28697527332625e-06
48916;wooo七为什么睡不着觉看到都头痛哦;2;0;2;159059;1.25739505466525e-05
48924;kepler已经开始教我怎么留学了;1;1;2;159059;1.25739505466525e-05
48927;陈阿姨;1;0;1;159059;6.28697527332625e-06
48933;喵喵卧槽;1;0;1;159059;6.28697527332625e-06
48936;batsoupnumber1鸿鸿不是怪蜀黍弯腰;2;1;3;159059;1.886092581997875e-05
48940;火锅用这个写然后有道转成韩语;1;1;2;159059;1.25739505466525e-05
48942;PeregrinTook;5;1;6;159059;3.77218516399575e-05
48952;MrLimturnitinkena100;4;0;4;159059;2.5147901093305e-05
48959;秃头美女别的可以不看这个你一定要看;1;1;2;159059;1.25739505466525e-05
48963;小村香菇我觉得你可能需要这个;1;2;3;159059;1.886092581997875e-05
48966;星轨学;3;0;3;159059;1.886092581997875e-05
48970;奚落Y鸭鸭茶先码住;2;4;6;159059;3.77218516399575e-05
48978;乌托邦现实主义者试试;1;1;2;159059;1.25739505466525e-05
48980;贤xian看;1;1;2;159059;1.25739505466525e-05
48982;还能抹个零妈妈再也不用担心我被罚啦CGNexonUnknown凱;2;4;6;159059;3.77218516399575e-05
48987;到时候记得用啊，一定得用啊普信男（爱我没结果）奶思;3;0;3;159059;1.886092581997875e-05
48991;禧get;1;1;2;159059;1.25739505466525e-05
48998;喝酒八斤七两活了;1;0;1;159059;6.28697527332625e-06
49000;南下叙与晴与旋旋天地小九樱夏沐给爷学;1;0;1;159059;6.28697527332625e-06
49002;封疆。woc还有这个东西;1;1;2;159059;1.25739505466525e-05
49004;煎饼卷饺子妮Will这真的不兴推荐啊;1;2;3;159059;1.886092581997875e-05
49006;迢遥;1;0;1;159059;6.28697527332625e-06
49009;破防哥的冷酷零下八度自卑男之无敌旋风回旋踢鱿鱼四海我艹;1;1;2;159059;1.25739505466525e-05
49015;雪元快来看;2;1;3;159059;1.886092581997875e-05
49018;月夜星河落;1;0;1;159059;6.28697527332625e-06
49022;好东西;1;0;1;159059;6.28697527332625e-06
49024;GuoZH写论文了;1;1;2;159059;1.25739505466525e-05
49026;芝士焗排骨这开始给我推的啥;1;0;1;159059;6.28697527332625e-06
49028;tzy等233万人;1;0;1;159059;6.28697527332625e-06
49030;焚风牛逼啊哈哈哈哈;1;0;1;159059;6.28697527332625e-06
49033;高冷的山芋;1;0;1;159059;6.28697527332625e-06
49035;三岁勤恳上分馒头超人夏凉收藏;1;0;1;159059;6.28697527332625e-06
49039;来杯奶茶加啵啵啊这，也太厉害了吧;1;0;1;159059;6.28697527332625e-06
49047;栩栩栩栩栩xxxx;4;0;4;159059;2.5147901093305e-05
49053;美女的事情你少管研究研究？;1;1;2;159059;1.25739505466525e-05
49055;lmz哈哈哈哈哈哈哈哈哈哈学费了;1;1;2;159059;1.25739505466525e-05
49057;kk;1;0;1;159059;6.28697527332625e-06
49060;11;1;0;1;159059;6.28697527332625e-06
49064;半泽树;1;1;2;159059;1.25739505466525e-05
49067;赵烧鸡腿堡王茗析Miaa;2;1;3;159059;1.886092581997875e-05
49070;瑶真mori;1;0;1;159059;6.28697527332625e-06
49072;小甜姜黑山小妖;1;1;2;159059;1.25739505466525e-05
49075;陸个东也;2;1;3;159059;1.886092581997875e-05
49078;几分;1;1;2;159059;1.25739505466525e-05
49083;19L02Z;1;0;1;159059;6.28697527332625e-06
49087;Sy好牛的感觉;1;0;1;159059;6.28697527332625e-06
49091;你们不说我也不说;14;208;222;159059;0.0013957085106784276
49107;夜空中的;1;0;1;159059;6.28697527332625e-06
49119;qima有爱情;1;0;1;159059;6.28697527332625e-06
49136;不要香菜不要葱过路旅客;1;1;2;159059;1.25739505466525e-05
49142;嘎鸿;1;1;2;159059;1.25739505466525e-05
49144;诺诺王一;1;1;2;159059;1.25739505466525e-05
49153;咖啡香长安;2;1;3;159059;1.886092581997875e-05
49158;妈妈不爱你;1;0;1;159059;6.28697527332625e-06
49160;NofriendYongjianjudehan杰正阳Kw;2;7;9;159059;5.658277745993625e-05
49163;碰不到月亮最低价墨凉;2;0;2;159059;1.25739505466525e-05
49166;烧烧酒酒酒酒;1;1;2;159059;1.25739505466525e-05
49169;墨澄念凤梨解忧馆licnly;1;0;1;159059;6.28697527332625e-06
49171;ckkkkrystal;1;1;2;159059;1.25739505466525e-05
49173;水無月斋藤一XYZK;3;1;4;159059;2.5147901093305e-05
49178;芋泥;1;0;1;159059;6.28697527332625e-06
49180;MerryStegosaurus;1;3;4;159059;2.5147901093305e-05
49182;伊总说老约不行;1;0;1;159059;6.28697527332625e-06
49185;zy金俊勉爱我无法自拔;1;1;2;159059;1.25739505466525e-05
49188;二级废物;1;0;1;159059;6.28697527332625e-06
49190;x;1;1;2;159059;1.25739505466525e-05
49192;荥星翻茄炒但蕊宝;1;0;1;159059;6.28697527332625e-06
49201;你脸红什么啊;1;1;2;159059;1.25739505466525e-05
49204;一拾六whCCCKKKK秃头小弟弟镇糠;2;0;2;159059;1.25739505466525e-05
49207;善;1;0;1;159059;6.28697527332625e-06
49209;Kiso;2;0;2;159059;1.25739505466525e-05
49213;瑄心dav;2;2;4;159059;2.5147901093305e-05
49218;松鼠真真;2;0;2;159059;1.25739505466525e-05
49221;董梦如;1;0;1;159059;6.28697527332625e-06
49223;白菜;1;1;2;159059;1.25739505466525e-05
49225;himafish;1;1;2;159059;1.25739505466525e-05
49229;人类终结者;1;0;1;159059;6.28697527332625e-06
49232;奶油且虾球66精肉;2;0;2;159059;1.25739505466525e-05
49235;是Eric呀你找不到我WW;1;1;2;159059;1.25739505466525e-05
49237;岑箐;1;0;1;159059;6.28697527332625e-06
49239;boom;2;1;3;159059;1.886092581997875e-05
49242;LilBryantR0ss44;1;0;1;159059;6.28697527332625e-06
49247;Elijah（海外版）;1;1;2;159059;1.25739505466525e-05
49251;微糖和和oo黑色幽默的滚石人生;1;3;4;159059;2.5147901093305e-05
49261;Yx1ao;2;0;2;159059;1.25739505466525e-05
49266;Rukia;1;0;1;159059;6.28697527332625e-06
49271;爱吃田螺汤;1;0;1;159059;6.28697527332625e-06
49275;来份爆米花;1;2;3;159059;1.886092581997875e-05
49287;重案六虎曹达华宿醉小地瓜赴秋;2;1;3;159059;1.886092581997875e-05
49295;Mia;1;0;1;159059;6.28697527332625e-06
49304;321;1;0;1;159059;6.28697527332625e-06
49308;迪不利啾啾迪不利哆;1;1;2;159059;1.25739505466525e-05
49311;LiTChi七荔;1;0;1;159059;6.28697527332625e-06
49313;家的狸猫SMKLG;1;0;1;159059;6.28697527332625e-06
49320;。。。;1;0;1;159059;6.28697527332625e-06
49323;Xiaoqian;1;0;1;159059;6.28697527332625e-06
49326;大锤;1;0;1;159059;6.28697527332625e-06
49328;花可爱;1;0;1;159059;6.28697527332625e-06
49331;Typhoon;1;0;1;159059;6.28697527332625e-06
49338;刘谋ABCD卖姑娘的小火柴虚晃他哥渣渣西;1;0;1;159059;6.28697527332625e-06
49342;肥嘟嘟左卫门RA;2;0;2;159059;1.25739505466525e-05
49349;meigui;1;0;1;159059;6.28697527332625e-06
49352;Lismine;1;0;1;159059;6.28697527332625e-06
49354;我腿有点短;1;0;1;159059;6.28697527332625e-06
49356;肉包;1;0;1;159059;6.28697527332625e-06
49358;0;1;0;1;159059;6.28697527332625e-06
49375;初霁枳木了不起的沙丁鱼;1;1;2;159059;1.25739505466525e-05
49377;水母人;2;0;2;159059;1.25739505466525e-05
49383;全世界失眠;4;0;4;159059;2.5147901093305e-05
49389;澍;1;0;1;159059;6.28697527332625e-06
49391;此糸;2;0;2;159059;1.25739505466525e-05
49394;Carol你怎么酱;2;1;3;159059;1.886092581997875e-05
49397;33（甜妹版）每天一个遣返小技巧;2;1;3;159059;1.886092581997875e-05
49401;莹08年要当国王;2;0;2;159059;1.25739505466525e-05
49414;荷塘月色会用到的谢谢我吧;1;0;1;159059;6.28697527332625e-06
49416;落问秋passer这个看起来好有用;1;0;1;159059;6.28697527332625e-06
49418;少女林恒hayden浅学一下吧;1;0;1;159059;6.28697527332625e-06
49420;影;1;0;1;159059;6.28697527332625e-06
49422;要钱;1;0;1;159059;6.28697527332625e-06
49424;网址蹲一个;1;0;1;159059;6.28697527332625e-06
49426;god丶wt1（owo）wQAQw;1;0;1;159059;6.28697527332625e-06
49428;我不是笨蛋;1;0;1;159059;6.28697527332625e-06
49472;要钱？？;1;0;1;159059;6.28697527332625e-06
49474;Elixnagnip;1;0;1;159059;6.28697527332625e-06
49476;姓孟的Zeno码了;1;0;1;159059;6.28697527332625e-06
49479;卡不keeno;1;0;1;159059;6.28697527332625e-06
49485;丑蛋子POEMProteinZmmHEREAIiwrite;3;0;3;159059;1.886092581997875e-05
49489;什么时候国内出个AI自动写小说的;1;0;1;159059;6.28697527332625e-06
49492;爱学习的贺同学;1;0;1;159059;6.28697527332625e-06
49496;会被查重吗;2;0;2;159059;1.25739505466525e-05
49503;我就是我;1;0;1;159059;6.28697527332625e-06
49506;ihZnaiJ;2;0;2;159059;1.25739505466525e-05
49511;驧;1;0;1;159059;6.28697527332625e-06
49514;赵铁柱我尼玛，快给咱记着;1;0;1;159059;6.28697527332625e-06
49516;来一碗甜不辣;1;0;1;159059;6.28697527332625e-06
49521;bb;1;0;1;159059;6.28697527332625e-06
49523;Ei霖霖霖KittyHUI好东西;2;0;2;159059;1.25739505466525e-05
49527;肖阿肖紫菜蛋花汤皮皮豹雪碧儿房东的西柚大洋芋滴滴滴;1;0;1;159059;6.28697527332625e-06
49530;aanuoo我去为啥让我毕业时刷到;1;0;1;159059;6.28697527332625e-06
49532;Mcdull;2;0;2;159059;1.25739505466525e-05
49538;半糖去冰加啵啵奶盖;1;0;1;159059;6.28697527332625e-06
49541;皮蛋瘦肉粥;1;0;1;159059;6.28697527332625e-06
49545;起风了呼呼呼;2;0;2;159059;1.25739505466525e-05
49557;小奶泡;1;0;1;159059;6.28697527332625e-06
49567;天才梨小豪;1;0;1;159059;6.28697527332625e-06
49570;李同学YAMatcha地铁上的陌生人;2;0;2;159059;1.25739505466525e-05
49573;每天一个回国小技巧玛卡巴卡;1;0;1;159059;6.28697527332625e-06
49576;陸个东也;1;0;1;159059;6.28697527332625e-06
49579;这个网站的名字是什么呀？;1;0;1;159059;6.28697527332625e-06
49584;钮祜禄土豆？？？;1;0;1;159059;6.28697527332625e-06
49591;途中记得写论文;1;0;1;159059;6.28697527332625e-06
49595;老友提前预备上;1;0;1;159059;6.28697527332625e-06
49597;用这个查重直接挂科了;1;0;1;159059;6.28697527332625e-06
49599;啵啵果靠;1;1;2;159059;1.25739505466525e-05
49601;草莓宝;1;0;1;159059;6.28697527332625e-06
49606;CJJ冲冲冲;1;0;1;159059;6.28697527332625e-06
49609;咸六;1;0;1;159059;6.28697527332625e-06
49611;plagiarism不会高吗;1;0;1;159059;6.28697527332625e-06
49620;抱着小鞠睡午觉;1;0;1;159059;6.28697527332625e-06
49623;茶月;1;0;1;159059;6.28697527332625e-06
49626;encora;1;0;1;159059;6.28697527332625e-06
49633;小团;1;0;1;159059;6.28697527332625e-06
49636;PAPAJ和我那个差不多;1;0;1;159059;6.28697527332625e-06
49638;别在这害人了;1;0;1;159059;6.28697527332625e-06
49642;2w字行不;1;0;1;159059;6.28697527332625e-06
49648;雨田喜欢喝牛奶;1;0;1;159059;6.28697527332625e-06
49659;wwww;2;0;2;159059;1.25739505466525e-05
49665;这能搞日文的不;1;0;1;159059;6.28697527332625e-06
49673;冰抹茶瞌颂;1;1;2;159059;1.25739505466525e-05
49676;栗子;1;0;1;159059;6.28697527332625e-06
49678;Aeo;1;0;1;159059;6.28697527332625e-06
49681;Krikplayboiballin;2;0;2;159059;1.25739505466525e-05
49686;晚安曜;1;0;1;159059;6.28697527332625e-06
49694;米老鼠Saida收藏先;1;0;1;159059;6.28697527332625e-06
49697;阿斯巴甜你的英语论文;1;0;1;159059;6.28697527332625e-06
49700;查重GG了，100;1;0;1;159059;6.28697527332625e-06
49703;兔子喝雪碧;3;0;3;159059;1.886092581997875e-05
49707;Ryan学好芝士。Rose好一个郭佳诚YYZ好事莲莲;3;0;3;159059;1.886092581997875e-05
49712;一点也不甜;1;0;1;159059;6.28697527332625e-06
49716;余生晓梦高级裁缝不会直接复制粘贴;2;0;2;159059;1.25739505466525e-05
49719;Asite;1;0;1;159059;6.28697527332625e-06
49723;优雅的茄子;1;0;1;159059;6.28697527332625e-06
49730;Macromolecule我写;1;1;2;159059;1.25739505466525e-05
49734;sba;4;0;4;159059;2.5147901093305e-05
49739;izy;2;0;2;159059;1.25739505466525e-05
49742;HzIII;2;0;2;159059;1.25739505466525e-05
49745;曰iceCoco;1;0;1;159059;6.28697527332625e-06
49750;Rea换一下高级词汇;1;0;1;159059;6.28697527332625e-06
49756;想问下这论文是ai原创还是爬呢;1;0;1;159059;6.28697527332625e-06
49762;码了997Shxx4uyyyyylFREYAT;1;0;1;159059;6.28697527332625e-06
49764;hmlxp;2;0;2;159059;1.25739505466525e-05
49767;Hexy;1;0;1;159059;6.28697527332625e-06
49771;七七粑粑57赵赵;1;1;2;159059;1.25739505466525e-05
49775;桔子特务;1;0;1;159059;6.28697527332625e-06
49777;Browniebabe;1;0;1;159059;6.28697527332625e-06
49780;我不是臭弟弟;1;0;1;159059;6.28697527332625e-06
49782;王琛你在翻译一下;1;0;1;159059;6.28697527332625e-06
49785;xxu;1;0;1;159059;6.28697527332625e-06
49793;喃寻啥糖果草莓可以天天吃好吃的吗姜淼张富贵Z为什么我们不能早点发现;1;0;1;159059;6.28697527332625e-06
49797;林咕咕;1;0;1;159059;6.28697527332625e-06
49801;半岛没有铁盒耳东Iris可马;2;0;2;159059;1.25739505466525e-05
49806;鱼苏亿;1;0;1;159059;6.28697527332625e-06
49808;江amazing啊;1;0;1;159059;6.28697527332625e-06
49818;iii;1;0;1;159059;6.28697527332625e-06
49821;咕叽咕叽咩咩羊;1;0;1;159059;6.28697527332625e-06
49823;kookR;3;0;3;159059;1.886092581997875e-05
49828;银河我草;1;0;1;159059;6.28697527332625e-06
49833;老物修复;1;0;1;159059;6.28697527332625e-06
49836;国泰旻安纸上得来终觉浅我擦;2;0;2;159059;1.25739505466525e-05
49840;Sweyyyyyyyyyyyy;3;0;3;159059;1.886092581997875e-05
49844;快乐的卤蛋黄丘比特吃辣条鸠瘾翻译一下啥都有了;1;1;2;159059;1.25739505466525e-05
49849;C;1;1;2;159059;1.25739505466525e-05
49855;饿;1;0;1;159059;6.28697527332625e-06
49857;28岁离异带叁拾肆娃衔之;1;0;1;159059;6.28697527332625e-06
49862;我196;1;0;1;159059;6.28697527332625e-06
49865;queeniek有点爱;1;0;1;159059;6.28697527332625e-06
49870;也不知道你能不能用上;1;0;1;159059;6.28697527332625e-06
49874;离谱的牛马;2;0;2;159059;1.25739505466525e-05
49878;Danielllll;1;0;1;159059;6.28697527332625e-06
49881;孤芳;1;0;1;159059;6.28697527332625e-06
49884;雪饼;1;0;1;159059;6.28697527332625e-06
49892;没好话说;1;0;1;159059;6.28697527332625e-06
49894;什孑;2;0;2;159059;1.25739505466525e-05
49899;0;3;0;3;159059;1.886092581997875e-05
49903;宇宙ujing;1;0;1;159059;6.28697527332625e-06
49915;是九七呀？;1;0;1;159059;6.28697527332625e-06
49924;Ginkgo;1;0;1;159059;6.28697527332625e-06
49933;点缶颔取大札包好东西，你可以试试，已经用不上了;2;0;2;159059;1.25739505466525e-05
49939;RivermonclerCl7;3;0;3;159059;1.886092581997875e-05
49943;我想喝个粥;3;0;3;159059;1.886092581997875e-05
49947;0;1;0;1;159059;6.28697527332625e-06
49951;Coisini天鹅子;1;0;1;159059;6.28697527332625e-06
49953;余忆之;1;0;1;159059;6.28697527332625e-06
49958;yuch章鱼暴躁荔枝;1;0;1;159059;6.28697527332625e-06
49962;玖;3;0;3;159059;1.886092581997875e-05
49968;Annabelle试试？逝世;3;0;3;159059;1.886092581997875e-05
49972;LHPZzzzzzzBat;1;0;1;159059;6.28697527332625e-06
49977;是Lily吖CharmaineDYNH每天一个退学小技巧;1;0;1;159059;6.28697527332625e-06
49980;慟心;3;0;3;159059;1.886092581997875e-05
49992;0;2;0;2;159059;1.25739505466525e-05
49995;Catherinewaiseng;1;0;1;159059;6.28697527332625e-06
49998;0;1;0;1;159059;6.28697527332625e-06
50000;omg呖咕呖咕;1;0;1;159059;6.28697527332625e-06
50006;查重吗？;1;0;1;159059;6.28697527332625e-06
50009;Yukiaaa君无言用完翻译成中文就得了，自己检查;3;0;3;159059;1.886092581997875e-05
50015;叫我拉里其名为惠惠;2;0;2;159059;1.25739505466525e-05
50021;SkUxTragicZ;1;0;1;159059;6.28697527332625e-06
50027;QRain每天一个遣返小技巧;1;0;1;159059;6.28697527332625e-06
50030;Theodore;1;0;1;159059;6.28697527332625e-06
50034;CNSA霖看完了赶紧给我删掉;2;0;2;159059;1.25739505466525e-05
50037;Nightmare;1;0;1;159059;6.28697527332625e-06
50040;小T心过往章鱼大拇哥开朗的淘气鬼;1;0;1;159059;6.28697527332625e-06
50042;Ying阿诺绝了哈哈哈哈哈哈;1;0;1;159059;6.28697527332625e-06
50044;经济特区精灵少吕;1;0;1;159059;6.28697527332625e-06
50047;梨子Li;1;0;1;159059;6.28697527332625e-06
50052;贰拾壹画生PeterLeeA悠哉的彼得PAUL都别说;1;0;1;159059;6.28697527332625e-06
50056;Morty;1;0;1;159059;6.28697527332625e-06
50062;Lav伴这东西好明年就用这个了;1;0;1;159059;6.28697527332625e-06
50064;抖抖抖音音音;1;0;1;159059;6.28697527332625e-06
50067;小锤ryu小李瘦了没;1;0;1;159059;6.28697527332625e-06
50069;蒲月;1;0;1;159059;6.28697527332625e-06
50074;海绵宝宝的T恤衫;1;0;1;159059;6.28697527332625e-06
50077;邱ss;1;0;1;159059;6.28697527332625e-06
50081;Eternity;2;0;2;159059;1.25739505466525e-05
50088;丹三不加糖;1;0;1;159059;6.28697527332625e-06
50090;g的宝贝是小邓丶意义先收藏;2;0;2;159059;1.25739505466525e-05
50093;小金好屌;1;0;1;159059;6.28697527332625e-06
50105;YukiCheung;1;0;1;159059;6.28697527332625e-06
50109;小野是美女（考驾照版）;1;0;1;159059;6.28697527332625e-06
50112;整个银河系都藏在你眼眸;2;0;2;159059;1.25739505466525e-05
50116;edwarrrd;1;0;1;159059;6.28697527332625e-06
50118;清木;1;0;1;159059;6.28697527332625e-06
50122;嗯哼哼;1;0;1;159059;6.28697527332625e-06
50126;0;1;0;1;159059;6.28697527332625e-06
50133;磨磨唧唧o云丹儿;2;1;3;159059;1.886092581997875e-05
50136;Husky;1;0;1;159059;6.28697527332625e-06
50141;来看尝一口咩;1;0;1;159059;6.28697527332625e-06
50143;Antarctica我了个大草;1;0;1;159059;6.28697527332625e-06
50145;（）;1;0;1;159059;6.28697527332625e-06
50153;fishyfishyfishchloeKyi笑死我了注意到了吗;1;0;1;159059;6.28697527332625e-06
50157;Clearlove7DirkKaYV;1;0;1;159059;6.28697527332625e-06
50160;Xxxxyy;1;0;1;159059;6.28697527332625e-06
50164;三爪denden一颗莫蛋蛋蛋纳宇宙究极无敌纯欲少女不可一世诺诺真不戳;4;0;4;159059;2.5147901093305e-05
50169;孙宇直;1;0;1;159059;6.28697527332625e-06
50177;小朱头不秃;2;0;2;159059;1.25739505466525e-05
50180;即虾仁又猪心;1;0;1;159059;6.28697527332625e-06
50183;比比泥我去;1;0;1;159059;6.28697527332625e-06
50198;小猪佩猪kkkkaarinNaHCO3;2;0;2;159059;1.25739505466525e-05
50201;桥豆麻袋i你同学的小妙招;1;0;1;159059;6.28697527332625e-06
50203;妞妞niiuu;2;0;2;159059;1.25739505466525e-05
50206;SoulBlanket;1;0;1;159059;6.28697527332625e-06
50208;蓝莓酱熊cxdzhxinnn懒羊羊;1;1;2;159059;1.25739505466525e-05
50212;MoY;1;0;1;159059;6.28697527332625e-06
50216;这查重会不会很高朱朱不是珠珠呀;1;0;1;159059;6.28697527332625e-06
50221;佳得乐泡枸杞咱俩以后能用的到;1;0;1;159059;6.28697527332625e-06
50223;v;1;0;1;159059;6.28697527332625e-06
50228;棿槢Kepler咔家人们从此不写论文了;1;0;1;159059;6.28697527332625e-06
50230;水Rayna万一用得到;1;0;1;159059;6.28697527332625e-06
50232;滚开啊你;1;0;1;159059;6.28697527332625e-06
50235;奈奈路瑶;1;0;1;159059;6.28697527332625e-06
50237;Brnadett;1;0;1;159059;6.28697527332625e-06
50240;0;2;0;2;159059;1.25739505466525e-05
50245;清秋;1;0;1;159059;6.28697527332625e-06
50247;你不能吃蛋挞白白不白惹卧槽;1;0;1;159059;6.28697527332625e-06
50249;、;1;0;1;159059;6.28697527332625e-06
50252;兰兰睡觉;1;0;1;159059;6.28697527332625e-06
50254;涵真的不会被说plagiarize吗;1;0;1;159059;6.28697527332625e-06
50259;miiiiiyaaaaa;1;0;1;159059;6.28697527332625e-06
50262;Mike;2;0;2;159059;1.25739505466525e-05
50267;小宋饿扁啦我不理解但我大为震惊;1;0;1;159059;6.28697527332625e-06
50269;KXXJ;1;0;1;159059;6.28697527332625e-06
50272;小鱼y你去试试;1;0;1;159059;6.28697527332625e-06
50274;tiffanyyy;1;0;1;159059;6.28697527332625e-06
50276;tjtj卧槽用起来;1;0;1;159059;6.28697527332625e-06
50282;Salin;1;0;1;159059;6.28697527332625e-06
50285;我心里苦呀MLP椿皖快看;1;0;1;159059;6.28697527332625e-06
50287;卡肉一张大饼;1;0;1;159059;6.28697527332625e-06
50290;Yyyyyy;2;0;2;159059;1.25739505466525e-05
50294;848;1;0;1;159059;6.28697527332625e-06
50296;山河无定;1;0;1;159059;6.28697527332625e-06
50299;欧巴w点眠audreyh涵悲伤被我刷到了一定是有原因的;2;0;2;159059;1.25739505466525e-05
50302;宝藏博主;1;0;1;159059;6.28697527332625e-06
50312;域域宝贝圆圆想要马甲线小熊崽崽;2;0;2;159059;1.25739505466525e-05
50315;这网站叫什么鹅鹅鹅鹅;1;0;1;159059;6.28697527332625e-06
50320;woc华威姐妹;2;0;2;159059;1.25739505466525e-05
50324;不馥制了针织帽;2;0;2;159059;1.25739505466525e-05
50330;龙的传人;1;0;1;159059;6.28697527332625e-06
50337;这里是小徐yo我觉得有用;1;1;2;159059;1.25739505466525e-05
50339;ljrovo图图拉母呼呼LOVE;4;0;4;159059;2.5147901093305e-05
50347;是不是精算专业;2;0;2;159059;1.25739505466525e-05
50350;cChen陈陈;1;0;1;159059;6.28697527332625e-06
50357;空条徐伦;1;0;1;159059;6.28697527332625e-06
50360;小毛这个会被查出来吗;6;0;6;159059;3.77218516399575e-05
50368;网站是什么啊？;2;0;2;159059;1.25739505466525e-05
50375;韩小牛逼不牛逼刘小草KarlieLll楠Aletta;1;0;1;159059;6.28697527332625e-06
50379;Kaiwen卧槽？;2;0;2;159059;1.25739505466525e-05
50382;微澜Luv7芥川龙之介圈外女友cindz它比我写的都好;7;0;7;159059;4.400882691328375e-05
50390;俄语可以用吗？;4;0;4;159059;2.5147901093305e-05
50395;机器能思考了以后会不会干掉人类;3;25;28;159059;0.000176035307653135
50399;马云为什么这么说话，他是不是发现了什么;1;23;24;159059;0.00015088740655983
50401;如果那一天它们有智慧了，那一定是人类的末日;2;12;14;159059;8.80176538265675e-05
50407;我想一瓶水浇到你的头上;2;2;4;159059;2.5147901093305e-05
50450;早就有tag补全插件了。;4;4;8;159059;5.029580218661e-05
50455;为什么我写的中文提示词不会自动翻译成英文？;2;7;9;159059;5.658277745993625e-05
50459;地址进不去;7;0;7;159059;4.400882691328375e-05
50467;不是我吹，自从midjourney上线了我听了百来个版本的;1;8;9;159059;5.658277745993625e-05
50470;为什么我的不会自己翻译？;2;3;5;159059;3.143487636663125e-05
50474;为什么我英文旁边没有中午翻译;1;4;5;159059;3.143487636663125e-05
50476;连接我的notion，token和ID都输入了，载入按钮是灰色的不能点击是为什么？;2;1;3;159059;1.886092581997875e-05
50479;博主，为啥我这个到最后载入那步不能点？;3;0;3;159059;1.886092581997875e-05
50483;我进去网址后输入中文没有翻译成英文;3;0;3;159059;1.886092581997875e-05
50489;要是翻译能接入有道翻译就好了，百度翻译有些tag不太准确;1;1;2;159059;1.25739505466525e-05
50491;挂了有些上网工具之后他不会自动翻译了呢;2;0;2;159059;1.25739505466525e-05
50510;听声音茶茶好像是个甜妹;1;0;1;159059;6.28697527332625e-06
50527;输入中文不能转成英文啊，空白双击很多时候也不能新建，挺多要优化的吧;1;0;1;159059;6.28697527332625e-06
50541;链接就不能发评论区吗，都复制不到;1;0;1;159059;6.28697527332625e-06
50545;极度要求人操作的不能被称为AI，这和AI的基本定义已经毫无关系了，这两个绘画软件充其量算是渲染能力强，在操作端和传统软件相比还更差。;1;0;1;159059;6.28697527332625e-06
50563;指令前面的会自动变成长横扛;1;0;1;159059;6.28697527332625e-06
50591;yuuuuu我又满血复活了呼呼;1;0;1;159059;6.28697527332625e-06
50609;好棒呀;1;0;1;159059;6.28697527332625e-06
50611;太棒了茶茶;1;0;1;159059;6.28697527332625e-06
50625;这个会记录别人的tag吗我的prompt都是挂在base上卖的哦会被窃取吗;14;7;21;159059;0.00013202648073985126
50640;真搞不懂这个OPS的意义何在？就是需要提示词啊，有提示词了还需要你这个OPS干啥？真是太荒谬了输入中文根本不显示提示词，需要把现成的提示词粘贴进去，然后再编辑;5;0;5;159059;3.143487636663125e-05
50653;数据库可以自己建？;1;0;1;159059;6.28697527332625e-06
50668;日语可以吗？;1;0;1;159059;6.28697527332625e-06
50670;作为闽南人和曾经做过声音克隆，看到这个新闻挺兴奋的;68;461;529;159059;0.0033258099195895862
50739;间谍，可以窃听闽南语了;75;269;344;159059;0.00216271949402423
50815;百度努努力应该也可以做出来;29;17;46;159059;0.0002892008625730075
50845;有没有潮汕话;28;16;44;159059;0.000276626912026355
50874;科大讯飞也可以;20;9;29;159059;0.00018232228292646124
50895;他会成功的。毕竟是真花钱了;4;54;58;159059;0.0003646445658529225
50900;中国六千种方言，辛苦你了;12;9;21;159059;0.00013202648073985126
50913;未来是扎克伯格的;8;19;27;159059;0.00016974833237980876
50922;温州话试试;2;12;14;159059;8.80176538265675e-05
50925;学习外语的意义在哪里;6;0;6;159059;3.77218516399575e-05
50932;感觉这个是台湾的闽南语，福建每个地区的闽南语都不一样;1;1;2;159059;1.25739505466525e-05
50936;有没有可能请的真人说的，并非系统翻译;1;0;1;159059;6.28697527332625e-06
50938;可怕军事用途;1;0;1;159059;6.28697527332625e-06
50940;赛琳老母水煮泡面芝士战狼广陵不知寒kkkkkkkk林北ljm腻腻关工名HiGeorge;1;1;2;159059;1.25739505466525e-05
50943;泡泡茶壶子朗佐鲍尔这个视频让我知道了闽南语的英文;1;0;1;159059;6.28697527332625e-06
50977;这个应该是台湾腔闽南话;3;0;3;159059;1.886092581997875e-05
50981;靠，这个真的牛逼啦，以后大家都不用学外语了;1;1;2;159059;1.25739505466525e-05
51000;中国的互联网巨头们，你们也发点新进展成果哇你们到底在干嘛;10;4;14;159059;8.80176538265675e-05
51011;这不是闲的，这还用开发;7;0;7;159059;4.400882691328375e-05
51019;他妈的，为什么外国人总能做出跨时代的东西;3;1;4;159059;2.5147901093305e-05
51023;反内外间谍第一步就是学好方言，越土越地道越得学，关键时刻再好的翻译目前我觉得还是很难解决口音问题的;4;0;4;159059;2.5147901093305e-05
51032;12;1;0;1;159059;6.28697527332625e-06
51037;少数民族，元宇宙翻译，有手机音频，视频其实意思电脑都知道，真翻译出来好像也是一个版本改在建;1;0;1;159059;6.28697527332625e-06
51039;被美国发明出来没什么觉得骄傲的;1;0;1;159059;6.28697527332625e-06
51041;939499我说咋听着像汉语，原来是闽南话;1;0;1;159059;6.28697527332625e-06
51043;亦久亦旧该不会闽南话在抖音不能为所欲为了吗;1;0;1;159059;6.28697527332625e-06
51045;rdhivls呜呜呜我以后还怎么骂人啊;1;0;1;159059;6.28697527332625e-06
51069;华为系统已经自带了;2;1;3;159059;1.886092581997875e-05
51090;确实很好用家里有小朋友的值得推荐;10;3;13;159059;8.173067855324126e-05
51101;一年级也一步到位P20pusl;3;0;3;159059;1.886092581997875e-05
51106;它的内存是多大的呀？;1;1;2;159059;1.25739505466525e-05
51169;这个东西一定很贵吧？;1;0;1;159059;6.28697527332625e-06
51248;鸡哥瘦了吗宝贝不错;1;0;1;159059;6.28697527332625e-06
51287;92年后的我们都没有她说的顺口;36;1579;1615;159059;0.010153465066421894
51324;中文像老外讲的，英文讲的好6;5;121;126;159059;0.0007921588844391075
51331;英文听不懂，但她开场普通话味儿不太对哦;6;61;67;159059;0.00042122734331285876
51339;不自信的感觉呢，眼神和嘴巴;2;24;26;159059;0.0001634613571064825
51342;如果不是沉重的头饰，应该很有气质;1;23;24;159059;0.00015088740655983
51344;这段视频，是她多大时候拍的;2;13;15;159059;9.430462909989374e-05
51348;她是混血，妈妈是外国人;1;6;7;159059;4.400882691328375e-05
51351;赵丽蓉老师口音;2;2;4;159059;2.5147901093305e-05
51354;头饰真好看;1;2;3;159059;1.886092581997875e-05
51356;语法还挺高级;1;2;3;159059;1.886092581997875e-05
51358;中国味这不就上来了但是真的好厉害大美女风堇怎么不算呢;3;0;3;159059;1.886092581997875e-05
51363;公主的英语跟伊丽莎白二世女王的口音很像;1;1;2;159059;1.25739505466525e-05
51367;年枫爻好厉害;2;0;2;159059;1.25739505466525e-05
51370;江海很牛;1;0;1;159059;6.28697527332625e-06
51372;Q哇塞;1;0;1;159059;6.28697527332625e-06
51383;Lowie蜥蜴葛割妈呀;1;2;3;159059;1.886092581997875e-05
51386;毕竟她是个混血;1;1;2;159059;1.25739505466525e-05
51392;那个时候就说普通话了吗？;1;1;2;159059;1.25739505466525e-05
51396;我还没吃呢救命;1;0;1;159059;6.28697527332625e-06
51398;呼噜噜ooO;1;0;1;159059;6.28697527332625e-06
51401;固化剂我天牛逼的;1;0;1;159059;6.28697527332625e-06
51403;这雨太妡了查理苏的狗英语比我好;1;1;2;159059;1.25739505466525e-05
51405;只会睡觉;1;0;1;159059;6.28697527332625e-06
51407;与齐书有点永华口音;2;0;2;159059;1.25739505466525e-05
51410;睡觉时不困牛啊;1;0;1;159059;6.28697527332625e-06
51412;小歪3太牛了;1;0;1;159059;6.28697527332625e-06
51417;琳子这英语呜呜呜;1;0;1;159059;6.28697527332625e-06
51419;大猩猩;2;0;2;159059;1.25739505466525e-05
51422;小新没蜡笔您诸位好呀;1;1;2;159059;1.25739505466525e-05
51425;垃圾桶里的心地善梁女士点点侠卯咪我是废物;2;1;3;159059;1.886092581997875e-05
51432;岳元要不是有字幕，我一句也听不懂;2;0;2;159059;1.25739505466525e-05
51438;46李白姓唐悲伤的大鹅;1;1;2;159059;1.25739505466525e-05
51441;那会就叫中国了？;1;0;1;159059;6.28697527332625e-06
51444;你看我干啥？太牛了;1;1;2;159059;1.25739505466525e-05
51446;犁雨你都没她说的好;4;0;4;159059;2.5147901093305e-05
51451;我晕我说的都不如她漫漫漫NayokiieL77傅柠;1;0;1;159059;6.28697527332625e-06
51454;橘色天际线;1;0;1;159059;6.28697527332625e-06
51461;十月半u1s1比我讲得好多了;1;0;1;159059;6.28697527332625e-06
51465;蟑螂恶霸;1;1;2;159059;1.25739505466525e-05
51469;甜哥甜甜的糖糖噢你有她说的好吗;1;0;1;159059;6.28697527332625e-06
51478;郝名字耳熟吗咱看过这个话剧哈哈;3;2;5;159059;3.143487636663125e-05
51484;7;1;0;1;159059;6.28697527332625e-06
51486;蘭;1;0;1;159059;6.28697527332625e-06
51492;街头训练;1;0;1;159059;6.28697527332625e-06
51495;一只咸鱼;2;1;3;159059;1.886092581997875e-05
51500;taotazhw水丸易家人美女;2;1;3;159059;1.886092581997875e-05
51505;陈景深62L小啦是心软的神;2;1;3;159059;1.886092581997875e-05
51509;玉闷;1;0;1;159059;6.28697527332625e-06
51511;Bynie;2;0;2;159059;1.25739505466525e-05
51516;娜;1;0;1;159059;6.28697527332625e-06
51521;jin的jin斗龙战士;2;0;2;159059;1.25739505466525e-05
51526;亚热带野人小白（恭喜发财版）;1;0;1;159059;6.28697527332625e-06
51529;哇小雨润如酥c;2;0;2;159059;1.25739505466525e-05
51532;闹闹呆呆;1;0;1;159059;6.28697527332625e-06
51538;我自繁华;1;0;1;159059;6.28697527332625e-06
51545;最爱小华荣荣不吃香菜憩憩;1;0;1;159059;6.28697527332625e-06
51547;亲;1;0;1;159059;6.28697527332625e-06
51555;XXXX玺子G;1;0;1;159059;6.28697527332625e-06
51562;讨厌英语;1;0;1;159059;6.28697527332625e-06
51567;赴玄;3;0;3;159059;1.886092581997875e-05
51571;baby晨脑袋进了咸鱼（想家版）劉亦菲（你好再见版Chihiro我tm创死你;2;0;2;159059;1.25739505466525e-05
51574;不无;1;0;1;159059;6.28697527332625e-06
51580;踌躇满志;1;1;2;159059;1.25739505466525e-05
51585;贴贴榴莲吃老鼠;3;0;3;159059;1.886092581997875e-05
51589;Kxx;1;1;2;159059;1.25739505466525e-05
51592;傲宇我去;1;0;1;159059;6.28697527332625e-06
51594;爱过;1;0;1;159059;6.28697527332625e-06
51597;氧牛逼;1;0;1;159059;6.28697527332625e-06
51599;这个头饰电视剧里没见过呢;1;0;1;159059;6.28697527332625e-06
51601;一切恍如昨天别爱忑我;1;0;1;159059;6.28697527332625e-06
51603;昀真没人家说的好;1;0;1;159059;6.28697527332625e-06
51605;0;1;0;1;159059;6.28697527332625e-06
51611;小爱，你真的凉了;4;7;11;159059;6.915672800658876e-05
51616;MIX4，就是好看，可惜太滑，掉了一次我到现在还没捡起来;3;1;4;159059;2.5147901093305e-05
51620;我的红米手机怎么没有这个功能;1;1;2;159059;1.25739505466525e-05
51634;保存的记录根本就没有，还提示我保存，就总共3按钮，既然不能保存记录，提示什么？;1;0;1;159059;6.28697527332625e-06
51639;我橱窗已上架Python编程课程，100多个视频，就一块钱，低得不能再低了，新手也能学的;22;340;362;159059;0.0022758850489441023
51662;这不就是把程序员去cv的时间用ai代替吗他也不可能写一个没出现过的程序吧;62;2094;2156;159059;0.013554718689291395
51725;这个玩意，真的，他会理解你的想法，会联系上下文，会预判，第一次用给我吓到了;95;801;896;159059;0.00563312984490032
51821;对于程序猿来说是鸡肋对于不会的说就是封神;12;268;280;159059;0.00176035307653135
51834;付费已卸载;21;174;195;159059;0.0012259601782986188
51856;要钱了十美金一个月;18;76;94;159059;0.0005909756756926675
51875;我注释写成黑入银行给我账号转账一个亿。能否自动实现呢？;11;99;110;159059;0.0006915672800658875
51887;程序员卷完其他行业，把自己也卷了，hr裁员最后把自己也裁了，。;4;70;74;159059;0.0004652361702261425
51892;太智能了可能有后台你写的代码，到时候就变成其他人的了;3;69;72;159059;0.00045266221967949
51896;大学生的福利;2;67;69;159059;0.00043380129385951126
51899;这个插件的话，如果对不会写代码的人来说，那就封神的，如果对会写代码的人来说，那就是很鸡肋的了，我一个行，我什么也不懂，然后你们再回复我的时候喷轻一点。;5;30;35;159059;0.00022004413456641874
51905;我们写代码都是复制，粘贴，改改，改改，改改，上线，改改，改改，改改，改改，离职，去下一家复制，粘贴，改改;4;24;28;159059;0.000176035307653135
51910;代码防学会软件，或者代码遗忘app;3;30;33;159059;0.00020747018401976624
51914;能用在单片机上吗;7;10;17;159059;0.00010687857964654625
51922;可以写lua吗;4;7;11;159059;6.915672800658876e-05
51927;yang请问黛安娜在家吗起飞？;1;0;1;159059;6.28697527332625e-06
51929;行行秋以后要失业了;1;0;1;159059;6.28697527332625e-06
51939;WinJustsbsh良我草我草我草;3;1;4;159059;2.5147901093305e-05
51943;Miseor;1;0;1;159059;6.28697527332625e-06
51947;巴啦啦巴啦啦我之前怎么没刷到这个视频不然写作业可以用了;1;1;2;159059;1.25739505466525e-05
51955;冬陌知道得太晚了;1;0;1;159059;6.28697527332625e-06
51959;我橱窗已上架Python编程课程，100多个视频，就一块钱，低得不能再低了，新手也能学的;22;340;362;159059;0.0022758850489441023
51982;这不就是把程序员去cv的时间用ai代替吗他也不可能写一个没出现过的程序吧;62;2094;2156;159059;0.013554718689291395
52045;这个玩意，真的，他会理解你的想法，会联系上下文，会预判，第一次用给我吓到了;95;801;896;159059;0.00563312984490032
52141;对于程序猿来说是鸡肋对于不会的说就是封神;12;268;280;159059;0.00176035307653135
52154;付费已卸载;21;174;195;159059;0.0012259601782986188
52176;要钱了十美金一个月;18;76;94;159059;0.0005909756756926675
52195;我注释写成黑入银行给我账号转账一个亿。能否自动实现呢？;11;99;110;159059;0.0006915672800658875
52207;程序员卷完其他行业，把自己也卷了，hr裁员最后把自己也裁了，。;4;70;74;159059;0.0004652361702261425
52212;太智能了可能有后台你写的代码，到时候就变成其他人的了;3;69;72;159059;0.00045266221967949
52216;大学生的福利;2;67;69;159059;0.00043380129385951126
52219;这个插件的话，如果对不会写代码的人来说，那就封神的，如果对会写代码的人来说，那就是很鸡肋的了，我一个行，我什么也不懂，然后你们再回复我的时候喷轻一点。;5;30;35;159059;0.00022004413456641874
52225;我们写代码都是复制，粘贴，改改，改改，改改，上线，改改，改改，改改，改改，离职，去下一家复制，粘贴，改改;4;24;28;159059;0.000176035307653135
52230;能用在单片机上吗;7;10;17;159059;0.00010687857964654625
52238;代码防学会软件，或者代码遗忘app;3;30;33;159059;0.00020747018401976624
52242;可以写lua吗;4;7;11;159059;6.915672800658876e-05
52247;yang请问黛安娜在家吗起飞？;1;0;1;159059;6.28697527332625e-06
52249;行行秋以后要失业了;1;0;1;159059;6.28697527332625e-06
52259;WinJustsbsh良我草我草我草;3;1;4;159059;2.5147901093305e-05
52263;Miseor;1;0;1;159059;6.28697527332625e-06
52267;巴啦啦巴啦啦我之前怎么没刷到这个视频不然写作业可以用了;1;1;2;159059;1.25739505466525e-05
52275;冬陌知道得太晚了;1;0;1;159059;6.28697527332625e-06
52280;小冷睡不醒快结束你的宝宝巴士了;1;0;1;159059;6.28697527332625e-06
52282;kyriechwoc？;1;0;1;159059;6.28697527332625e-06
52284;雨季盛黎安攸Hygge好东西;2;1;3;159059;1.886092581997875e-05
52287;Must杰桑真的假的啊;1;0;1;159059;6.28697527332625e-06
52295;临川小髙玛卡伊卡要长高怪兽卄7荼靡（ixu）北岛起雾Dee;1;0;1;159059;6.28697527332625e-06
52297;不言不语内行人怎么说;1;1;2;159059;1.25739505466525e-05
52300;毫不动yaozzz1弧光对影贺朝;2;0;2;159059;1.25739505466525e-05
52303;小刘同学woc你幸福喽;1;0;1;159059;6.28697527332625e-06
52306;你有点可爱不用学了;1;0;1;159059;6.28697527332625e-06
52309;XRui六喜丸子呀呀哇;2;0;2;159059;1.25739505466525e-05
52313;bk;1;1;2;159059;1.25739505466525e-05
52317;SunriseBruce;1;0;1;159059;6.28697527332625e-06
52321;啊嘎嘎嘎嘎;2;1;3;159059;1.886092581997875e-05
52325;：张六六有李说不清是把破吉他;3;0;3;159059;1.886092581997875e-05
52329;Nancyxcode可以么;1;0;1;159059;6.28697527332625e-06
52332;F丶闹市里的神明你们的福利;1;0;1;159059;6.28697527332625e-06
52337;ikong早说啊;1;0;1;159059;6.28697527332625e-06
52339;他只是搬运吧其实程序员大多时候也是搬运;5;0;5;159059;3.143487636663125e-05
52345;玛卡巴卡吧封神还是鸡肋;3;0;3;159059;1.886092581997875e-05
52349;南理爱哦B街;1;0;1;159059;6.28697527332625e-06
52352;睡觉了吗azhenaAAA东厂建材刘姐山来了;2;0;2;159059;1.25739505466525e-05
52355;Hellonini怡宝等我睡醒o我敲;2;0;2;159059;1.25739505466525e-05
52358;一只帆布鞋就是这个你看吧抖音会监控的;1;0;1;159059;6.28697527332625e-06
52363;丹丹很烦快快快;1;0;1;159059;6.28697527332625e-06
52365;soug这玩意突然觉得好适合写作业;1;0;1;159059;6.28697527332625e-06
52368;金刚夺魂美少女面向注释的编程;1;0;1;159059;6.28697527332625e-06
52371;Adenine这;1;0;1;159059;6.28697527332625e-06
52373;浅莳珖我靠;1;0;1;159059;6.28697527332625e-06
52377;NOTHING建议下载;1;0;1;159059;6.28697527332625e-06
52379;疣猪来学;1;0;1;159059;6.28697527332625e-06
52382;十七桥Gezelligheid;3;0;3;159059;1.886092581997875e-05
52390;番茄炒蛋加葱花手写代码;2;0;2;159059;1.25739505466525e-05
52393;甜崽小扬（减肥版）在逃浪漫海鹿鹿收藏收藏;3;0;3;159059;1.886092581997875e-05
52397;learn;1;1;2;159059;1.25739505466525e-05
52400;手写代码我隔壁公司有一个有道无霸哥;1;1;2;159059;1.25739505466525e-05
52404;梓伊;1;0;1;159059;6.28697527332625e-06
52406;ibertine仲阳;3;1;4;159059;2.5147901093305e-05
52411;暮已你可以用;1;0;1;159059;6.28697527332625e-06
52413;怎么又要吃饭呜呜呜;1;0;1;159059;6.28697527332625e-06
52416;小清风从不摸鱼开始用这个;1;0;1;159059;6.28697527332625e-06
52421;t;1;0;1;159059;6.28697527332625e-06
52426;戚七七emm;2;0;2;159059;1.25739505466525e-05
52429;前几天打开VScode，github提示要收费了;2;0;2;159059;1.25739505466525e-05
52435;Ash9;1;1;2;159059;1.25739505466525e-05
52437;小隐隐我擦，这个行啊王哥;1;1;2;159059;1.25739505466525e-05
52440;蕾丝苦茶籽知名网友小韩地力知道下载什么了吧;1;0;1;159059;6.28697527332625e-06
52445;肥美的阿拉斯加煮314碗饭叫什么不吃饭我靠，快给我这个东西;2;1;3;159059;1.886092581997875e-05
52448;上山挖笋拧开瓶盖儿？？;1;0;1;159059;6.28697527332625e-06
52451;所以是ctrlcv简单还是打字简单;1;0;1;159059;6.28697527332625e-06
52455;我天慕斯jemiyoo;2;0;2;159059;1.25739505466525e-05
52459;BYA女孩的男孩敶轐酇;1;0;1;159059;6.28697527332625e-06
52461;言欢再心动一次clever好家伙，在期末考试的时候认识他就好了;1;2;3;159059;1.886092581997875e-05
52464;左然单推人Ljiajia要瘦瘦我怎么才看见;1;0;1;159059;6.28697527332625e-06
52466;惨了我前任要事业了;2;0;2;159059;1.25739505466525e-05
52470;无问西东完了这下真的没工作了;1;0;1;159059;6.28697527332625e-06
52476;白火火你看看;1;0;1;159059;6.28697527332625e-06
52482;莽莽里放嘎嘎ijDrittesReich元气朝朝桂花解放;2;2;4;159059;2.5147901093305e-05
52486;哟，卡bug呢在这？有点恐怖了奥小友的可爱夏沫夜微涼惜彤彤不在;1;1;2;159059;1.25739505466525e-05
52488;养只小猫好神奇;1;0;1;159059;6.28697527332625e-06
52491;qiuqiuxiaoxiao子子作业有解决方法了;3;0;3;159059;1.886092581997875e-05
52495;是夏萤啦Poplar好爽;2;0;2;159059;1.25739505466525e-05
52499;我不会还没有毕业就失业了吧杨闹闹幽灵船长的爸爸;1;1;2;159059;1.25739505466525e-05
52501;落日;1;0;1;159059;6.28697527332625e-06
52503;纵拥千千晚星;1;0;1;159059;6.28697527332625e-06
52506;可是这玩意要钱;1;0;1;159059;6.28697527332625e-06
52508;瞌睡小鱼不想理人好羡慕这插件好牛;1;0;1;159059;6.28697527332625e-06
52510;斯人若彩虹真的吗;1;0;1;159059;6.28697527332625e-06
52512;轻云丶丿蔽月折纸为鹤慕戏十儿考研版不早告诉我;3;0;3;159059;1.886092581997875e-05
52519;0;1;0;1;159059;6.28697527332625e-06
52524;高雅的大动;1;0;1;159059;6.28697527332625e-06
52526;Marvelous漪皱巴的芒果我太需要知道这玩意靠不靠谱了;1;0;1;159059;6.28697527332625e-06
52528;Tdall萧亚轩退休弟子快，整，好棒啊;2;0;2;159059;1.25739505466525e-05
52531;彤卧槽还没就业呢就失业了？？;1;0;1;159059;6.28697527332625e-06
52535;汤姆tangmu;1;0;1;159059;6.28697527332625e-06
52541;剑来陈十一我不听嗷我不听春山无尽时;2;0;2;159059;1.25739505466525e-05
52544;PJ的厨房你之前的是这个吗;1;1;2;159059;1.25739505466525e-05
52548;Crush这玩意;1;0;1;159059;6.28697527332625e-06
52551;不用自己去找代码cv了，省时间啊程序员秃头有救了;1;0;1;159059;6.28697527332625e-06
52555;阿coco啊Sweet青青争争救命，还没毕业就快失业了;2;0;2;159059;1.25739505466525e-05
52559;苏式阿十六桔梗小漂亮呀;2;2;4;159059;2.5147901093305e-05
52564;抱紧小熊还用自己写代码？;4;0;4;159059;2.5147901093305e-05
52569;芊芊苏辞我想减肥zZNNN会有回应的对吧祺厘米蔚蓝赵锦鲤吖;1;1;2;159059;1.25739505466525e-05
52573;Relievedhhhhhh没早点知道;2;0;2;159059;1.25739505466525e-05
52576;写一个自动制造光刻机的试试呗;2;0;2;159059;1.25739505466525e-05
52579;有趣的咩咩是姜姜吖南飞白白爱鞋鞋也爱田田用户1643843976633那我走;1;3;4;159059;2.5147901093305e-05
52581;枫蜜呼哧呼哧L爱上完学刷到了;1;0;1;159059;6.28697527332625e-06
52584;小英雄乔治早说有这个，我就轻松多了;1;0;1;159059;6.28697527332625e-06
52589;LP变态这代码的代码是如何写代码的;1;0;1;159059;6.28697527332625e-06
52591;墨夕颜;1;0;1;159059;6.28697527332625e-06
52593;己煎饼狗子卧槽我上学的时候为什么不知道;1;0;1;159059;6.28697527332625e-06
52595;小魔仙全身变？;1;0;1;159059;6.28697527332625e-06
52597;哦豁;1;0;1;159059;6.28697527332625e-06
52600;山风伊吹你试试;2;0;2;159059;1.25739505466525e-05
52604;汤姆and杰瑞一丿，;1;0;1;159059;6.28697527332625e-06
52606;楠木渡河中卷心菜也是菜乞丐二号爱意四季常青满级神眷228;5;3;8;159059;5.029580218661e-05
52612;我忍不住了，开冲;1;0;1;159059;6.28697527332625e-06
52617;可爱屁;1;0;1;159059;6.28697527332625e-06
52619;穿3只aj的猪小羊爱喝水丨无妨准备转专业了，G了;1;2;3;159059;1.886092581997875e-05
52622;臭宝的暴龙战士;1;0;1;159059;6.28697527332625e-06
52624;用户6873925495168为CV大法节省了很多时间;1;1;2;159059;1.25739505466525e-05
52630;今晚风也温柔未星星拌饭咿呀咿呀哟;4;0;4;159059;2.5147901093305e-05
52636;嗷嗷可爱一月三十号怎么回事儿现在才刷到;2;1;3;159059;1.886092581997875e-05
52639;昂昂的魔法袋刘小刘暮念怎么不需要呢;1;0;1;159059;6.28697527332625e-06
52641;西瓜夏天顾盼一生Christmastree;1;2;3;159059;1.886092581997875e-05
52644;大概原理就是根据注释给你去GitHub上搜一段，粘过来;10;361;371;159059;0.002332467826404039
52655;首先我要知道我自己要写啥才能让他写吧，我自己都不知道要写啥他怎么写？就比如女朋友的随便他能写的准吗;1;7;8;159059;5.029580218661e-05
52657;外套帝俊缔结;1;0;1;159059;6.28697527332625e-06
52667;爱搭不李女士hard琦琦。sky敏OTTO;2;0;2;159059;1.25739505466525e-05
52678;超普通的阿政;1;0;1;159059;6.28697527332625e-06
52680;C莓果汁我是锁昊想吃范染小乖哒哒哒;1;0;1;159059;6.28697527332625e-06
52683;小徐;1;0;1;159059;6.28697527332625e-06
52686;PinkEkdnxnkznsxjvfgiaczf;2;0;2;159059;1.25739505466525e-05
52692;回回林林;1;0;1;159059;6.28697527332625e-06
52696;Only乇wqqiwt;3;0;3;159059;1.886092581997875e-05
52705;木子啊熄灭月亮拥抱你孤独的北半球会喜欢砂糖吗Huiiiiii;1;0;1;159059;6.28697527332625e-06
52707;仲秋壹拾肆Luhyperrealpeng奶酪;1;1;2;159059;1.25739505466525e-05
52713;3号不会打球;1;0;1;159059;6.28697527332625e-06
52715;meet悠;1;0;1;159059;6.28697527332625e-06
52718;要开心李真漂亮;1;0;1;159059;6.28697527332625e-06
52722;所以我是planC吗MaShiroguouniqueexploreAnnieeZKER;4;0;4;159059;2.5147901093305e-05
52730;蓝熙;1;0;1;159059;6.28697527332625e-06
52732;晓;1;0;1;159059;6.28697527332625e-06
52734;汤米尼克;1;0;1;159059;6.28697527332625e-06
52737;美少女组合sgirl;1;0;1;159059;6.28697527332625e-06
52739;爱吃生菜的啦啦;1;0;1;159059;6.28697527332625e-06
52741;孜然;1;0;1;159059;6.28697527332625e-06
52743;fly;1;0;1;159059;6.28697527332625e-06
52746;听够珍惜;1;0;1;159059;6.28697527332625e-06
52750;XuZ;1;0;1;159059;6.28697527332625e-06
52754;西塘有小雨;3;0;3;159059;1.886092581997875e-05
52762;南瓜瓜瓜小吃久睡成迷好东西;1;1;2;159059;1.25739505466525e-05
52766;无耐;1;1;2;159059;1.25739505466525e-05
52769;完颜彩虹兔;2;0;2;159059;1.25739505466525e-05
52774;李小涛当我遇见你;1;0;1;159059;6.28697527332625e-06
52777;zmm;1;0;1;159059;6.28697527332625e-06
52781;七颗小樱桃;1;0;1;159059;6.28697527332625e-06
52783;best;2;0;2;159059;1.25739505466525e-05
52786;用户4028004504590;1;0;1;159059;6.28697527332625e-06
52789;惊鸿啦啦啦;1;0;1;159059;6.28697527332625e-06
52793;贾先生X;1;0;1;159059;6.28697527332625e-06
52796;彼棏瀋;1;0;1;159059;6.28697527332625e-06
52802;呕吐慢;2;1;3;159059;1.886092581997875e-05
52807;小冯小冯;1;0;1;159059;6.28697527332625e-06
52810;用户1;4;0;4;159059;2.5147901093305e-05
52824;你的杰杰;1;0;1;159059;6.28697527332625e-06
52827;瀚海同行;1;0;1;159059;6.28697527332625e-06
52830;Fools;2;0;2;159059;1.25739505466525e-05
52836;Slackingoff;3;0;3;159059;1.886092581997875e-05
52844;2775B6;1;0;1;159059;6.28697527332625e-06
52846;，？;1;0;1;159059;6.28697527332625e-06
52850;JosephCai;1;0;1;159059;6.28697527332625e-06
52853;林同学嗨吃西安;1;0;1;159059;6.28697527332625e-06
52858;欧糯叽叽立姐姐;1;0;1;159059;6.28697527332625e-06
52860;无敌侯启航;1;0;1;159059;6.28697527332625e-06
52862;说实话这都不咋地，我自己开发了个人工智能，你们来看看;8;69;77;159059;0.00048409709604612126
52871;盲人是怎么使用智能手机接受自愿者帮助的;8;8;16;159059;0.00010059160437322
52881;第一个真的太棒了;1;23;24;159059;0.00015088740655983
52883;第二个第三个就是我想要的啊，给自己找个外教，随时随地的互动学习，以后都不用去学校了，直接私教了;2;12;14;159059;8.80176538265675e-05
52886;Appstore找不到可汗学院;3;0;3;159059;1.886092581997875e-05
52904;国内能用吗;1;1;2;159059;1.25739505466525e-05
52906;文心一言的发布会，惨就一个字，我发了和GPT的技术参数对比ChatGPT和chatPPT;1;1;2;159059;1.25739505466525e-05
52909;弄个佛祖APP;1;0;1;159059;6.28697527332625e-06
52943;华为互联真的无敌。今年换手机;3;630;633;159059;0.003979655348015516
52947;我配不上我的华为手机和电脑;10;409;419;159059;0.002634242639523699
52958;这里为什么没有喷子？又涉及到知识盲区了吧。;18;329;347;159059;0.0021815804198442087
52977;难怪it员喜欢华为，我配不上我的手机，我买来只会用来刷视频和游戏;6;166;172;159059;0.001081359747012115
52984;这不比何同学牛逼;15;120;135;159059;0.0008487416618990438
53001;电脑是台式吗，蓝牙还是无线连接？;11;20;31;159059;0.00019489623347311374
53013;太麻烦只要买华为电脑配合华为手机，你的想法会自动实现华为早就给你想好了;4;66;70;159059;0.0004400882691328375
53018;没有华为电脑，不好耍;3;7;10;159059;6.28697527332625e-05
53025;看完了。我还是一脸懵;1;7;8;159059;5.029580218661e-05
53027;我还以为是万物互联结果是编码还看完了;9;13;22;159059;0.0001383134560131775
53059;我一定可以撑到下一代麒麟芯片的。;7;8;15;159059;9.430462909989374e-05
53069;可是电脑上就能直接翻译呀;1;0;1;159059;6.28697527332625e-06
53076;电脑上翻译完再把结果传给手机会不会性能好一点呢？;1;0;1;159059;6.28697527332625e-06
53093;电脑没有自带翻译吗？;2;0;2;159059;1.25739505466525e-05
53097;在我的想象当中，戴一副眼镜所有看不懂的都会自动翻译，复制眨一下眼，删除眨两下眼，打印眨三下眼。;2;0;2;159059;1.25739505466525e-05
53114;小白怎么直接用？;2;0;2;159059;1.25739505466525e-05
53124;力手蓝;3;0;3;159059;1.886092581997875e-05
53131;《支持你妈》;3;0;3;159059;1.886092581997875e-05
53162;我试过了，不行;4;1;5;159059;3.143487636663125e-05
53168;文字在图片上能翻译吗;1;0;1;159059;6.28697527332625e-06
53173;做服装的，详情页翻译就算了，试了，翻译的乱七八糟的;1;1;2;159059;1.25739505466525e-05
53177;我主要是分不清脸;3;3;6;159059;3.77218516399575e-05
53181;为什么p40没有这个功能;1;2;3;159059;1.886092581997875e-05
53183;闽南语每个字都有对应汉字的，只是没有推广;9;15;24;159059;0.00015088740655983
53193;泉州晋江南安安溪永春惠安，厦门，漳州一个地区一种调;7;10;17;159059;0.00010687857964654625
53201;完蛋了。以后机密暗号被破解了;1;6;7;159059;4.400882691328375e-05
53203;这个软件很早下载了，就是功能在哪里;1;1;2;159059;1.25739505466525e-05
53226;和我;1;0;1;159059;6.28697527332625e-06
53232;逗定是台湾话，闽南语是当节。。;8;0;8;159059;5.029580218661e-05
53241;好不好用，从泉州头走到泉州尾用一遍就知道了，各种口音腔调要让系统奔溃;2;1;3;159059;1.886092581997875e-05
53244;能行吗？哪里口音为准闽南语上百个口语，;1;1;2;159059;1.25739505466525e-05
53248;我北方人是能分清eneng的昨天跟我的车说导航去“西陈”它就非要识别成“西城”闽南语那么多腔口确定都能分辨嘛;1;0;1;159059;6.28697527332625e-06
53264;居然是五笔;29;271;300;159059;0.001886092581997875
53294;折腾了半天对面也是个中国人;1;89;90;159059;0.0005658277745993625
53296;国际站三万多;22;71;93;159059;0.0005846887004193412
53319;我想知道这个是什么输入法;17;41;58;159059;0.0003646445658529225
53338;直接说yes不就好了;1;16;17;159059;0.00010687857964654625
53340;不懂英语就算了，拼音也不懂;4;6;10;159059;6.28697527332625e-05
53346;小规模怎么做？;3;3;6;159059;3.77218516399575e-05
53350;讯飞输入法也有这个翻译功能;1;3;4;159059;2.5147901093305e-05
53353;肯定小时候学习不好，现在笔画来凑;2;3;5;159059;3.143487636663125e-05
53359;急急如律令怎么翻译;2;2;4;159059;2.5147901093305e-05
53364;一句yes搞定的事被你弄得那么复杂;1;2;3;159059;1.886092581997875e-05
53369;机翻有用的话翻译官早就事业了;1;0;1;159059;6.28697527332625e-06
53373;跨境电商平台那么多，现在全封口么？选择什么平台成功概率大点;2;0;2;159059;1.25739505466525e-05
53386;不行就花点时间学学英语吧，不难的;1;1;2;159059;1.25739505466525e-05
53388;广东很多人用五笔的;2;1;3;159059;1.886092581997875e-05
53397;InadditiontoAliIntelligenceSogouMobileKeyboardcandothattoo;1;0;1;159059;6.28697527332625e-06
53404;HellofriendsIloveyou;1;0;1;159059;6.28697527332625e-06
53411;键盘我只用讯飞;1;1;2;159059;1.25739505466525e-05
53416;同款输入法;2;1;3;159059;1.886092581997875e-05
53419;我注意的是对面看得懂这种翻译吗？;1;1;2;159059;1.25739505466525e-05
53424;我老家聊城的，不知道国外需要什么样的商品;2;1;3;159059;1.886092581997875e-05
53429;王旁青头兼五一;1;0;1;159059;6.28697527332625e-06
53432;啥软件;1;0;1;159059;6.28697527332625e-06
53435;我也打笔画，但是感觉作者打笔画太慢了，可以用一下分词那个功能，就不用一个字一个字打;1;0;1;159059;6.28697527332625e-06
53440;王旁青头兼五一，脑子：你不会，瞧瞧你的笨脑子;1;0;1;159059;6.28697527332625e-06
53443;你如何用五笔的五字节键;1;0;1;159059;6.28697527332625e-06
53450;讯飞输入法比这个好多了;1;0;1;159059;6.28697527332625e-06
53454;阿里国际站我们这里本科才能去面试，哭了;3;0;3;159059;1.886092581997875e-05
53460;搜狗输入法也有;1;0;1;159059;6.28697527332625e-06
53475;这是啥输入法？;2;0;2;159059;1.25739505466525e-05
53486;小行爱睡觉这是啥软件;2;1;3;159059;1.886092581997875e-05
53490;打字速度太慢了;3;0;3;159059;1.886092581997875e-05
53495;跟你混了;1;0;1;159059;6.28697527332625e-06
53500;我哥他们花了7w入驻了三个月到现在一单没卖出去;2;0;2;159059;1.25739505466525e-05
53505;这个是什么软件啊;1;0;1;159059;6.28697527332625e-06
53509;这个是什么输入法为啥我没有这种功能;1;1;2;159059;1.25739505466525e-05
53513;Hello;1;0;1;159059;6.28697527332625e-06
53515;威笑无人直播卡广场你们聊天有这种吗;1;0;1;159059;6.28697527332625e-06
53517;笔画输入，不谢;1;0;1;159059;6.28697527332625e-06
53522;最近就抓聊天里有其他通讯软件的，抓着了就扣分;3;0;3;159059;1.886092581997875e-05
53527;就说不用学英语;1;0;1;159059;6.28697527332625e-06
53530;YeswecanspeakChinese;2;0;2;159059;1.25739505466525e-05
53534;但是翻译总有表达不清意思的时候;2;0;2;159059;1.25739505466525e-05
53539;看来我得转西班牙语专业了这输入法不让人活了;1;0;1;159059;6.28697527332625e-06
53541;牛逼的是笔画输入法;1;0;1;159059;6.28697527332625e-06
53544;这是那个软件;1;1;2;159059;1.25739505466525e-05
53557;看你这打五笔速度真替你急;2;1;3;159059;1.886092581997875e-05
53564;五笔？说五笔的确定眼睛没近视，这是笔画，要不是我之前也用的很顺，差点被你们骗了;1;1;2;159059;1.25739505466525e-05
53567;老外用微信？;1;0;1;159059;6.28697527332625e-06
53569;用腾讯做阿里的生意，可以;1;1;2;159059;1.25739505466525e-05
53587;这个什么输入法，中国直接翻译;2;0;2;159059;1.25739505466525e-05
53591;这是什么输入法;1;0;1;159059;6.28697527332625e-06
53596;hello;1;0;1;159059;6.28697527332625e-06
53600;这是什么输入法;1;0;1;159059;6.28697527332625e-06
53602;遭了一大波英文客服即将失业;2;0;2;159059;1.25739505466525e-05
53607;可能对方也是五笔;1;2;3;159059;1.886092581997875e-05
53611;日本語;1;0;1;159059;6.28697527332625e-06
53622;这个什么输入法可以打字转英文;3;0;3;159059;1.886092581997875e-05
53626;只有国际站有吗？我天天切换翻译软件都烦死了;4;0;4;159059;2.5147901093305e-05
53633;这是什么软件;1;0;1;159059;6.28697527332625e-06
53647;初一的时候我拿着小灵通一样的手机登09年的QQ，五笔打得飞起，后面用26键用习惯了五笔打的慢死了;4;0;4;159059;2.5147901093305e-05
53652;DontjusttypeVoicemessageswillbemuchbetter;3;0;3;159059;1.886092581997875e-05
53656;第一年投了三十万，过段时间还要投;2;0;2;159059;1.25739505466525e-05
53659;电商专业的你带吗;2;0;2;159059;1.25739505466525e-05
53662;这是什么软件？;1;0;1;159059;6.28697527332625e-06
53664;英语白学了;1;0;1;159059;6.28697527332625e-06
53666;五笔已经快要被人遗忘完了，我身边的小年轻还是同龄人都是使用拼音，从没有见过谁用五笔;1;0;1;159059;6.28697527332625e-06
53668;失传的五笔输入法;1;0;1;159059;6.28697527332625e-06
53670;现在啊里国际站多少钱;1;0;1;159059;6.28697527332625e-06
53672;YesIcan;1;0;1;159059;6.28697527332625e-06
53674;可以这很机翻;1;0;1;159059;6.28697527332625e-06
53676;Ali禁止说QQ微信，再见;1;0;1;159059;6.28697527332625e-06
53720;这是什么软件？推荐一下吧;1;0;1;159059;6.28697527332625e-06
53726;你买广告了吧;1;0;1;159059;6.28697527332625e-06
53730;我有个想法;71;447;518;159059;0.0032566531915829977
53802;我朋友问问能不能翻译日文;16;55;71;159059;0.00044637524440616376
53819;我感觉这个功能不好用，翻译的很不准确;7;72;79;159059;0.0004966710465927738
53827;不太行，日语翻译不太流畅，都得靠我去猜;6;38;44;159059;0.000276626912026355
53834;刚升鸿蒙的时候，我的5G开关还在，现在只能在设置打开，这是怎么回事啊;6;3;9;159059;5.658277745993625e-05
53841;其实谷歌的pixel也可以，就是系统是美版的再加上它的功能也不是很完善;5;5;10;159059;6.28697527332625e-05
53847;戴耳机行不行;3;11;14;159059;8.80176538265675e-05
53851;有日文嘛;6;3;9;159059;5.658277745993625e-05
53858;50直屏什么时候开售;4;1;5;159059;3.143487636663125e-05
53863;直达健康码怎么设置的？;3;2;5;159059;3.143487636663125e-05
53867;叫小艺打开Ai字幕就行了那里还需要到处去按;1;7;8;159059;5.029580218661e-05
53870;这是什么手机啊;3;0;3;159059;1.886092581997875e-05
53874;三星早就有;3;0;3;159059;1.886092581997875e-05
53878;能翻日语就好了;1;2;3;159059;1.886092581997875e-05
53900;日语支持吗？我有个朋友问的;1;0;1;159059;6.28697527332625e-06
53909;荣耀50想要鸿蒙;1;0;1;159059;6.28697527332625e-06
53920;有待提高，翻译不是很准确;1;0;1;159059;6.28697527332625e-06
53933;找了部中文字幕的测试了一下日文不准;1;0;1;159059;6.28697527332625e-06
53942;我能把这个翻译日文是不是;1;0;1;159059;6.28697527332625e-06
53953;以后看场景简单的电影就能理解他们说啥了;1;1;2;159059;1.25739505466525e-05
53964;小米miui早就有了;1;0;1;159059;6.28697527332625e-06
53973;阿闰下个手机华为;2;1;3;159059;1.886092581997875e-05
53981;等苹果有了，就该说致敬华为了;1;0;1;159059;6.28697527332625e-06
53995;鸿蒙的刘海上面的提示怎么消掉，下拉不出现，不消掉强迫症伤不起;2;0;2;159059;1.25739505466525e-05
54006;识别慢，准确率很低;1;0;1;159059;6.28697527332625e-06
54009;奶油笑容啵丝英语课有救了;1;1;2;159059;1.25739505466525e-05
54013;这个AI字幕之后有保存，但是保存去了哪里？;1;0;1;159059;6.28697527332625e-06
54016;我试过翻译日语字幕，一直显示”啊啊啊啊啊啊啊”，不知道是不是哪里出了问题;14;114;128;159059;0.00080473283498576
54037;p40怎么没有？;1;0;1;159059;6.28697527332625e-06
54042;为啥我的平板只能英文;1;0;1;159059;6.28697527332625e-06
54045;翻译日文。能看个大概就行了;6;87;93;159059;0.0005846887004193412
54068;电视剧可以同步翻译吗;1;0;1;159059;6.28697527332625e-06
54070;粤语能翻译吗;1;1;2;159059;1.25739505466525e-05
54078;虎崽;1;0;1;159059;6.28697527332625e-06
54080;南街浊酒;1;0;1;159059;6.28697527332625e-06
54083;绵羊SAMA我有个想法;3;3;6;159059;3.77218516399575e-05
54087;可以翻译一些简单的日语吗;2;1;3;159059;1.886092581997875e-05
54090;翻译好像不太标准;2;1;3;159059;1.886092581997875e-05
54093;日语不是很准;3;0;3;159059;1.886092581997875e-05
54097;评论区都是狠人;1;1;2;159059;1.25739505466525e-05
54199;我就关注能翻译日语不;1;0;1;159059;6.28697527332625e-06
54201;嵩影;1;0;1;159059;6.28697527332625e-06
54227;华为鸿蒙系统这么牛啊。;1;0;1;159059;6.28697527332625e-06
54229;怎么打开小爱智能翻译？;4;2;6;159059;3.77218516399575e-05
54234;日语行吗？，我不喜欢欧美;5;22;27;159059;0.00016974833237980876
54240;我就想知道有日文翻译吗;4;25;29;159059;0.00018232228292646124
54245;我的小米10s现在还不可以;3;3;6;159059;3.77218516399575e-05
54249;K四零游戏版没有吗？;2;4;6;159059;3.77218516399575e-05
54253;啥时候开始公测;1;1;2;159059;1.25739505466525e-05
54272;日文抓紧点雷总;1;1;2;159059;1.25739505466525e-05
54274;我只需要日文;2;3;5;159059;3.143487636663125e-05
54279;众所周知看他视频就是在娱乐;1;0;1;159059;6.28697527332625e-06
54288;目前鸿蒙系统也有，支持的语言也更多;9;106;115;159059;0.0007230021564325188
54298;你我本无缘，全靠美军在波兰;14;574;588;159059;0.003696741460715835
54313;太牛了，可以翻译波兰文吗？;32;245;277;159059;0.0017414921507113712
54346;日语可以吗;8;36;44;159059;0.000276626912026355
54355;为什么我的华为没有这个功能？;16;5;21;159059;0.00013202648073985126
54372;那个我的鸿蒙系统好像没有哎。;6;29;35;159059;0.00022004413456641874
54379;在线观看视频支持么？;3;23;26;159059;0.0001634613571064825
54383;太棒了，可以翻译日文吗？;5;15;20;159059;0.000125739505466525
54389;为什么我的华为mate40pro没有呢;7;7;14;159059;8.80176538265675e-05
54397;鸿蒙系统没有吗;9;0;9;159059;5.658277745993625e-05
54407;M哥，请问一下先只考操作证，暂时不申请电台执照，后面在申请可以吗？;2;9;11;159059;6.915672800658876e-05
54410;日文可以翻译吗？我爱学习日本视频。;2;6;8;159059;5.029580218661e-05
54435;p50怎么也没有;1;0;1;159059;6.28697527332625e-06
54445;C鱼鱼牛啊试试看;1;0;1;159059;6.28697527332625e-06
54453;p40也没有;1;0;1;159059;6.28697527332625e-06
54465;华为美特30没有这功能？;1;0;1;159059;6.28697527332625e-06
54473;mate50pro为啥都没有;1;0;1;159059;6.28697527332625e-06
54485;mate40不行啊;1;1;2;159059;1.25739505466525e-05
54487;说没有这个功能的朋友，可以在设置智慧助手智慧语音AI字幕，我的是这样的;1;0;1;159059;6.28697527332625e-06
54503;我有一个邪恶的想法;1;0;1;159059;6.28697527332625e-06
54509;太牛了，可以翻译日文吗;1;0;1;159059;6.28697527332625e-06
54511;鸿蒙30没有;2;0;2;159059;1.25739505466525e-05
54514;P40没有;2;0;2;159059;1.25739505466525e-05
54518;可以翻译日语吗;1;0;1;159059;6.28697527332625e-06
54536;鸿蒙变了没了;1;0;1;159059;6.28697527332625e-06
54568;咸鱼乔嘿嘿Shoto嘿嘿嘿嘿;2;1;3;159059;1.886092581997875e-05
54588;不会做视频别做;4;0;4;159059;2.5147901093305e-05
54593;为什么我的听英文给我打英文出来？我明明想要翻译中文，要是我看得懂英文，还要用它翻译吗？;2;1;3;159059;1.886092581997875e-05
54614;故意不能识别日语;1;0;1;159059;6.28697527332625e-06
54625;转发麒麟提;1;5;6;159059;3.77218516399575e-05
54627;沙发;1;2;3;159059;1.886092581997875e-05
54633;0;1;0;1;159059;6.28697527332625e-06
54637;neo5表示不支持;13;32;45;159059;0.00028291388729968125
54651;IQ7表示不可以;12;7;19;159059;0.00011945253019319875
54664;z3也表示不支持;3;11;14;159059;8.80176538265675e-05
54668;日语支持吗;2;6;8;159059;5.029580218661e-05
54671;外语支持吗;3;1;4;159059;2.5147901093305e-05
54678;vivoX50也不支持;1;2;3;159059;1.886092581997875e-05
54684;x70pro不支持;2;0;2;159059;1.25739505466525e-05
54730;夜崎TimeMachine不支持你的支不支持;1;0;1;159059;6.28697527332625e-06
54739;a除鸿蒙早就有了，你呢;2;0;2;159059;1.25739505466525e-05
54744;vivoX50Pro机型能适配上AI字幕吗？;1;0;1;159059;6.28697527332625e-06
54751;把我的傻小v都叫出来了;1;1;2;159059;1.25739505466525e-05
54770;日语可以吗？有的话，马上换;14;90;104;159059;0.00065384542842593
54785;OPPOK7X没有;6;6;12;159059;7.5443703279915e-05
54792;华为也有;1;19;20;159059;0.000125739505466525
54794;vivo有吗;3;8;11;159059;6.915672800658876e-05
54798;A32没有;2;5;7;159059;4.400882691328375e-05
54801;这个是os12吗？为什么我的11没有;2;2;4;159059;2.5147901093305e-05
54804;欧美可以翻译吗？;1;2;3;159059;1.886092581997875e-05
54806;视频和字幕各玩各的;1;1;2;159059;1.25739505466525e-05
54810;OPPOA93有没有;1;0;1;159059;6.28697527332625e-06
54812;OPPOk9s没有呀;1;0;1;159059;6.28697527332625e-06
54841;子品牌realme是真lj和OPPO一点不搭边;2;0;2;159059;1.25739505466525e-05
54847;realme没有啊好歹一家人不普及一下;1;0;1;159059;6.28697527332625e-06
54855;是不是不想努力了啊;1;14;15;159059;9.430462909989374e-05
54857;创可贴贴的是草莓吧;2;6;8;159059;5.029580218661e-05
54862;下期穿黑丝;1;0;1;159059;6.28697527332625e-06
54864;这加密语音通话怎么搞的;1;0;1;159059;6.28697527332625e-06
54876;就这啊，煮个饺子算做饭，;2;1;3;159059;1.886092581997875e-05
54879;一环？北京一环？不是我说你，你就不能找个正经的工作吗？年纪轻轻就该靠自己的努力去奋斗，懂吗一会把这个富婆的微信推给我，我帮你拒绝她;1;2;3;159059;1.886092581997875e-05
54885;要做核酸检测;1;1;2;159059;1.25739505466525e-05
54887;这个工具叫bark，是网页，不是app哦。;2;10;12;159059;7.5443703279915e-05
54890;吃吧，听出来了;2;60;62;159059;0.0003897924669462275
54893;没听过elevenlab？;1;3;4;159059;2.5147901093305e-05
54898;这个可以本地部署么，不想用在线的，想在自己电脑上使用;1;0;1;159059;6.28697527332625e-06
54900;演示的那个英语配音在哪儿的？;3;0;3;159059;1.886092581997875e-05
54905;这几个月简直百花齐放，各种和仿人机器人的配套工具，感觉仿生机器人马上就来了;1;3;4;159059;2.5147901093305e-05
54908;听着确实很像人，但为啥听着这么刺挠呢？;1;2;3;159059;1.886092581997875e-05
54912;这么厉害;1;0;1;159059;6.28697527332625e-06
54945;有没有那种舌尖上的中国配音？;7;1;8;159059;5.029580218661e-05
54953;B站全是Ai歌手了;1;0;1;159059;6.28697527332625e-06
54963;我有一个下流的想法，能不能行的通;1;0;1;159059;6.28697527332625e-06
54975;泰语有吗;1;3;4;159059;2.5147901093305e-05
54986;所以有苹果吗;8;40;48;159059;0.00030177481311966
54995;没有智慧助手;1;15;16;159059;0.00010059160437322
54997;为什么没有日语翻译，这华为平板是假的么;1;7;8;159059;5.029580218661e-05
54999;vivo手机有没有;1;5;6;159059;3.77218516399575e-05
55001;如果有日文翻译我就买华为了，不过也是因为抢不到货;2;2;4;159059;2.5147901093305e-05
55006;那苹果手机呢？;2;0;2;159059;1.25739505466525e-05
55009;诚了一下，白费功夫;1;1;2;159059;1.25739505466525e-05
55011;不好用。有些视频语言比较快，它就识别不出来，全都是英文。;2;0;2;159059;1.25739505466525e-05
55081;西巴;2;0;2;159059;1.25739505466525e-05
55084;翻译成中文没用;1;0;1;159059;6.28697527332625e-06
55086;什么智慧助手啊，什么手机才有;1;0;1;159059;6.28697527332625e-06
55102;我想知道为什么我没有;2;0;2;159059;1.25739505466525e-05
55110;为什么我的P50没有这个功能？;4;3;7;159059;4.400882691328375e-05
55123;这不出大事了，有些方言对外得保护;14;567;581;159059;0.0036527326338025514
55138;打起仗都没有保密了;17;307;324;159059;0.002036979988557705
55156;妈呀不能用闽南语骂外国人了;11;160;171;159059;0.0010750727717387888
55168;那以后林北岂不是不能随便发言了;16;102;118;159059;0.0007418630822524975
55187;这闽南话和厦门话相差太多了;3;8;11;159059;6.915672800658876e-05
55191;闽南语被重视了。？？;4;4;8;159059;5.029580218661e-05
55211;笨蛋美女（减肥版）牛逼啊哈哈哈;1;0;1;159059;6.28697527332625e-06
55226;MAGICC;1;0;1;159059;6.28697527332625e-06
55238;WW在跑步我在干嘛不蒸馒头争口气Cai扁扁菜菜Cy0招招按时起床鲨鱼会吃鲨ACancrush阿鬼;3;2;5;159059;3.143487636663125e-05
55281;Liangstayhappy斜风学习令我快乐Watson柯学家;1;0;1;159059;6.28697527332625e-06
55283;苹果手机有这个功能吗？;6;1;7;159059;4.400882691328375e-05
55292;怎么下载;2;2;4;159059;2.5147901093305e-05
55296;收费吗;1;0;1;159059;6.28697527332625e-06
55298;支持俄语吗;1;0;1;159059;6.28697527332625e-06
55301;怎么购买？;1;0;1;159059;6.28697527332625e-06
55304;俄语有吗;1;0;1;159059;6.28697527332625e-06
55306;一毛钱一张图;1;0;1;159059;6.28697527332625e-06
55308;mac怎么安装软件？;1;0;1;159059;6.28697527332625e-06
55310;怎么下载;1;0;1;159059;6.28697527332625e-06
55313;有需要，请问怎么购买;1;0;1;159059;6.28697527332625e-06
55318;怎么下载;1;0;1;159059;6.28697527332625e-06
55320;那得看是老八说的还是怪鸽说的;3;66;69;159059;0.00043380129385951126
55328;量变产生质变，等机器完全代替人人的使命就结束了;1;6;7;159059;4.400882691328375e-05
55336;比如说卧槽，卧槽？卧槽卧槽。卧槽;1;1;2;159059;1.25739505466525e-05
55354;视频中说向中文延续了几千年的语言。我们几千年的语言实在一直在变化的。实际上任何一门语言都是延续了几千年，在延续过程中一直在不断的演变。;1;0;1;159059;6.28697527332625e-06
55366;问问他同桌，不能，冤枉别人;157;38000;38157;159059;0.23989211550430972
55524;真的很讨厌老师说怀疑一个孩子的努力被掩盖了;157;44000;44157;159059;0.2776139671442672
55682;可是剧情好尴尬;42;5645;5687;159059;0.03575402837940638
55725;下次剧本做真一点，我看着会舒服一点;21;3122;3143;159059;0.019759963284064402
55747;你们是演员吗;1;0;1;159059;6.28697527332625e-06
55749;剧情吧，家里三个老师怎么可能跟小静老师不认识。怎么怀疑都不可能怀疑在小静头上;35;2139;2174;159059;0.013667884244211267
55785;我小学曾经被老师怀疑考试作弊，其实是班长作弊把纸条不小心扔我这，最后把我杀鸡儆猴，每次考试罚我站在最后一排考，至今二十多岁都还记得当时的屈辱与委屈。就因为我没有班长优秀，作弊的就肯定是我;37;2238;2275;159059;0.014302868746817219
55823;开始剧本了吗，不要啊;10;1588;1598;159059;0.010046586486775347
55834;刚被老师质疑过的我看哭了;18;1011;1029;159059;0.006469297556252711
55853;有没有亿种可能是她同桌抄的她的;5;797;802;159059;0.005042154169207652
55859;是不是他同桌的家长收买了老师;3;819;822;159059;0.005167893674674177
55863;有没有一种可能是同桌抄他的呢？;2;730;732;159059;0.004602065900074815
55866;有没有可能是她同桌作弊;11;544;555;159059;0.003489271276696069
55878;我也被这样怀疑过，老师一直抓着不放;5;488;493;159059;0.003099478809749841
55884;《没有我只是怀疑》;2;418;420;159059;0.002640529614797025
55887;第二天到了学校，会发现老师从此以后不会再关注她的一切，包括进步和退步。;4;309;313;159059;0.0019678232605511163
55913;0;1;0;1;159059;6.28697527332625e-06
55954;有一次幼儿园有同学把彩笔画在老师的饭盒上，老师怀疑是我，我是真的没弄，老师甚至在我耳朵底下和别的老师说，肯定是我，我最爱撒谎了;1;0;1;159059;6.28697527332625e-06
55991;只要努力，一定就会有回报。;1;5;6;159059;3.77218516399575e-05
56012;真的是，我真的太讨厌老是误会孩子自己没有做决定就下定论，这种人是非常可恶的，跟你讲我最讨厌这种人;1;0;1;159059;6.28697527332625e-06
56019;要是答不出来，那就是另一个故事了;2;0;2;159059;1.25739505466525e-05
56095;海棠;1;0;1;159059;6.28697527332625e-06
56101;婧不像某人;2;0;2;159059;1.25739505466525e-05
56119;我初中的时候英语老师布置课堂作业是报纸第二版默写单词部分，那是因为我提前做好了（准确说是做错了，所以把这个做起来了），就在做第3版的内容。她上来什么也不说就给我头上来了一巴掌，直接把我的头打到撞在桌子上，然后愤怒的翻过我的报纸，看到我写了之后，就立马挑我的刺。因为是课下写的我有查字典之类的（不是默写，是写错了把第2版都写起来了）她就问我为什么对，要我把答案背出来，背不出来就是抄的;1;6;7;159059;4.400882691328375e-05
56137;我也会;1;0;1;159059;6.28697527332625e-06
56143;不对呀，你们不就是他的老师吗？;1;0;1;159059;6.28697527332625e-06
56145;这女孩长的真安全;2;7;9;159059;5.658277745993625e-05
56158;下个周末nextweek？谷耽自信且躺平雫暮雪执糖;1;0;1;159059;6.28697527332625e-06
56175;Meteor言心yxhildishness到时候找三个姐夫高考不用愁啦;1;0;1;159059;6.28697527332625e-06
56177;剧本不用看了;1;0;1;159059;6.28697527332625e-06
56179;宇宙无敌香肥牛卷lch;1;0;1;159059;6.28697527332625e-06
56181;以后又多了一个教育世家;1;0;1;159059;6.28697527332625e-06
56204;摸鱼感觉很无语;2;0;2;159059;1.25739505466525e-05
56211;川岛琦这个女孩子有点像hSm;1;0;1;159059;6.28697527332625e-06
56213;刘刘首先，老师不会一来就直接说学生的不好，会先向家长了解情况其次，剧情很尬;1;0;1;159059;6.28697527332625e-06
56217;Ethereal宇辞iii皖语我那次写个作业抄了快对第二天老师把我喊到办公室说我会做不要抄;3;0;3;159059;1.886092581997875e-05
56239;烂尾诗85岁爱看抖音公司打广告了;1;0;1;159059;6.28697527332625e-06
56250;怎么感觉小学学的比我们初中学的还难？;1;1;2;159059;1.25739505466525e-05
56286;22X我靠尴尬死了;1;0;1;159059;6.28697527332625e-06
56320;哎这剧本家里三个老师还有必要买那个么;1;7;8;159059;5.029580218661e-05
56328;这个发音不标准啊;5;9;14;159059;8.80176538265675e-05
56343;只有我注意了丝袜;1;6;7;159059;4.400882691328375e-05
56348;刚刚愉快的;1;0;1;159059;6.28697527332625e-06
56352;家里有三个老师的孩子还能作弊？老师的三观震惊我;1;100;101;159059;0.0006349845026059512
56356;有可能是同桌抄他的呢？;4;36;40;159059;0.00025147901093305
56364;nextweek是下周不是下周末;5;144;149;159059;0.0009367593157256112
56375;我姐也是老师，每年放假回来都给我补习数学，满分120，现在我能考个90大几以前都刚刚好及格;4;20;24;159059;0.00015088740655983
56385;小时候做错一道题也不知道为什么碰巧和答案上的错误答案一模一样老师在我本子上写了一老段话话我也是哭了一下午;1;19;20;159059;0.000125739505466525
56388;花了四天四夜写的作文我的祖国被语文老师说网上抄的，发下来我撕了作文本直接丢垃圾桶。毕竟在她眼里男生写不出那么好的作文;4;44;48;159059;0.00030177481311966
56397;这个剧情说实话有点尬;2;126;128;159059;0.00080473283498576
56404;我不知道这个是不是剧本，但我还想评论下我的感受，有次月考，我有一科单科考了第一，然后老师就喊了第一名做题目，但是我做错了，当着全班的面说我是抄别人的，在课上内涵我，那种感觉真不是滋味;2;15;17;159059;0.00010687857964654625
56415;这三个都是姐姐吗;2;48;50;159059;0.0003143487636663125
56422;我怀疑他同桌是抄他的;1;286;287;159059;0.0018043619034446338
56447;等等，只有我注意到下个周末她把weekend说成week了吗念ed;1;1;2;159059;1.25739505466525e-05
56457;小蔡老师不是教语文的吗？;2;1;3;159059;1.886092581997875e-05
56489;什么都不慧;1;1;2;159059;1.25739505466525e-05
56495;有点羡慕你们，我被冤枉，老师没有跟我说一句对不起;4;1;5;159059;3.143487636663125e-05
56504;13flxy可惜風太小;1;1;2;159059;1.25739505466525e-05
56510;晴书好幸福，我也想要;1;1;2;159059;1.25739505466525e-05
56512;AphrolaSav1nova摩羯小时候考试被老师怀疑作弊一直走在我旁边看我然后又把我的桌子移出去之后还和班主任说我作弊可是我看都没看旁边人的试卷一眼他就怀疑我作弊;2;1;3;159059;1.886092581997875e-05
56516;不喜欢小蔡老师;4;1;5;159059;3.143487636663125e-05
56523;Salfplussamar她是怎么做到戴眼镜哭的;1;1;2;159059;1.25739505466525e-05
56527;我从倒数第二名窜到了第四名，被老师怀疑作弊，我伤心了好几天;1;1;2;159059;1.25739505466525e-05
56546;周末不是weekend吗;1;1;2;159059;1.25739505466525e-05
56550;说不定是她同桌抄他作业呢;4;1;5;159059;3.143487636663125e-05
56564;zzh是美女有病吧;1;1;2;159059;1.25739505466525e-05
56572;老ki八二帅哥梦轩之前小学玉霞讲题讲了个巨难的方法然后巨难的我听不懂我就写了个简单的她非说我抄别人;1;1;2;159059;1.25739505466525e-05
56584;就有一次我很难受，然后呢我妈给我买了一支很新的笔，我就很喜欢他，我把它当作人样看，就带着他逛逛，然后呢之前一个墙上有一个白白的痕迹，很像被笔瓜的，我去那里，带着我的笔。;5;1;6;159059;3.77218516399575e-05
56598;有可能是他同桌抄他的呀;1;1;2;159059;1.25739505466525e-05
56600;屿淮X卖粑粑的抠脚大汉小奶狗不这样;1;1;2;159059;1.25739505466525e-05
56612;她身上的衣服是我的闺蜜装;1;1;2;159059;1.25739505466525e-05
56622;那种老师活着也没意义，浪费资源;1;1;2;159059;1.25739505466525e-05
56624;数学老师呢？;1;1;2;159059;1.25739505466525e-05
56628;我们已经延迟开学了17天了包括国庆;2;1;3;159059;1.886092581997875e-05
56652;我今天也是老师直接给的0分;7;1;8;159059;5.029580218661e-05
56665;天天开心雪喜杨杨aspire阿啾pretent蓝莓;3;1;4;159059;2.5147901093305e-05
56672;你肯定等他回来家你想投诉学校然后你就在家偷偷把教会然后再发个视频读给我们听;1;1;2;159059;1.25739505466525e-05
56678;小蔡老师的腿上有纹身;1;1;2;159059;1.25739505466525e-05
56681;那有没有可能是他的同桌抄他作业呢。;1;1;2;159059;1.25739505466525e-05
56684;川岛甜葵回头看看我好人耶生平安这不是咱初二学的嘛，小学也学了？;1;1;2;159059;1.25739505466525e-05
56691;有可能是她同桌她的;1;1;2;159059;1.25739505466525e-05
56695;为什么有三位老师老师在同一个家昵？;2;1;3;159059;1.886092581997875e-05
56698;妈呀，我当时要是有这个我还能去工地搬砖啊;1;1;2;159059;1.25739505466525e-05
56705;有点剧本。;2;1;3;159059;1.886092581997875e-05
56732;虽然是剧本，但这条视频运用了反衬，讽刺的修辞手法，生动形象地写出了小静努力认真，勤奋好学的特点，并以此反衬了这位老师颠倒黑白，不分青红皂白就污蔑学生的特点，表达了小蔡老师对小静的欣慰与感动，讽刺了当代;1;1;2;159059;1.25739505466525e-05
56739;皮卡丘的弟弟皮一下气死我了就不能进步了？;1;1;2;159059;1.25739505466525e-05
56744;下一周末不是nextweekend吗？;4;1;5;159059;3.143487636663125e-05
56811;读出来的作业也能抄吗？;1;0;1;159059;6.28697527332625e-06
56842;0;1;0;1;159059;6.28697527332625e-06
56850;回忆划不开余地;1;0;1;159059;6.28697527332625e-06
56911;一个孩子被老师怀疑一怀;1;0;1;159059;6.28697527332625e-06
56925;0;1;0;1;159059;6.28697527332625e-06
56964;干燥剂;1;0;1;159059;6.28697527332625e-06
56966;重逢在1125。神里绫人我尘封的记忆啊唤醒了;3;0;3;159059;1.886092581997875e-05
56989;她不是她姐那个班的吗？;1;0;1;159059;6.28697527332625e-06
57043;真的很讨厌老师说怀疑一个孩子的努力被掩盖了;1;0;1;159059;6.28697527332625e-06
57064;？下周末不是nextweekend吗？;2;0;2;159059;1.25739505466525e-05
57076;闲鱼已上线真的，我经常被老师怀疑;1;0;1;159059;6.28697527332625e-06
57106;余温tong一条臭咸鱼这种老师通常隔一天会针对小孩子;1;0;1;159059;6.28697527332625e-06
57137;朱治衡行为恶劣最幸运的小孩;1;0;1;159059;6.28697527332625e-06
57166;等会makeup不是编造吗为什么是化妆;1;0;1;159059;6.28697527332625e-06
57176;手滑大王鸡皮疙瘩起来了;1;0;1;159059;6.28697527332625e-06
57180;令;1;0;1;159059;6.28697527332625e-06
57189;xuan;1;0;1;159059;6.28697527332625e-06
57204;ShYLie那叫借鉴不是作弊;1;0;1;159059;6.28697527332625e-06
57206;suota1呐;1;0;1;159059;6.28697527332625e-06
57256;你好我觉得有点假;1;0;1;159059;6.28697527332625e-06
57285;其是我也被冤枉过;1;0;1;159059;6.28697527332625e-06
57348;发很开心有特效;1;0;1;159059;6.28697527332625e-06
57374;十四集李彦泽的;1;0;1;159059;6.28697527332625e-06
57469;下周末是nextweekend吧;1;0;1;159059;6.28697527332625e-06
57509;忘响（已有）好像降敏;1;0;1;159059;6.28697527332625e-06
57585;易死zdl;1;0;1;159059;6.28697527332625e-06
57604;这哭的也太假了;1;0;1;159059;6.28697527332625e-06
57653;雯子;1;0;1;159059;6.28697527332625e-06
57677;我也是就那次我字写的特别认真，写了半个小时才写完的作业。就因为字写的太好看了，老师就说我作弊不是我写的，反正我再写了一遍，我写出来了，证明给他看了，还是不相信，最后还是罚抄，我抄了五遍词语;1;0;1;159059;6.28697527332625e-06
57814;（没有，我只是怀疑）我竟然笑了美丽动人的勾酥;1;0;1;159059;6.28697527332625e-06
57872;爱吃烤乳猪就是那个错题集的公司科大讯飞;1;0;1;159059;6.28697527332625e-06
58007;zz琪忧伤这种老师真的烦;1;0;1;159059;6.28697527332625e-06
58020;许随计划;1;0;1;159059;6.28697527332625e-06
58024;永夜nextweekend下周末;1;0;1;159059;6.28697527332625e-06
58058;剧本太拉垮;1;0;1;159059;6.28697527332625e-06
58062;咋整剧情了开始，，;1;0;1;159059;6.28697527332625e-06
58100;丰君我读书的时候也被老师冤枉过要是有这么好的老师就好了;2;0;2;159059;1.25739505466525e-05
58124;木安玩尬的是吧;1;0;1;159059;6.28697527332625e-06
58143;0;1;0;1;159059;6.28697527332625e-06
58190;有可能是别人抄他的;1;0;1;159059;6.28697527332625e-06
58211;演的太明显芜湖芜湖;1;0;1;159059;6.28697527332625e-06
58214;哪有三个老师？;1;0;1;159059;6.28697527332625e-06
58243;额，姐姐的颜值和妹妹的差距有点大吧？我都有点怀疑，是不是一个亲妈生的？;2;0;2;159059;1.25739505466525e-05
58304;山居化鹤归温童郁栗AAA土豆服务器专业维修工我是铁粉;1;0;1;159059;6.28697527332625e-06
58333;80画家安夷跟阿红手机一样;1;0;1;159059;6.28697527332625e-06
