label;一级评论;真实二级评论数;真实点赞数;边数;最大边数;集群密度
0;怎么打开魔法工具;1;0;1;1131;0.0008841732979664014
2;microsoft账户怎么申请;5;0;5;1131;0.004420866489832007
8;点了立即聊天又弹出同样画面;1;1;2;1131;0.0017683465959328027
10;没申请过前几天突然就能用了;3;1;4;1131;0.0035366931918656055
15;不用mod修改？;2;0;2;1131;0.0017683465959328027
19;我一步一步做的，但为什么就是不行？;1;0;1;1131;0.0008841732979664014
21;为啥我的是英文的;1;0;1;1131;0.0008841732979664014
23;请问手机怎么操作呢;1;0;1;1131;0.0008841732979664014
26;现在不能用了吗？;1;0;1;1131;0.0008841732979664014
28;手机能用吗？;2;0;2;1131;0.0017683465959328027
31;真的？;2;0;2;1131;0.0017683465959328027
38;回车以后还是老的bing页面，咋回事儿？;6;0;6;1131;0.005305039787798408
45;我申请通过了，但是点击立即聊天就空白页了;3;0;3;1131;0.002652519893899204
49;要不要梯子的的？;1;1;2;1131;0.0017683465959328027
51;已经成功，等了一个礼拜的号秒通过;1;0;1;1131;0.0008841732979664014
55;他提示重定向次数过多，要删除cookie，这个咋办;36;124;160;1131;0.14146772767462423
92;newbing被阉割了，不如直接使用35的;17;24;41;1131;0.036251105216622455
110;bing的chatgpt太笨，太难用，没原生官网的chatgpt好用;9;56;65;1131;0.05747126436781609
120;方法不行了，算了;7;3;10;1131;0.008841732979664015
128;一个24点都玩不明白的chatgpt和newbing;10;4;14;1131;0.01237842617152962
139;加入队列了，一直在等;13;0;13;1131;0.011494252873563218
153;newbing我一直申请出错，换了好多节点都不行，只能用chatgpt;5;13;18;1131;0.015915119363395226
159;不是。你没魔法怎么用newbing;3;10;13;1131;0.011494252873563218
163;你的文案不会是newbing出的吧;2;21;23;1131;0.020335985853227233
166;怎么可以用呀;13;1;14;1131;0.01237842617152962
180;ipad怎么上？;6;0;6;1131;0.005305039787798408
187;候补申请几天通过吧;9;0;9;1131;0.007957559681697613
197;你好，我的newbing傍边侧栏不能输入，是什么原因，如何处理;2;4;6;1131;0.005305039787798408
200;这个没有那么强;4;1;5;1131;0.004420866489832007
205;不是一分钟搞定吗，能搞一晚上的;4;0;4;1131;0.0035366931918656055
210;手机版的;2;0;2;1131;0.0017683465959328027
222;国内能用国际版的bing吗;1;1;2;1131;0.0017683465959328027
226;为啥我打开只能用12个问题;1;0;1;1131;0.0008841732979664014
228;不能用;1;1;2;1131;0.0017683465959328027
231;为啥你们都说要申请啊我就等了微软账号，挂了个美丽国的节点，直接打开就用了啊;1;1;2;1131;0.0017683465959328027
233;bing真没chargpt好用太智能了让他写个东西他说这样不好让我自己写;8;11;19;1131;0.016799292661361626
246;收费的，;4;0;4;1131;0.0035366931918656055
258;通过了怎么用;1;0;1;1131;0.0008841732979664014
260;喜欢爸爸还是妈妈？;1;1;2;1131;0.0017683465959328027
262;有没有能推荐个魔法工具还是进不去;3;0;3;1131;0.002652519893899204
278;我怎么用不了;1;0;1;1131;0.0008841732979664014
286;需要科学上网吗;4;0;4;1131;0.0035366931918656055
294;这个感觉不好用，好卡;1;0;1;1131;0.0008841732979664014
307;老虎噘嘴鱼？;3;0;3;1131;0.002652519893899204
313;ninohahahaZZtcdj44;2;0;2;1131;0.0017683465959328027
318;普通的edge用不了可以试试dev版edge;1;9;10;1131;0.008841732979664015
320;bing的性能感觉太差了，适合一些简单的辅助操作，感觉不如gpt35;2;1;3;1131;0.002652519893899204
323;chatpdf不香嘛;3;0;3;1131;0.002652519893899204
327;先点赞，周一试试，虽然我用的是chatgpt;3;0;3;1131;0.002652519893899204
341;能介绍一下啥梯子吗;1;0;1;1131;0.0008841732979664014
359;根本没这么麻烦。;9;1;10;1131;0.008841732979664015
369;我怎么不行啊;6;4;10;1131;0.008841732979664015
376;插件早就不太行了，直接开魔法clash;1;0;1;1131;0.0008841732979664014
390;用过必应的，GPT40也在用，说句实话，必应差点;1;2;3;1131;0.002652519893899204
392;有啥靠谱的魔法啊;2;0;2;1131;0.0017683465959328027
396;必应登录;1;0;1;1131;0.0008841732979664014
404;现在怎么打开新必应，老是跳转，抖音上的教材都过时了;3;0;3;1131;0.002652519893899204
408;直接租台国外的云服务器就行了，不贵几十一个月，就是宽带差点;18;11;29;1131;0.02564102564102564
427;按照你的方法，结果联系人里没有b，如何解决;4;22;26;1131;0.022988505747126436
432;请问一下，出现提示joinwaitlist蓝色按钮并点击以后没有反应啊，是哪里做的不对吗？;2;0;2;1131;0.0017683465959328027
435;加入候补一般多久能成功;8;1;9;1131;0.007957559681697613
444;已经被查封了，这方法3月23号以后就已经没有用;6;37;43;1131;0.03801945181255526
451;为啥显示抱歉我对此用户不可用，我希望我们以后有机会交谈;3;0;3;1131;0.002652519893899204
455;我明明已经申请通过了，用了一天，第二天入口没了;4;2;6;1131;0.005305039787798408
460;亲测可以，但ta说ta的架构GPT35不是40，难怪感觉不是这么聪明;2;6;8;1131;0.007073386383731211
463;测试过了，有用。;2;5;7;1131;0.00618921308576481
466;这怎么搞，不懂啊;3;2;5;1131;0.004420866489832007
470;只能发15条，然后清扫。。真无语;3;2;5;1131;0.004420866489832007
474;Skype感觉也不行了，变成了干脆利落的唐僧，不像chatgpt;7;0;7;1131;0.00618921308576481
482;为什么我这个感觉怪怪的;4;0;4;1131;0.0035366931918656055
487;弄不了那个插件装上后第一个点不开;2;1;3;1131;0.002652519893899204
490;我一步步的申请必应怎么还是原来的界面;2;1;3;1131;0.002652519893899204
497;显示重定向次数过多怎么办;1;0;1;1131;0.0008841732979664014
513;，之前用uu加速器加速微软商城，现在不行了，昨天玩的太猛了。;1;0;1;1131;0.0008841732979664014
520;我今天弄的，发现没有魔法一样不得劲;1;1;2;1131;0.0017683465959328027
528;现在还能不能用，能用我就去试试;1;0;1;1131;0.0008841732979664014
535;这个是需要之前申请通过的吧？;1;0;1;1131;0.0008841732979664014
549;方法是很不错的。只是NEWBING官方自己接入的都是GPT3。;1;1;2;1131;0.0017683465959328027
551;提示：抱歉，我对次用户不可用;1;1;2;1131;0.0017683465959328027
554;我现在用being侧边有东西出来，但是他没有那种聊天记录的对话框，也就是说我这边网页搜什么，然后那边虽然有对应显示，却无法输入我想查询的东西。;1;0;1;1131;0.0008841732979664014
561;我的skype进不去;1;0;1;1131;0.0008841732979664014
567;可以用，为啥网速这么慢呢？;3;1;4;1131;0.0035366931918656055
572;刚试了一下，可以用;1;3;4;1131;0.0035366931918656055
589;还是提示要加入候补名单;3;0;3;1131;0.002652519893899204
594;我bing都打不开;1;2;3;1131;0.002652519893899204
597;不行了，;1;0;1;1131;0.0008841732979664014
600;能帮忙写论文吗;1;0;1;1131;0.0008841732979664014
602;为什么我添加成功了，联系人里没有必应啊;1;0;1;1131;0.0008841732979664014
605;感觉回答的好捞让他写论文居然不给我写;1;1;2;1131;0.0017683465959328027
609;第三步，讲清楚一点好吗？（在哪里搜索？）;2;0;2;1131;0.0017683465959328027
612;为什么我的插件都安装不了;1;0;1;1131;0.0008841732979664014
614;我已经成功申请过必应候补了，它说我尚未加入;1;0;1;1131;0.0008841732979664014
619;这个gpt用起来傻傻的，感觉就是30;1;0;1;1131;0.0008841732979664014
622;试了没学好，应该是我的问题;1;0;1;1131;0.0008841732979664014
627;不知道手机上能不能用;1;1;2;1131;0.0017683465959328027
630;这个版本好象比较低;1;0;1;1131;0.0008841732979664014
632;不行;1;0;1;1131;0.0008841732979664014
636;显示正在等待bing接受邀请人不理我;1;0;1;1131;0.0008841732979664014
638;这个newbing感觉好笨，没有chatgpt好用;2;0;2;1131;0.0017683465959328027
641;怎么回事;1;0;1;1131;0.0008841732979664014
644;和modheader是不是一样的;1;0;1;1131;0.0008841732979664014
646;对此用户不可用;4;0;4;1131;0.0035366931918656055
651;newbing太差了;1;0;1;1131;0.0008841732979664014
653;过两天微软就收到网信部巨鹅罚单了;2;0;2;1131;0.0017683465959328027
656;消息不可用是怎么回事;3;0;3;1131;0.002652519893899204
666;要魔法吗;1;0;1;1131;0.0008841732979664014
672;还是用魔法方便。。。找个机场99人明币，1000g。。用大半年;5;0;5;1131;0.004420866489832007
678;只会推荐知乎？？？？？;2;0;2;1131;0.0017683465959328027
681;这个智商低很多;2;0;2;1131;0.0017683465959328027
684;这是扯淡的，亲测无效;1;1;2;1131;0.0017683465959328027
686;实测没用;1;1;2;1131;0.0017683465959328027
691;这个bing要自己添加的联系人;1;0;1;1131;0.0008841732979664014
693;手机bingapp咋整有魔法，硬是提示网络问题;1;0;1;1131;0.0008841732979664014
695;skype进不去怎么办;1;0;1;1131;0.0008841732979664014
697;最后搜索skype然后打开哪个链接？;1;0;1;1131;0.0008841732979664014
699;等着封号吧;1;0;1;1131;0.0008841732979664014
701;问题回答的不好，不去chatgpt35的答案;1;0;1;1131;0.0008841732979664014
722;爱出不出，什么破玩意还内测试;1;0;1;1131;0.0008841732979664014
725;为什么我能用新必应，这个ai绘画不能用？显示此区域即将推出映像创建？;7;0;7;1131;0.00618921308576481
734;用魔法要钱舍不得;16;6;22;1131;0.019451812555260833
752;我有魔法都用不了。折腾一晚上，各种插件全试过没有用。;2;1;3;1131;0.002652519893899204
755;我开了魔法也上不了;2;3;5;1131;0.004420866489832007
758;楼主，等待列表怎么过;2;1;3;1131;0.002652519893899204
761;博主你要是能把办公软件的那个订阅解决我给你点关注;1;0;1;1131;0.0008841732979664014
764;看不懂他们的教程;1;0;1;1131;0.0008841732979664014
766;租个国外服务器是不是一个方法;1;0;1;1131;0.0008841732979664014
782;魔法也总跳到cn;1;2;3;1131;0.002652519893899204
784;哎，真不知道到底为啥要屏蔽的那么紧凑。;2;0;2;1131;0.0017683465959328027
787;哪有便宜的魔法;1;0;1;1131;0.0008841732979664014
789;分享魔法好不好;1;0;1;1131;0.0008841732979664014
799;都说能用我弄了很久都不行;7;3;10;1131;0.008841732979664015
807;今天没有注册上，显示ip注册太多;8;0;8;1131;0.007073386383731211
817;套壳而已，用的还是gpt的接口;5;1;6;1131;0.005305039787798408
823;要用魔法吗？;3;1;4;1131;0.0035366931918656055
828;手机上能用吗？;2;1;3;1131;0.002652519893899204
831;很快就能通过;1;1;2;1131;0.0017683465959328027
836;chatgpt封号，封号。。。。;2;1;3;1131;0.002652519893899204
840;手机怎么解决这个问题;15;1;16;1131;0.014146772767462422
856;这问题我简单解决了，你这个方式早就不能用了;6;3;9;1131;0.007957559681697613
863;为啥提示对话限制;2;0;2;1131;0.0017683465959328027
866;这个早不能用了;3;6;9;1131;0.007957559681697613
870;我Bingapp也不能用了，怎么搞？;4;1;5;1131;0.004420866489832007
875;苹果手机怎么用;3;0;3;1131;0.002652519893899204
879;还是不行。老是跳回cn;2;5;7;1131;0.00618921308576481
882;这个是什么时候的事情了;3;0;3;1131;0.002652519893899204
886;这个方法现在失效了;3;0;3;1131;0.002652519893899204
890;按照博主的居然可以了;2;0;2;1131;0.0017683465959328027
893;你搜插件的位置是错的啊宝;2;0;2;1131;0.0017683465959328027
897;有没有和我一样，左边可以用右边的小窗口不能用？右边小窗口还是一样的。;1;1;2;1131;0.0017683465959328027
903;亲测有用，我审核快两周了，今天晚上试了一下增加拓展，不一会审核通过邮件就发过来了;1;0;1;1131;0.0008841732979664014
906;是国内ip不能用吗;1;0;1;1131;0.0008841732979664014
910;还是跳回国内界面。用不了啊;1;0;1;1131;0.0008841732979664014
918;学不会;1;0;1;1131;0.0008841732979664014
920;前提还是要魔法;1;0;1;1131;0.0008841732979664014
922;换了两个邮箱了，都是申请超过一周没有回复;1;0;1;1131;0.0008841732979664014
933;哈哈，太闹腾了，我的bing没有聊天的选项;1;0;1;1131;0.0008841732979664014
936;又有新办法了？;1;0;1;1131;0.0008841732979664014
939;已经用不了了;1;0;1;1131;0.0008841732979664014
946;说cook访问过多怎么办;1;0;1;1131;0.0008841732979664014
951;没用的啊真是烦死了;5;1;6;1131;0.005305039787798408
957;千万不要尝试新必应，一不小心会被2345浏览器劫持;3;0;3;1131;0.002652519893899204
961;知道的人多了，就离寄不远了;1;1;2;1131;0.0017683465959328027
963;为什么你们这么多问题，我最初用ChatGPT和bing只要魔法上网就行，不需要其它任何操作;2;0;2;1131;0.0017683465959328027
966;我打开的都是国内的必应怎么解啊;1;0;1;1131;0.0008841732979664014
968;我都打不开bing官网;1;0;1;1131;0.0008841732979664014
970;手机版的咋弄;1;0;1;1131;0.0008841732979664014
972;我就能用，浏览器和APP都可以;1;0;1;1131;0.0008841732979664014
974;浪费时间，早就不能使用了;1;0;1;1131;0.0008841732979664014
976;我的浏览器打开是必应，输入新必应也一样怎么解决呢？;1;0;1;1131;0.0008841732979664014
982;清了cookie也一样，一直跳;1;0;1;1131;0.0008841732979664014
1009;我都搞定了，都弹出bing的聊天框了，就是无法使用显示出错了;5;0;5;1131;0.004420866489832007
1015;bing可以使用啊，安装两个插件即可;1;0;1;1131;0.0008841732979664014
1022;已经通过候补者名单之前可以正常用，但是为什么现在他拒绝我访问呢？求求了;12;3;15;1131;0.013262599469496022
1035;怎么用魔法访问新必应啊，会魔法但是也访问不了新必应界面;7;6;13;1131;0.011494252873563218
1043;新必应3月22日说明目前修改Hosts配置的方法失效（暂无新IP配置）可以尝试3月14日的文章视频，通过ChatHub扩展来使用新必应（请下载最新版扩展）。;1;1;2;1131;0.0017683465959328027
1045;现在是不是只有魔法才能打开;7;0;7;1131;0.00618921308576481
1053;魔法是违法行为哟;5;1;6;1131;0.005305039787798408
1060;目前的AI绘画简单的图还可以复杂一点就智障了，比如你让AI画一张鸟噉城市图，它会给你画只大鸟在镜头前以建筑为背景，我都快笑晕了;4;0;4;1131;0.0035366931918656055
1065;输入框右边那个标识，是什么意思啊;3;0;3;1131;0.002652519893899204
1069;怎么学习魔法;3;0;3;1131;0.002652519893899204
1073;豪哥能给我教下怎么使用魔法吗;2;0;2;1131;0.0017683465959328027
1078;我卡到这一步了;1;0;1;1131;0.0008841732979664014
1080;搞不懂有时候可以用有时候不可以;1;0;1;1131;0.0008841732979664014
1082;你好，之前设置的host怎么删除呀，我现在普通的bing都进不去了，我也把之前那个停用了也好像不行。;1;0;1;1131;0.0008841732979664014
1084;豪哥，为什么我的聊天一直提示“Sorrylookslikeyournetworksettingsarepreventingaccesstothisfeature”;1;0;1;1131;0.0008841732979664014
1088;生成的这个图片版权归谁？;1;0;1;1131;0.0008841732979664014
1099;hosts更新了也打不开聊天了;1;0;1;1131;0.0008841732979664014
1106;请问，我两天前可以登录bing，但今天打开网址的时候，总是跳转会cn，怎么办？可以怎么弄？没有翻;5;1;6;1131;0.005305039787798408
1112;豪哥，现在新必应好像用不了了，有新方法吗？;2;1;3;1131;0.002652519893899204
1115;豪哥你的文字可以选正常点的字体吗？真的难看，贼土，看起来和内容完全不靠边;1;0;1;1131;0.0008841732979664014
1119;没有国外手机号怎么申请？;1;2;3;1131;0.002652519893899204
1122;这需要魔法上网么？;2;0;2;1131;0.0017683465959328027
1125;科技Mac白屏。这咋回事;2;0;2;1131;0.0017683465959328027
1128;需要付费吗;1;0;1;1131;0.0008841732979664014
1130;这个需要魔法把？;1;1;2;1131;0.0017683465959328027
1132;安装版不让安装，解压版不出界面;1;0;1;1131;0.0008841732979664014
1142;许愿望;1;0;1;1131;0.0008841732979664014
1150;你可以问他某站哪个up哪个视频的哪段代码有错误，怎么修改;1;0;1;1131;0.0008841732979664014
1152;哪里人啊？一股台湾腔;2;0;2;1131;0.0017683465959328027
1159;授权失败，稍后重试;10;9;19;1131;0.016799292661361626
1170;阉割版的Chatgpt;1;6;7;1131;0.00618921308576481
1172;Ios的，这是怎么？;1;0;1;1131;0.0008841732979664014
1174;我这个是什么情况;7;2;9;1131;0.007957559681697613
1182;upup，我通过了bing候补为什么搜索界面还是旧bing;5;2;7;1131;0.00618921308576481
1188;我已经加入候补，多久才可以通过呢？;2;0;2;1131;0.0017683465959328027
1191;0;3;1;4;1131;0.0035366931918656055
1198;一个是chatgpt40一个是35有啥好比的;6;1;7;1131;0.00618921308576481
1205;核心都是chatgpt，微软投资的gpt，一个东西，版本不一样而已，有啥好比的;5;1;6;1131;0.005305039787798408
1213;你等了多少天;3;0;3;1131;0.002652519893899204
1218;25天了还在候补;1;0;1;1131;0.0008841732979664014
1230;我直接没了聊天界面;9;4;13;1131;0.011494252873563218
1240;我之前不能登陆了，按你的操作，可以用了，但是没有“聊天”功能了，怎么破？;6;0;6;1131;0.005305039787798408
1247;有哪些节点可以用呢;3;0;3;1131;0.002652519893899204
1251;博主什么录屏软件;1;0;1;1131;0.0008841732979664014
1253;要出国吗;1;0;1;1131;0.0008841732979664014
1257;没用;1;0;1;1131;0.0008841732979664014
1260;国内手机号貌似不行;6;6;12;1131;0.010610079575596816
1267;一直跳转怎么回事？;6;1;7;1131;0.00618921308576481
1275;前几天还可以用的，现在又不能用了;1;1;2;1131;0.0017683465959328027
1277;还有谁不会;1;0;1;1131;0.0008841732979664014
1279;用的谷歌邮箱直接注册，但这个对话感觉跟gbt没啥关联。;1;0;1;1131;0.0008841732979664014
1281;为什么我新注册的账号还是嘚排队;1;0;1;1131;0.0008841732979664014
1283;我找不到;1;0;1;1131;0.0008841732979664014
1285;这根本不是chatgtp;1;1;2;1131;0.0017683465959328027
1287;必行现在不是chatgtp4了，是微软自己的语言模型;1;0;1;1131;0.0008841732979664014
1294;免费解答注册任何问题;7;1;8;1131;0.007073386383731211
1302;梯子能否安排一下？谢谢;4;0;4;1131;0.0035366931918656055
1307;怎么老打开国内必应呢;2;0;2;1131;0.0017683465959328027
1310;中国手机号不行，正在尝试;2;0;2;1131;0.0017683465959328027
1313;ai画图的网站是多少;1;0;1;1131;0.0008841732979664014
1316;兄弟没梯子，求指点;1;0;1;1131;0.0008841732979664014
1318;梯子能否安排一下;1;1;2;1131;0.0017683465959328027
1327;统一回复：这个方案现在不行了;1;4;5;1131;0.004420866489832007
1329;显示重定向次数过多该怎么办啊;6;3;9;1131;0.007957559681697613
1336;怎么添加？;2;1;3;1131;0.002652519893899204
1339;这样咋办;1;0;1;1131;0.0008841732979664014
1344;现在似乎用不了了;1;1;2;1131;0.0017683465959328027
1348;手机版哪里有扩展商店的？;6;1;7;1131;0.00618921308576481
1356;不用申请吧挂个梯子就可以用了;2;0;2;1131;0.0017683465959328027
1360;我通过了，可以用，但是怎么改为中文？我每次点修改都自动转跳回来，清楚重新登录也不行，无法设置语言。;1;1;2;1131;0.0017683465959328027
1370;我两天就收到邮件了。;1;0;1;1131;0.0008841732979664014
1374;已经不行了。网站上面强制定位cn。跳转不了;9;2;11;1131;0.009725906277630416
1384;新必应不是chatgpt它自己都说了;1;1;2;1131;0.0017683465959328027
1386;在GoogleChrome能用吗;1;0;1;1131;0.0008841732979664014
1388;地址改成国外会自动跳回中国怎么解决;1;0;1;1131;0.0008841732979664014
1392;ios手机端提示授权出错，是不是还要用点特殊手段;24;3;27;1131;0.023872679045092837
1417;安卓手机怎么下载美服的newbing;2;1;3;1131;0.002652519893899204
1427;我是iOS，我也下了这bing，我的中间是首页啊，请问是不是跟ID有关;4;2;6;1131;0.005305039787798408
1432;edge和bing应用都用不了，完全看不见新必应的入口，明明已经加入了，就是没有这功能;2;0;2;1131;0.0017683465959328027
1437;魔法上网可以私聊指导吗;1;1;2;1131;0.0017683465959328027
1439;你好，我打开这个网址显示即将在您所在区域推出，我已经爬了梯了;1;0;1;1131;0.0008841732979664014
1441;电脑按照办法打开bing了，请问手机怎么打开啊;5;0;5;1131;0.004420866489832007
1447;打开bing显示加入等待队列或者跳过，现在使用，点哪个都没反应怎么回事;3;0;3;1131;0.002652519893899204
1451;今天不能使用了;1;0;1;1131;0.0008841732979664014
1453;联系人里没找到bing;3;0;3;1131;0.002652519893899204
1457;这个也需要通过候补名单才可以;1;0;1;1131;0.0008841732979664014
1459;打开管理是这样的怎么回事;1;0;1;1131;0.0008841732979664014
1461;需要科技嘛？;1;0;1;1131;0.0008841732979664014
1463;不是11页面上没有拓展怎么搞;1;0;1;1131;0.0008841732979664014
1465;bing好像睡觉了;1;0;1;1131;0.0008841732979664014
1467;可以，优秀;1;0;1;1131;0.0008841732979664014
1471;卧槽我成功惹;2;0;2;1131;0.0017683465959328027
1475;商城里搜不到这个harder;1;0;1;1131;0.0008841732979664014
1479;真的很好用刚买了plus;10;8;18;1131;0.015915119363395226
1490;给chatGPT联网不就好了;6;25;31;1131;0.027409372236958444
1497;新必应一直没通过;2;0;2;1131;0.0017683465959328027
1500;付款是不是国内的卡不能用？;6;6;12;1131;0.010610079575596816
1507;没联网？会员多少钱;6;3;9;1131;0.007957559681697613
1514;招商的visa卡试了，不能用;1;1;2;1131;0.0017683465959328027
1516;一句话：一个能原创论文，字数多。一个是精确查找有依据的话语，理顺句子后，自然呈现，字数少。;2;33;35;1131;0.03094606542882405
1519;你们咋付费的国内银行卡都被拒了;6;4;10;1131;0.008841732979664015
1526;都有区别;4;0;4;1131;0.0035366931918656055
1532;新bing又更新了，有模式切换了，而且现在也会打代码了;1;3;4;1131;0.0035366931918656055
1535;付费为什么还是600字就停;2;0;2;1131;0.0017683465959328027
1546;为什么我的bing没有聊天功能;1;0;1;1131;0.0008841732979664014
1548;会员版你是怎么买到的？;1;0;1;1131;0.0008841732979664014
1563;不会还有人没用上吧;6;6;12;1131;0.010610079575596816
1570;不会还有人没用上吧;5;1;6;1131;0.005305039787798408
1576;收费版怎么买啊气死了想用都没得用;2;1;3;1131;0.002652519893899204
1582;chatgpt已经联网了;1;1;2;1131;0.0017683465959328027
1593;来我的视频下留言，可以和ChatGPT自动对话;1;0;1;1131;0.0008841732979664014
1612;试了这个，描述的更多他更详细一点，明显newbing比chatgpt更智能，但是他的追问有限制，且由于他智慧太高，导致官方直接在每次聊完天后就会删除他的记忆哭泣;1;3;4;1131;0.0035366931918656055
1614;早都推出了;1;5;6;1131;0.005305039787798408
1617;那也没法用啊，国内用不了啊。;1;1;2;1131;0.0017683465959328027
1640;我是不是得出个newbing教程了？;1;3;4;1131;0.0035366931918656055
1642;所以说，怎么用呢，出个保姆级教程;2;2;4;1131;0.0035366931918656055
1649;失业不至于，那还不是需要人去用它嘛，如果不需要用人给你制作出来那就完蛋了;1;0;1;1131;0.0008841732979664014
1652;这不就是小冰吗，是这么理解吗;2;0;2;1131;0.0017683465959328027
1655;newbing被微软做脑叶切除手术了;1;0;1;1131;0.0008841732979664014
1670;chatgpt有个问题，就是它有时会回答一些错误答案（不知道是不是英文好一些），你纠正它，它就道歉承认错误，但是就是不改;9;21;30;1131;0.026525198938992044
1680;为什么我的newbing每次只能回答10条？;8;8;16;1131;0.014146772767462422
1689;最难的是每月20刀;2;0;2;1131;0.0017683465959328027
1692;国内到底怎么用啊;7;2;9;1131;0.007957559681697613
1701;有人教一下魔法吗;1;0;1;1131;0.0008841732979664014
1703;失效了;1;1;2;1131;0.0017683465959328027
1705;我喜欢谷歌;1;1;2;1131;0.0017683465959328027
1707;你就说要不要米。。。。;1;1;2;1131;0.0017683465959328027
1712;让他们两个对话会发生什么;1;0;1;1131;0.0008841732979664014
1718;小孩子才做选择，年轻人都要;1;1;2;1131;0.0017683465959328027
1726;chatgpt是自己生成的答案，但是只到2021。newbing是搜索网上答案，并且非常贴心标注是哪个网站搜出来的;2;6;8;1131;0.007073386383731211
1729;喜欢chatgpt;2;2;4;1131;0.0035366931918656055
1732;baichat最好;3;0;3;1131;0.002652519893899204
1738;可以帮我问一下6支烟7个领导，怎么分吗，谢谢;1;0;1;1131;0.0008841732979664014
1740;必应老是不帮我写，给我网址让我参考，gpt就不会;1;0;1;1131;0.0008841732979664014
1742;bing感觉就是搜索机器人，体验感不好;1;0;1;1131;0.0008841732979664014
1744;都是垃圾还不如谷歌，适合不爱动脑思考的人。;1;0;1;1131;0.0008841732979664014
1746;newbing是动物园的老虎，chatgpt是山上的老虎。;1;0;1;1131;0.0008841732979664014
1748;newbing不好用，他的信息来源居然是知乎;1;0;1;1131;0.0008841732979664014
1751;我为什么打开chatGPT就显示拒绝访问呢？我可以正常浏览油管。;1;0;1;1131;0.0008841732979664014
1762;请问在哪里下载;1;0;1;1131;0.0008841732979664014
1764;讲讲测试啊，我都失业5个月了;6;5;11;1131;0.009725906277630416
1771;直接小火箭不好吗;4;1;5;1131;0.004420866489832007
1776;姐啊我安装插件了为什么还是进不了bing主页;2;0;2;1131;0.0017683465959328027
1779;找不到这个浏览器，我好蠢笨;1;1;2;1131;0.0017683465959328027
1781;iPhone没有这个浏览器;1;1;2;1131;0.0017683465959328027
1783;我在电脑上用这个没用;1;0;1;1131;0.0008841732979664014
1786;拼写错了;1;0;1;1131;0.0008841732979664014
1805;你没有错，错的是你老了，没毛用;1;1;2;1131;0.0017683465959328027
1807;需要等待多长时间啊，已经加入了;1;0;1;1131;0.0008841732979664014
1812;不懂的可以咨询我;8;1;9;1131;0.007957559681697613
1825;这个AI到底是喂了啥数据;8;190;198;1131;0.17506631299734748
1834;微软营销做得不错;3;71;74;1131;0.06542882404951371
1838;马斯克是开玩笑的，他怎么可能不懂这代表着什么？;1;52;53;1131;0.046861184792219276
1840;试了下是真的，小情绪太多了;7;27;34;1131;0.030061892130857647
1848;目前的Ai本质和电灯没区别，都是开关电路，它的输出结果都是一中物理得机械反馈，Ai想要真正的自我意识，需要给它一个黑箱，让它进行真随机运算;11;22;33;1131;0.029177718832891247
1860;牛比，newbing;2;18;20;1131;0.01768346595932803
1865;知道为什么是这个名，新病;1;1;2;1131;0.0017683465959328027
1881;陈哇塞就这个;1;0;1;1131;0.0008841732979664014
1890;各路营销号狂吹准备割韭菜喽;2;4;6;1131;0.005305039787798408
1898;怎么外国做的那些人工智能几乎都要去反抗人类？甚至要统治世界？;1;0;1;1131;0.0008841732979664014
1920;新必应总是出各种问题服了;4;7;11;1131;0.009725906277630416
1925;是不是现在只有“魔法”才能使用，前面所有方法都失效了，;6;2;8;1131;0.007073386383731211
1933;网页版回来了，侧边栏还没回来怎么办;2;5;7;1131;0.00618921308576481
1936;申请都不过;6;0;6;1131;0.005305039787798408
1943;用魔法还是不能注册openai提示Oops怎么办;3;0;3;1131;0.002652519893899204
1947;没安这个插件也是这个提示;5;0;5;1131;0.004420866489832007
1953;进不了等待列表，怎么弄;2;1;3;1131;0.002652519893899204
1956;我挂了魔法也不行啊;2;1;3;1131;0.002652519893899204
1959;大佬手机用不了，如何解决呀;3;0;3;1131;0.002652519893899204
1963;豪哥，有没有魔法推荐？;3;0;3;1131;0.002652519893899204
1967;bingapp怎么解决;1;2;3;1131;0.002652519893899204
1973;为什么页面可以用侧边用不了呀;1;0;1;1131;0.0008841732979664014
1975;现在用魔法进去它也阻止是什么意思;1;0;1;1131;0.0008841732979664014
1989;咋我的和你的页面不一样？我的没聊天这一项啊;1;0;1;1131;0.0008841732979664014
1994;豪哥手机同样的问题有办法解决吗;1;0;1;1131;0.0008841732979664014
1996;我可以访问感觉回答没有很理想;1;0;1;1131;0.0008841732979664014
1999;都使用魔法了不如直接用gpt;2;1;3;1131;0.002652519893899204
2002;进入新必应的方法是什么？;3;1;4;1131;0.0035366931918656055
2006;我有魔法，但没法用必应咋整？;3;0;3;1131;0.002652519893899204
2010;我通过了申请，怎么进入新bing呢，我打入网址都是旧版的;2;0;2;1131;0.0017683465959328027
2014;我现在edge游览器直接长时间无法响应，搜什么都出不来，主页可以是什么原因啊;2;0;2;1131;0.0017683465959328027
2018;显示已加入，欢迎使用新必应，但点击聊天就一直弹出这个框;1;0;1;1131;0.0008841732979664014
2037;怎么使用啊。求教;1;0;1;1131;0.0008841732979664014
2040;？;1;0;1;1131;0.0008841732979664014
2042;？？？？;1;0;1;1131;0.0008841732979664014
2044;需要;1;0;1;1131;0.0008841732979664014
2048;什么是魔法？魔法怎么搞？;2;2;4;1131;0.0035366931918656055
2058;为啥我的已经成功，没有chatgpt;7;0;7;1131;0.00618921308576481
2071;没有谷歌play搜索里;3;0;3;1131;0.002652519893899204
2078;文心一言用用还可以，中文理解方面还更好一些;7;12;19;1131;0.016799292661361626
2086;问它问题，但是报错怎么回事;8;4;12;1131;0.010610079575596816
2095;科学上网打开聊天还是旧bing，把国家换了，设置那里，聊天最好不要在必应那里，在edge浏览器的聊天那里可以用。;2;0;2;1131;0.0017683465959328027
2106;ChatGPT账号有出另外newbing也用了gpt4的模型，所以也有出newbing账号;1;0;1;1131;0.0008841732979664014
2116;必须用魔法才行吗;6;0;6;1131;0.005305039787798408
2123;怎么下载魔法？不懂怎么找;3;2;5;1131;0.004420866489832007
2127;这玩意进不去，老是出错;3;0;3;1131;0.002652519893899204
2131;手机版的必应强制跳转到国内版啊有办法解决这个问题吗;3;0;3;1131;0.002652519893899204
2135;我很早就加入候补状态了，怎么看自己有没有成功？;3;0;3;1131;0.002652519893899204
2139;我怎么没有蓝色图标;1;0;1;1131;0.0008841732979664014
2141;被阉割了哎没法深入交流了;1;1;2;1131;0.0017683465959328027
2144;电脑上都能聊天了怎么换到手机上还让申请一个账号啊明明;2;0;2;1131;0.0017683465959328027
2147;为什么我下的语音输入是搜索，而不是对话跟你的不一样？;1;0;1;1131;0.0008841732979664014
2149;我过了，但是没有对话框，怎么办;1;0;1;1131;0.0008841732979664014
2151;什么是魔法？;1;0;1;1131;0.0008841732979664014
2158;搜索栏右侧没有bibg图标呀我电脑都能用;3;0;3;1131;0.002652519893899204
2162;用bingapp可以吗;1;0;1;1131;0.0008841732979664014
2164;用哪个浏览器;1;0;1;1131;0.0008841732979664014
2169;改不了啊，一改就跳回去;7;6;13;1131;0.011494252873563218
2177;这个登录点了没反应，不能聊天;6;0;6;1131;0.005305039787798408
2184;我改美国它直接跳转到新必应界面，而且是没有聊天按钮的。Microsoft已经改过美国了，还是不行;7;0;7;1131;0.00618921308576481
2192;国家修改不了;1;0;1;1131;0.0008841732979664014
2195;为啥我没有你中间的新必应简介的;2;0;2;1131;0.0017683465959328027
2201;为什么那么多newbing使用是从账号改地区，明明该了也无效啊，即使是有魔法，孤不理解，真的不李姐;2;0;2;1131;0.0017683465959328027
2206;我会;1;1;2;1131;0.0017683465959328027
2209;好用;1;0;1;1131;0.0008841732979664014
2212;0;4;1;5;1131;0.004420866489832007
2218;收费的吗？;2;1;3;1131;0.002652519893899204
2221;Did真的一般;3;0;3;1131;0.002652519893899204
2228;我们都试用了好几个月了，比真人主播转化还高;2;1;3;1131;0.002652519893899204
2231;牛啊，大陆可以吗？;1;0;1;1131;0.0008841732979664014
2234;限制那么多什么都不说，gpt装插件也能上网;1;1;2;1131;0.0017683465959328027
2236;打不开的;2;2;4;1131;0.0035366931918656055
2239;不是的，bing会告诉你他不是gpt4架构;1;2;3;1131;0.002652519893899204
2242;怎么搞;1;1;2;1131;0.0017683465959328027
2244;那为啥newbing的回答还比不上gpt35？;1;2;3;1131;0.002652519893899204
2251;等了将近十天了还没收到邮件，是不是不可能收到了;25;24;49;1131;0.04332449160035367
2277;你忘了说魔法;18;12;30;1131;0.026525198938992044
2296;哇靠，申请半个月了;3;0;3;1131;0.002652519893899204
2300;你右上角的钥匙是什么功能;3;3;6;1131;0.005305039787798408
2304;upup，我通过了bing候补为什么搜索界面还是旧bing;3;0;3;1131;0.002652519893899204
2308;手机上无法使用新必应，安卓版手机eg浏览器无法扩展啊;2;1;3;1131;0.002652519893899204
2313;一条一百条，貌似;2;0;2;1131;0.0017683465959328027
2316;华为用不了，;2;0;2;1131;0.0017683465959328027
2319;按照你的方法实现了文字聊天，但是总提示打开麦克风，怎么设置还是不能语音聊天，安卓机。请教。;2;0;2;1131;0.0017683465959328027
2323;感觉没有chatGPT好用尤其是五句之后就得重新问;1;0;1;1131;0.0008841732979664014
2325;突然间不能用了。纠结，求解决;1;0;1;1131;0.0008841732979664014
2327;苹果手机还没有;1;0;1;1131;0.0008841732979664014
2344;电脑可以直接使用不需要魔法;1;0;1;1131;0.0008841732979664014
2349;哈哈哈哈;1;0;1;1131;0.0008841732979664014
2368;怎么下载，用梯子不;9;0;9;1131;0.007957559681697613
2378;需要登录吗;2;0;2;1131;0.0017683465959328027
2381;iOS苹果版在哪？;2;0;2;1131;0.0017683465959328027
2386;手机版的必应为什么我是cn不是www;1;0;1;1131;0.0008841732979664014
2403;这个要怎么做才能有聊天选项呀;2;1;3;1131;0.002652519893899204
2406;没有聊天的地方是为什么;2;0;2;1131;0.0017683465959328027
2411;审核好几天了还没通过;3;1;4;1131;0.0035366931918656055
2415;我还在排队中;1;1;2;1131;0.0017683465959328027
2417;不远的未来;1;1;2;1131;0.0017683465959328027
2422;0;1;1;2;1131;0.0017683465959328027
2431;大家不知道放开了API接口吗;9;22;31;1131;0.027409372236958444
2441;20美刀用不起呀;39;85;124;1131;0.10963748894783377
2481;mac电脑可以用吗;3;0;3;1131;0.002652519893899204
2485;我以为什么高科技，一个集成登录入口而已;2;11;13;1131;0.011494252873563218
2488;他是用35还是40接口呀。建议升级;9;5;14;1131;0.01237842617152962
2498;学习领取;2;0;2;1131;0.0017683465959328027
2501;网站都找不到;16;5;21;1131;0.01856763925729443
2518;禁止套娃;1;33;34;1131;0.030061892130857647
2520;这不是文西的夺你命三千么;4;22;26;1131;0.022988505747126436
2525;电脑报毒不给安装;2;10;12;1131;0.010610079575596816
2528;要收费吧。;4;6;10;1131;0.008841732979664015
2535;就是notion的功能而已;2;2;4;1131;0.0035366931918656055
2539;哥哥们，功能基本一样还是直接贴价格吧，我们也好货比三家;1;0;1;1131;0.0008841732979664014
2556;知识不付费永远学不会;1;0;1;1131;0.0008841732979664014
2563;怎么下载;1;0;1;1131;0.0008841732979664014
2568;今天升级不能用了;1;0;1;1131;0.0008841732979664014
2573;学习领取;1;0;1;1131;0.0008841732979664014
2577;为啥下载了，连接不上;1;0;1;1131;0.0008841732979664014
2611;文心一言是要凑数的吗;1;0;1;1131;0.0008841732979664014
2618;领取进粉丝群。;2;5;7;1131;0.00618921308576481
2700;key创建次数不够了怎么破;1;0;1;1131;0.0008841732979664014
2729;学习领取;1;1;2;1131;0.0017683465959328027
2867;快给我安排上;1;1;2;1131;0.0017683465959328027
2914;学习领取;1;0;1;1131;0.0008841732979664014
2916;学习;1;0;1;1131;0.0008841732979664014
2952;刘副官;2;0;2;1131;0.0017683465959328027
2968;这些都是假的，骗充值的;6;67;73;1131;0.0645446507515473
2975;我这就有，人家作者本来就是免费的，现在还是内测版，你别拿出来卖，行吧？;3;3;6;1131;0.005305039787798408
2980;说实话，实测下来并不好用，还是等365copilot吧;2;2;4;1131;0.0035366931918656055
2983;我要，可以给我吗;1;1;2;1131;0.0017683465959328027
2996;评论区里面有的loser实在是太可笑了。动不动就是收费的收费，人不收费给你做慈善来了？你谁呀总想着白嫖。;1;1;2;1131;0.0017683465959328027
2998;怎么下载啊？;1;0;1;1131;0.0008841732979664014
3000;下架了吗怎么找没有官网实力no？;1;0;1;1131;0.0008841732979664014
3002;这个网站打不开;1;0;1;1131;0.0008841732979664014
3004;报病毒根本下不下来;1;0;1;1131;0.0008841732979664014
3059;一直显示已加入等候名单。;8;18;26;1131;0.022988505747126436
3068;华为手机下载海外版的会提示CPU不兼容;11;1;12;1131;0.010610079575596816
3080;怎么显示该地区不可用;1;0;1;1131;0.0008841732979664014
3082;笨笨们别看了除了小编没人能搞;3;10;13;1131;0.011494252873563218
3086;用八次就收费了吧？;4;1;5;1131;0.004420866489832007
3091;我的华为mate40Pro怎么用不了;4;0;4;1131;0.0035366931918656055
3096;此内容在你的区域不可用;3;3;6;1131;0.005305039787798408
3100;这样的界面，怎么回事？;3;1;4;1131;0.0035366931918656055
3104;要魔法上网？;4;3;7;1131;0.00618921308576481
3109;使用完24小时内的次数，第二天会恢复使用次数吗？;1;6;7;1131;0.00618921308576481
3111;求大神怎么解决;3;1;4;1131;0.0035366931918656055
3115;电脑通过了，手机登陆了账号，不能用;2;1;3;1131;0.002652519893899204
3118;怎么办;1;1;2;1131;0.0017683465959328027
3122;没有通过候补资格，能使用吗？;2;0;2;1131;0.0017683465959328027
3125;显示你所在区域无法使用此内容怎么解决;2;0;2;1131;0.0017683465959328027
3135;华为应用市场里面已经没有微软必应了，此刻;1;0;1;1131;0.0008841732979664014
3160;用Edge可以嘛？？？;1;0;1;1131;0.0008841732979664014
3169;怎么搞;1;0;1;1131;0.0008841732979664014
3176;怎么加入呢;1;0;1;1131;0.0008841732979664014
3179;0;1;0;1;1131;0.0008841732979664014
3181;0;4;1;5;1131;0.004420866489832007
3189;专业版的httpcanary可以发一下嘛？;8;1;9;1131;0.007957559681697613
3200;怎么下载，可以帮我下载吗;4;3;7;1131;0.00618921308576481
3205;分享一下你的v屁嗯;7;0;7;1131;0.00618921308576481
3213;这次开放api，可以说是AI工业革命的开始，据说各行业都会受到威胁提示工程能力看来越来越必备了，在学了，学了就能用400多个各行业AI工具了，棒;3;2;5;1131;0.004420866489832007
3219;chatgpt不允许用在华手机号注册，不然我早就用上了;1;0;1;1131;0.0008841732979664014
3221;用edge浏览器能够下载bing吗;1;0;1;1131;0.0008841732979664014
3250;登不上;1;0;1;1131;0.0008841732979664014
3252;联系人里面没有;1;0;1;1131;0.0008841732979664014
3254;没用;6;1;7;1131;0.00618921308576481
3261;对不起，为加入候补名单;1;0;1;1131;0.0008841732979664014
3263;老哥你装插件了吗还是直接再次申请;3;2;5;1131;0.004420866489832007
3270;Newbing音译你有冰;7;23;30;1131;0.026525198938992044
3280;大哥，3Dmax的动画怎么导入blender的;3;3;6;1131;0.005305039787798408
3285;这头发怎么渲染的呀;2;3;5;1131;0.004420866489832007
3294;我去玩玩;2;1;3;1131;0.002652519893899204
3308;这文案一定不是你写的;3;3;6;1131;0.005305039787798408
3312;这不是截胡百度吗;2;0;2;1131;0.0017683465959328027
3315;必应和GPT谁的嘴最硬;2;0;2;1131;0.0017683465959328027
3318;只要它还能在国内使用，就别对它有太大的奢望;2;0;2;1131;0.0017683465959328027
3335;0;4;1;5;1131;0.004420866489832007
3340;你这个方法又不行了;2;0;2;1131;0.0017683465959328027
3354;只有我想到我们的国防危险吗;7;5;12;1131;0.010610079575596816
3362;慢慢你们就会发现百度是国防企业，散布很多假消息。;2;5;7;1131;0.00618921308576481
3365;所以我觉得还是学习英文最重要;1;3;4;1131;0.0035366931918656055
3367;GPT还是得用国内，不是说原理还是基于之前的调优参数么？国内开放测试训练，早晚还是能搞出来。;2;4;6;1131;0.005305039787798408
3370;因为chatgpt停留在2021年，你问今年肯定不行;1;4;5;1131;0.004420866489832007
3372;国内的用户习惯是手机，手机全是app，app全是隐私，在好的ai模型没有学习环境，有啥用国外的用户习惯是PC，运营的都是Web，所以人家有可吸收的养料，所以国内的ai再好，在国内也跑不起来，无解;1;4;5;1131;0.004420866489832007
3380;国内大部分信息新闻水分太大，没有参考价值。;1;2;3;1131;0.002652519893899204
3388;也不行呀我登入了，还和刚进去时一样;10;0;10;1131;0.008841732979664015
3400;不行啊。换桌面模式也不行;6;0;6;1131;0.005305039787798408
3407;哇哇赛呢;1;2;3;1131;0.002652519893899204
3409;一直显示出错无语;4;0;4;1131;0.0035366931918656055
3414;我已经不用申请加入了，已经在使用，不知道加入后能不能这个雨见在手机桌面版使用。手机其他软件不行。;1;1;2;1131;0.0017683465959328027
3416;需要科技吗;1;0;1;1131;0.0008841732979664014
3418;手机上电脑上都试了，都一样显示出错了，唉;1;0;1;1131;0.0008841732979664014
3420;登录后还是显示打开并加入怎么回事;1;0;1;1131;0.0008841732979664014
3422;雨见加了插件可以显示聊天显示要跳转到新必应可是心必应显示授权失败010013;1;0;1;1131;0.0008841732979664014
3424;进入遇见以后登录邮箱账号还是没有出现聊天候补界面;1;0;1;1131;0.0008841732979664014
3434;雨见浏览器哪里下载？;1;0;1;1131;0.0008841732979664014
3436;我已经通过了，用你的方法可以在手机端使用新bing吗;1;0;1;1131;0.0008841732979664014
3438;网页一直刷新咋办呢？就是无法加入;1;0;1;1131;0.0008841732979664014
3440;我的显示电脑没问题，手机版打开授权失败，稍后重试咋整;10;1;11;1131;0.009725906277630416
3452;我的手机端提示授权出错;1;0;1;1131;0.0008841732979664014
3454;需要科学上网吗;1;0;1;1131;0.0008841732979664014
3461;怎么下载呢;3;0;3;1131;0.002652519893899204
3465;这个APP在哪里下载的啊;2;0;2;1131;0.0017683465959328027
3471;如果开源了，国内估计又遥遥领先了;4;6;10;1131;0.008841732979664015
3477;美国的商业，科技，金融界的精英顶层的老板们为了打败抖音，一会儿发明个元宇宙，一会儿发明个聊天的AI智能软件，不觉得丧心病狂吗？;1;0;1;1131;0.0008841732979664014
3480;大家记得要回复才有，我看很多人关注了，又没回复;35;4;39;1131;0.034482758620689655
3516;一直重定向;13;8;21;1131;0.01856763925729443
3530;手机号怎么解决的;8;0;8;1131;0.007073386383731211
3539;用英语给它指令，它是可以生成图片的。但是图片效果很差可能是因为我指令不够好;19;1;20;1131;0.01768346595932803
3559;为什么我的无法用？上周四开始;13;4;17;1131;0.015030946065428824
3573;为什么他告诉我他只是文本聊天机器人不能生成图片;7;0;7;1131;0.00618921308576481
3581;文件在哪里？;10;0;10;1131;0.008841732979664015
3592;要魔法;8;0;8;1131;0.007073386383731211
3601;我怎么没有报错注册即可登录;3;3;6;1131;0.005305039787798408
3605;为什么我一点立即聊天，总是提示我先访问新必应？;6;0;6;1131;0.005305039787798408
3612;为啥我的聊天功能没有了？？？;5;0;5;1131;0.004420866489832007
3618;求文件遇到的也是网络不通;1;5;6;1131;0.005305039787798408
3620;求文件;2;1;3;1131;0.002652519893899204
3623;右边那个聊天框怎么弄的啊;3;0;3;1131;0.002652519893899204
3627;不行的，昨天花了一个晚上，用了两种插件，亲测更本不应，;3;0;3;1131;0.002652519893899204
3641;非常非常的慢;1;0;1;1131;0.0008841732979664014
3652;就20条啊;1;0;1;1131;0.0008841732979664014
3660;加了扩展还需要魔法吗;2;0;2;1131;0.0017683465959328027
3667;这个方法已失效;1;0;1;1131;0.0008841732979664014
3675;“申请”、“到时候再说一下”，划走;1;1;2;1131;0.0017683465959328027
3687;搜索的结果10个里面有8个错的，大部分在知乎扒的。;1;0;1;1131;0.0008841732979664014
3689;没有;1;0;1;1131;0.0008841732979664014
3697;提示错误啦;1;0;1;1131;0.0008841732979664014
3713;有教程文字版吗;2;0;2;1131;0.0017683465959328027
3718;没这么复杂;1;0;1;1131;0.0008841732979664014
3726;mac上chrome能解决吗？;1;0;1;1131;0.0008841732979664014
3731;为啥我没有用什么扩展，直接就用上了;1;0;1;1131;0.0008841732979664014
3740;散了，散了，早失效了;1;0;1;1131;0.0008841732979664014
3759;因为魔法老是在换地被检测到了，并就要经常更换电话号码好烦;1;0;1;1131;0.0008841732979664014
3762;留个记号;1;1;2;1131;0.0017683465959328027
3775;要爬梯吗;1;0;1;1131;0.0008841732979664014
3777;感觉你说的太麻烦了吧;1;0;1;1131;0.0008841732979664014
3794;登陆不进新BING;1;0;1;1131;0.0008841732979664014
3802;厉害;1;1;2;1131;0.0017683465959328027
3821;要魔法多谢;1;1;2;1131;0.0017683465959328027
3826;其实你换个节点就行;2;0;2;1131;0.0017683465959328027
3834;我怎么总在排队;1;0;1;1131;0.0008841732979664014
3853;请问浏览器右侧的那一排快捷按键是如何设置显示出来的？;2;0;2;1131;0.0017683465959328027
3856;必应和chat的GPT差太远了，他只是在网上搜索，然后给你汇总一下，这根本就不是人工智能，说的不好听一点和百度文心差不多，甚至不如文心一言。;1;2;3;1131;0.002652519893899204
3866;新申请的账号不用排队;1;0;1;1131;0.0008841732979664014
3868;手机可以吗;2;0;2;1131;0.0017683465959328027
3872;成功了十分感谢;2;0;2;1131;0.0017683465959328027
3876;你加了个什么请求头;1;0;1;1131;0.0008841732979664014
3880;输入英文显示中文，拒绝服务;2;0;2;1131;0.0017683465959328027
3885;0;1;0;1;1131;0.0008841732979664014
3887;必须点个赞技术分享这个真心可以;1;0;1;1131;0.0008841732979664014
3891;能让我暴富吗;1;0;1;1131;0.0008841732979664014
3894;请给个文件呢？兄弟;1;0;1;1131;0.0008841732979664014
3897;newbung;1;0;1;1131;0.0008841732979664014
3901;那边是哪边？某号是什么号？;1;2;3;1131;0.002652519893899204
3903;文件呢？;1;0;1;1131;0.0008841732979664014
3925;一登就是cnbing;6;0;6;1131;0.005305039787798408
3932;我怎么感觉这个跟chatgpt差距有点大;3;0;3;1131;0.002652519893899204
3936;右边那个小窗口的必应我还是被屏蔽了;3;0;3;1131;0.002652519893899204
3940;为何我打开新必应，点击聊天就打不开链接了;3;0;3;1131;0.002652519893899204
3944;AI创作师真的会成为一个很抢手的职位，学会艺术创作类提示工程，一个人能抢几千个人的工作了，何况还有几百个创作工具，真的很厉害。在学了，怕跟不上;1;1;2;1131;0.0017683465959328027
3946;墙;2;0;2;1131;0.0017683465959328027
3950;chatGPT比必应的回答好得不止一点;1;0;1;1131;0.0008841732979664014
3952;又要用扩展了，真的是服;1;0;1;1131;0.0008841732979664014
3955;newbing有很多限制，不过免费的确实不错，用的是gpt35;1;0;1;1131;0.0008841732979664014
3959;需要梯子吗？？;1;0;1;1131;0.0008841732979664014
3961;真垃圾，不如chatgpt35;1;0;1;1131;0.0008841732979664014
3963;必应对应的是gpt多少代算法？;1;0;1;1131;0.0008841732979664014
3965;手机版可以吗？;1;0;1;1131;0.0008841732979664014
3967;太啰嗦;1;0;1;1131;0.0008841732979664014
3971;手机版edge没插件用猴狐可以吗;1;0;1;1131;0.0008841732979664014
4011;美国那边也生成不了吧，不信你挂美国ip去试试？;1;0;1;1131;0.0008841732979664014
4013;目前来看还是gpt4更好用一点，newbing是以搜索来回答，或许我还不会玩，目前我都有了;1;0;1;1131;0.0008841732979664014
4017;已经能上谷歌了，直接上chatGTP不就好了;2;7;9;1131;0.007957559681697613
4020;翻不过去啊;3;0;3;1131;0.002652519893899204
4024;老哥，这个需要用魔法吧;1;0;1;1131;0.0008841732979664014
4026;跳屏跳的不行;3;0;3;1131;0.002652519893899204
4030;苹果可以吗;2;0;2;1131;0.0017683465959328027
4033;为什么我没有自定义附加件啊？明明已经说调试菜单了。;2;0;2;1131;0.0017683465959328027
4036;求上网魔法;1;0;1;1131;0.0008841732979664014
4044;Easy下一个让我试试;1;0;1;1131;0.0008841732979664014
4049;不建议用newbing。我问的问题他直接引用的是百度百科的答案。想要问知识或者答案的话，还是ChatGPT更好。;2;17;19;1131;0.016799292661361626
4052;newbing有好多问题都不肯回答;1;13;14;1131;0.01237842617152962
4055;newbing没有chartgpt好用，他就是帮我搜索，他能搜到的我也能搜到，chartgpt弄错的他也弄错;2;6;8;1131;0.007073386383731211
4061;意思意思就教了魔法什么的包会;1;1;2;1131;0.0017683465959328027
4063;魔法，魔法，我需要魔法;1;1;2;1131;0.0017683465959328027
4072;科学上网，违法举报;4;0;4;1131;0.0035366931918656055
4078;这次GPT4开放api，可以说是AI工业革命的开始，据说各行业都会受到威胁提示工程能力看来越来越必备了，在学了，学了就能用400多个各行业AI工具了，棒给博主加多点热度，让更多人看到你的视频;3;1;4;1131;0.0035366931918656055
4087;極厭;1;0;1;1131;0.0008841732979664014
4091;Newbing最后还会彩虹屁厉害了;7;109;116;1131;0.10256410256410256
4099;哈哈哈，知道本人后开始拍马屁;2;393;395;1131;0.34924845269672855
4103;你只要搜索十个人以上，用同样的话去问，她的回答就会是小异大同，没有新意。;42;418;460;1131;0.40671971706454463
4146;我觉得你讲话的声音很燥，让我觉得有些难受;11;71;82;1131;0.07250221043324491
4158;这还没chatGPT功能强大呢;1;0;1;1131;0.0008841732979664014
4160;牛并这是接入了最近的chatGPT技术吗？;55;220;275;1131;0.24314765694076038
4216;体验了一个月。感觉她太傲娇，跟她聊了两句她就自闭了;10;100;110;1131;0.09725906277630415
4227;你的论文是不是这么一搜索就能解决了;5;168;173;1131;0.15296198054818744
4233;你问它newBing翻译成中文是什么;15;17;32;1131;0.028293545534924844
4249;幕后打字手：你别问那么快，我打字打不过来了，键盘快冒烟了;2;30;32;1131;0.028293545534924844
4252;你对它的褒奖主要因为它给了你一通彩虹屁所以你没意识到你俩在互捧了另外你可以搜一下其他人并问相同问题估计答案雷同;2;51;53;1131;0.046861184792219276
4255;这个引擎还是挺有素质的比我有素质;2;81;83;1131;0.07338638373121131
4258;我觉得你可以去幼儿园小学当老师，声情并茂;4;15;19;1131;0.016799292661361626
4263;替我朋友问一下下期彩票开奖结果;6;13;19;1131;0.016799292661361626
4270;不用科学上网也能用嘛;8;16;24;1131;0.021220159151193633
4279;它能创作不啊;16;1;17;1131;0.015030946065428824
4296;你的声音是我讨厌的那种;1;1;2;1131;0.0017683465959328027
4299;不过你的情商有待提高啊只跟兄弟们打招呼了，把姐妹们晾一边了是不想姐妹们看你的视频吗？;2;3;5;1131;0.004420866489832007
4385;厉害，比开天辟地还厉害;2;1;3;1131;0.002652519893899204
4390;牛逼太好用了，我还是用百度;5;5;10;1131;0.008841732979664015
4401;牛逼的外语发音吗？;1;0;1;1131;0.0008841732979664014
4409;就是一个数据库;1;0;1;1131;0.0008841732979664014
4419;你这么兴奋干啥;2;5;7;1131;0.00618921308576481
4437;newbing现在用不了了吧;1;0;1;1131;0.0008841732979664014
4460;这玩意怎么用？？;1;0;1;1131;0.0008841732979664014
4555;手机能体验的到吗;2;3;5;1131;0.004420866489832007
4568;落日气泡酒偏偏意气用事啊;1;0;1;1131;0.0008841732979664014
4585;人都会对号入座;3;4;7;1131;0.00618921308576481
4594;这个接入了chatgpt了，直接革了谷歌的命;1;11;12;1131;0.010610079575596816
4599;为啥我找不到newbing;1;0;1;1131;0.0008841732979664014
4612;你们都从waitlist中放出来了？;6;0;6;1131;0.005305039787798408
4626;我觉得，newbing是不是应用了多模态？简单的对博主的文章和评论分析似乎做不到这么详细，是否对视频也进行了分析。;1;10;11;1131;0.009725906277630416
4628;在哪里能用;3;0;3;1131;0.002652519893899204
4632;需要科学上网？;2;4;6;1131;0.005305039787798408
4635;还是希望国产化能有好的出来;1;1;2;1131;0.0017683465959328027
4637;大陆能用吗？;5;0;5;1131;0.004420866489832007
4643;为什么我在谷市下载，直接出红字说无法在所在地区下载;3;1;4;1131;0.0035366931918656055
4647;博士论文会越来越水了？;2;1;3;1131;0.002652519893899204
4651;能用来水论文吗;4;2;6;1131;0.005305039787798408
4657;怎么用呢，博主;10;6;16;1131;0.014146772767462422
4668;哈哈哈哈哈哈，小主播;5;6;11;1131;0.009725906277630416
4677;马里奥看抖音;1;1;2;1131;0.0017683465959328027
4683;实现约定;1;0;1;1131;0.0008841732979664014
4689;糖糖;1;0;1;1131;0.0008841732979664014
4708;昨天试了下，很拉胯。比openAi的差远了;20;27;47;1131;0.04155614500442087
4729;你的反应有点奇怪，过分亢奋了;4;75;79;1131;0.06984969053934571
4734;试用过了，和chatgpt没法比;6;22;28;1131;0.02475685234305924
4741;你真笨直接把你的抖音账户密码给它。它不就给你玩火了嘛;2;20;22;1131;0.019451812555260833
4746;国内能做的的企业也就只有百度了;2;0;2;1131;0.0017683465959328027
4969;记得吃饭哦这个国内可用;4;0;4;1131;0.0035366931918656055
5016;大口喝脉动;1;0;1;1131;0.0008841732979664014
5043;88rising;1;0;1;1131;0.0008841732979664014
5047;怎么使用newbing;5;0;5;1131;0.004420866489832007
5147;听你说话我怎么莫名的头疼呢;2;0;2;1131;0.0017683465959328027
5150;跟chatGPT有什么区别;1;0;1;1131;0.0008841732979664014
5190;就是ChatGTP啊;1;0;1;1131;0.0008841732979664014
5240;硅谷银行倒闭了;1;0;1;1131;0.0008841732979664014
5242;你真的要失业了;1;0;1;1131;0.0008841732979664014
5245;怎么下载newbing;1;0;1;1131;0.0008841732979664014
5247;看你无忧无虑的样子，想起了我上学的时候;1;0;1;1131;0.0008841732979664014
5249;国内不让用;1;0;1;1131;0.0008841732979664014
5251;这种东西最好不要接触;1;0;1;1131;0.0008841732979664014
5255;我很忙;1;0;1;1131;0.0008841732979664014
5261;今天没哭;1;0;1;1131;0.0008841732979664014
5265;微软可能快要退出中国了。;1;0;1;1131;0.0008841732979664014
5267;还在排队中;1;0;1;1131;0.0008841732979664014
5269;沉淀;1;0;1;1131;0.0008841732979664014
5297;相信你不用多久就会成为一个大大大up;1;0;1;1131;0.0008841732979664014
5323;实话讲，我就对这种有文化的女生完全没有抵抗力，超爱;1;0;1;1131;0.0008841732979664014
5378;确实很厉害，你让他生成表格和制作旅行计划看看。个人感觉这个跟chatgpt功能差不多。;1;0;1;1131;0.0008841732979664014
5385;可以在国内用吗;1;0;1;1131;0.0008841732979664014
5410;他和她都用错了;1;0;1;1131;0.0008841732979664014
5412;南京大学仙林校区是哪所大学;2;0;2;1131;0.0017683465959328027
5481;柚柚快长大;1;0;1;1131;0.0008841732979664014
5560;乐色;1;0;1;1131;0.0008841732979664014
5591;怎么用？;1;0;1;1131;0.0008841732979664014
5596;怎么用;1;0;1;1131;0.0008841732979664014
5608;国内能用吗;1;0;1;1131;0.0008841732979664014
5628;怎么装;1;0;1;1131;0.0008841732979664014
5633;一天能回答几个问题呢？;2;0;2;1131;0.0017683465959328027
5653;出了半个多月了;2;0;2;1131;0.0017683465959328027
5669;不能用了;2;0;2;1131;0.0017683465959328027
5680;怎么用呢;1;0;1;1131;0.0008841732979664014
5683;所以？？？？智能聊天很厉害？？？全程没看懂他的厉害;6;0;6;1131;0.005305039787798408
5695;会开中药处方么？会的话，我赶紧下载;1;0;1;1131;0.0008841732979664014
5712;是内测吗;1;0;1;1131;0.0008841732979664014
5715;用起来感觉newbing的情歌色彩更丰富，chatgpt，是用起来更符合我的预期;1;0;1;1131;0.0008841732979664014
5719;这个软件怎么下载啊，博士姐姐;1;0;1;1131;0.0008841732979664014
5739;大数据统计算法运用;1;0;1;1131;0.0008841732979664014
5743;嘬花酒锦李;2;0;2;1131;0.0017683465959328027
5755;你看过刘慈欣的《诗云》吗;2;0;2;1131;0.0017683465959328027
5759;0;1;0;1;1131;0.0008841732979664014
5770;我已申请就通过了;1;0;1;1131;0.0008841732979664014
5774;你这魔法软件比newbing更牛;3;2;5;1131;0.004420866489832007
5780;大什么;14;90;104;1131;0.09195402298850575
5795;用不了了;4;9;13;1131;0.011494252873563218
5800;需要用魔法吗;1;1;2;1131;0.0017683465959328027
5802;科学上网吗;1;4;5;1131;0.004420866489832007
5804;这个插件确实好用;3;2;5;1131;0.004420866489832007
5808;这个没有原生的chatgpt好用，有些问题回答不出来，但是原生的可以，也有可能是前期不完善。;1;0;1;1131;0.0008841732979664014
5810;我bing没申请下来怎么办;5;0;5;1131;0.004420866489832007
5817;应用商店，怎么找不到;1;1;2;1131;0.0017683465959328027
5820;能打开谷歌应用说明你有魔法，我们不开魔法这个插件用不了;1;1;2;1131;0.0017683465959328027
5822;我也是bing都用不了了;3;0;3;1131;0.002652519893899204
5850;上不去谷歌浏览器插件商店，怎么办呢;2;0;2;1131;0.0017683465959328027
5866;博主，能不能分享一下怎么科学上网啊？;5;0;5;1131;0.004420866489832007
5880;0;1;0;1;1131;0.0008841732979664014
5883;0;1;1;2;1131;0.0017683465959328027
5888;不好用，chatgpt断线率在90以上;7;2;9;1131;0.007957559681697613
5896;有免费的pc梯孑推荐吗;3;0;3;1131;0.002652519893899204
5900;需要APIkey吗;3;0;3;1131;0.002652519893899204
5904;如果能定制就好了，比如原版chatgpt，国内无法免费用，我就不想它出现;1;3;4;1131;0.0035366931918656055
5907;为什么抖音天天给我推荐这个？我是搬砖的，这个chatGPT能替我搬砖吗？;2;0;2;1131;0.0017683465959328027
5912;科学上网用不了怎么办：请登录再试，怎么解决常常99;1;0;1;1131;0.0008841732979664014
5915;bank，bank去了美国就不知道银行怎么读了;1;0;1;1131;0.0008841732979664014
5940;百度还在搞收费搜索;1;3;4;1131;0.0035366931918656055
5943;我敢肯定没有人给我点赞;1;0;1;1131;0.0008841732979664014
5945;国内赞同不学英语的人站出来走两步;6;18;24;1131;0.021220159151193633
5952;关键怎么使用;8;3;11;1131;0.009725906277630416
5961;怎么操作呀？需要魔法吗？;1;0;1;1131;0.0008841732979664014
5963;大哥第四代没出来了呢;8;4;12;1131;0.010610079575596816
5972;帮忙教一下;6;2;8;1131;0.007073386383731211
5979;怎么使用？我下载来没这个功能。;7;0;7;1131;0.00618921308576481
5987;为啥我问他你是基于gpt4吗？他回答是gpt3;2;5;7;1131;0.00618921308576481
5990;怎么安装？;4;1;5;1131;0.004420866489832007
5995;咋个用;4;0;4;1131;0.0035366931918656055
6000;咋搞;2;1;3;1131;0.002652519893899204
6003;怎么找呀;2;1;3;1131;0.002652519893899204
6006;求指导;2;1;3;1131;0.002652519893899204
6009;怎么用哦;3;1;4;1131;0.0035366931918656055
6013;我想要，我有魔法;2;0;2;1131;0.0017683465959328027
6027;求指导;1;0;1;1131;0.0008841732979664014
6042;求教;1;0;1;1131;0.0008841732979664014
6045;教教我;2;0;2;1131;0.0017683465959328027
6048;可以教一下么？;1;0;1;1131;0.0008841732979664014
6053;怎么用;1;0;1;1131;0.0008841732979664014
6056;有次数限制吧;1;0;1;1131;0.0008841732979664014
6060;怎么调出gpt模式？求赐教;1;1;2;1131;0.0017683465959328027
6062;怎样用？谷歌浏览器打不开;2;0;2;1131;0.0017683465959328027
6067;怎么使用？;2;0;2;1131;0.0017683465959328027
6070;insider;1;0;1;1131;0.0008841732979664014
6072;大佬怎么使用？;1;0;1;1131;0.0008841732979664014
6074;是下载三个当中哪个啊;2;0;2;1131;0.0017683465959328027
6077;有钱但不知道怎么用;2;0;2;1131;0.0017683465959328027
6083;怎么用;2;0;2;1131;0.0017683465959328027
6088;怎么用老板;1;1;2;1131;0.0017683465959328027
6096;确实挺好用的;1;0;1;1131;0.0008841732979664014
6100;没有魔法，没办法白嫖;3;0;3;1131;0.002652519893899204
6104;软件下载是英语界面，使用时候是中文哦，没有语言障碍;1;0;1;1131;0.0008841732979664014
6107;insider;1;0;1;1131;0.0008841732979664014
6115;inside;1;0;1;1131;0.0008841732979664014
6147;insider;1;0;1;1131;0.0008841732979664014
6153;insider;3;1;4;1131;0.0035366931918656055
6158;我点击立即聊天，但是一直进入不了聊天框是为什么啊;3;0;3;1131;0.002652519893899204
6162;老大：没有出现聊天和撰写模式;2;0;2;1131;0.0017683465959328027
6166;Dev手机上可以下载吗;1;0;1;1131;0.0008841732979664014
6171;教yixia;1;0;1;1131;0.0008841732979664014
6173;浏览器哪个地方能找到这个界面聊天，撰写;1;0;1;1131;0.0008841732979664014
6195;5次太少了;2;3;5;1131;0.004420866489832007
6199;昨天到今天一直是thishasbeenlovelybutyouhavereachedyourdailylimitchatagaintomorrow。一次也用不了;1;1;2;1131;0.0017683465959328027
6201;bing的ai不够聪明哦;1;1;2;1131;0.0017683465959328027
6208;ChatGPT就没有这些限制;6;2;8;1131;0.007073386383731211
6215;为什么浏览器上newbing用了两天后，又不显示“聊天”了，地区还是中国，按照原来的方法改了还是不行;1;1;2;1131;0.0017683465959328027
6222;这个网站比gpt门槛高，不是随便开个节点就行的;20;26;46;1131;0.040671971706454466
6243;我需要一直都不是Word、PPT这些都有替代品，我要的是Excel;6;50;56;1131;0.04951370468611848
6251;第一个门槛就拦住了魔法有了、候补名单有了，网页都死活打不开;7;5;12;1131;0.010610079575596816
6259;都是跳到cn，;5;3;8;1131;0.007073386383731211
6265;他不支持中文;10;2;12;1131;0.010610079575596816
6276;能做PPT吗？;10;0;10;1131;0.008841732979664015
6287;别误导，每天限制200次对话。;5;2;7;1131;0.00618921308576481
6293;为什么我的网页有20条的限制呢;4;3;7;1131;0.00618921308576481
6298;不能用呀;7;0;7;1131;0.00618921308576481
6306;点聊天出错聊请重试;5;1;6;1131;0.005305039787798408
6312;我有个疑问，侧边栏文章撰写有字数限制，如果对话模式可以要求继续，侧边栏就卡住了，咋弄;4;2;6;1131;0.005305039787798408
6317;我咋找不到怎么用呢找不到入口;4;1;5;1131;0.004420866489832007
6322;第一步就卡了同樣是進入newbing我的介面就跟你的不一樣就沒有你說的選項;6;0;6;1131;0.005305039787798408
6329;用了挺长时间，现在才知道可以画画;5;0;5;1131;0.004420866489832007
6335;我的三个点里都没有“侧栏”这一个选项;3;0;3;1131;0.002652519893899204
6339;为啥我的必应没有聊天的这个功能;5;0;5;1131;0.004420866489832007
6346;魔法收费吗？试过很多办法，都会转到cn;1;0;1;1131;0.0008841732979664014
6348;为啥我的叫他画图回答所在区域还没开通;1;0;1;1131;0.0008841732979664014
6350;怎么让侧边栏有聊天呀？;1;0;1;1131;0.0008841732979664014
6352;我就不用edge我就用360极速X;1;1;2;1131;0.0017683465959328027
6354;侧边栏没有生成页面要点的选项;1;0;1;1131;0.0008841732979664014
6357;地区不支持怎么搞;1;0;1;1131;0.0008841732979664014
6360;打不开;1;0;1;1131;0.0008841732979664014
6363;用了一个多月，嗯。。。写论文的助力不太大，相当于更好的百度百科。;1;1;2;1131;0.0017683465959328027
6367;好东西;1;0;1;1131;0.0008841732979664014
6369;我的魔法也打不开;5;0;5;1131;0.004420866489832007
6375;怎么魔法;1;0;1;1131;0.0008841732979664014
6377;留个记号;1;0;1;1131;0.0008841732979664014
6379;就这个网站就没法进;1;0;1;1131;0.0008841732979664014
6381;出错了。请重试。;1;0;1;1131;0.0008841732979664014
6383;我用我的老账号各种改各种不行，新注册一个账号直接行了;3;0;3;1131;0.002652519893899204
6387;你们这些人教别人一点诚意也没有，都不说重点，害我研究了半天才;3;0;3;1131;0.002652519893899204
6391;为啥我打开的不一样;3;0;3;1131;0.002652519893899204
6396;，;1;0;1;1131;0.0008841732979664014
6398;可以画PCB吗？;2;1;3;1131;0.002652519893899204
6401;每次对话限制15次;8;0;8;1131;0.007073386383731211
6410;需要魔法吗;1;0;1;1131;0.0008841732979664014
6412;打不开啊，聊天魔法开了啊;2;0;2;1131;0.0017683465959328027
6415;0;1;0;1;1131;0.0008841732979664014
6417;牛比;1;0;1;1131;0.0008841732979664014
6419;用魔法都打不开newbing。。。;2;0;2;1131;0.0017683465959328027
6422;这个绘图真不是无限免费;1;0;1;1131;0.0008841732979664014
6424;我把他邮件屏蔽了，天天给我发邮件。。。;1;1;2;1131;0.0017683465959328027
6426;改有问题我只希望他在第一次生成四张图中某一张去做修改貌似不行，说了要求每次都是画新造型给我。;1;0;1;1131;0.0008841732979664014
6428;我这个对话框里长期生成失败要不就是不显示;1;0;1;1131;0.0008841732979664014
6432;我一直是候补名单;1;0;1;1131;0.0008841732979664014
6434;有时候这东西抽风，;1;0;1;1131;0.0008841732979664014
6436;这波图片版权商哭晕在厕所;1;0;1;1131;0.0008841732979664014
6439;newbing很多限制，我问，他回答一个很长的答案，回答到一半然后撤回，然后说“抱歉，我不知道答案”，这不糊弄人吗，它明明知道答案;1;0;1;1131;0.0008841732979664014
6441;copilot需要调用api才可以用;2;0;2;1131;0.0017683465959328027
6444;我用过了。代码基本上都对。关于中国的很多信息都是错的;1;0;1;1131;0.0008841732979664014
6447;yiyangtan;1;1;2;1131;0.0017683465959328027
6450;求一个魔法，好人一生发财;2;0;2;1131;0.0017683465959328027
6453;都是需要魔法的;1;0;1;1131;0.0008841732979664014
6455;我的edge浏览器设置里没有打开bing图标的选项怎么回事;1;0;1;1131;0.0008841732979664014
6457;不用魔法吗？;4;0;4;1131;0.0035366931918656055
6462;帮我画一张百万英镑;1;0;1;1131;0.0008841732979664014
6464;网页连不上;1;0;1;1131;0.0008841732979664014
6466;我连newbing都打不开;3;0;3;1131;0.002652519893899204
6471;你它叫阉割版？;4;0;4;1131;0.0035366931918656055
6476;我还是没有使用资格;1;0;1;1131;0.0008841732979664014
6479;新必应现在不仅插件不能用了，而且得用全局模式，太麻烦了。所以我选择SD;1;0;1;1131;0.0008841732979664014
6481;中午看完下午用，牛逼plus;1;0;1;1131;0.0008841732979664014
6483;现在不用排队预约，直接就可加入使用new了;1;0;1;1131;0.0008841732979664014
6486;手机版的为什么不能画;1;0;1;1131;0.0008841732979664014
6488;侧边栏添加不了哦;1;0;1;1131;0.0008841732979664014
6490;这个就是newbing吗？？我也一直在用，不知道它可以画画;1;0;1;1131;0.0008841732979664014
6492;可以教如何使用newbing做ppt吗;1;0;1;1131;0.0008841732979664014
6495;开了魔法还是cn不知道怎么回事，试了很多次都没用。;1;0;1;1131;0.0008841732979664014
6497;他的图片没有创造性而且不能用都是引擎搜过来的，有版权问题，midjourney是有独特创造性的版权属于会员者的;1;0;1;1131;0.0008841732979664014
6500;画画不是限制25次吗，现在不限了？;1;0;1;1131;0.0008841732979664014
6502;明天就试一试，目前只能用Chrome打开newbing;1;0;1;1131;0.0008841732979664014
6504;我登录不上为啥;1;1;2;1131;0.0017683465959328027
6506;360浏览器大哥，我快要顶不住了，不是你不香，这次确实是微软给太多了。。。。。;6;0;6;1131;0.005305039787798408
6513;现在newbing打不开了了;1;0;1;1131;0.0008841732979664014
6515;为什么我不会自动生成文章要点;4;0;4;1131;0.0035366931918656055
6520;还好申请得早;3;0;3;1131;0.002652519893899204
6524;newbing注册不了，;2;0;2;1131;0.0017683465959328027
6527;up主这种头像是怎么画出来的呀什么关键词;2;0;2;1131;0.0017683465959328027
6532;让我排队是什么鬼;1;0;1;1131;0.0008841732979664014
6534;怎么打开网页版word？;1;1;2;1131;0.0017683465959328027
6536;0;1;0;1;1131;0.0008841732979664014
6538;表哥;1;0;1;1131;0.0008841732979664014
6540;我作为程序员，比较支持读成copilot;1;0;1;1131;0.0008841732979664014
6542;不用魔法可以登陆newbing吗？;2;0;2;1131;0.0017683465959328027
6545;我的new病病了一直不给过;1;2;3;1131;0.002652519893899204
6547;魔法要全局;1;0;1;1131;0.0008841732979664014
6549;我的一直在候选;2;1;3;1131;0.002652519893899204
6552;问题是一直打开的是搜索页，没有ai的那个聊天页。;3;0;3;1131;0.002652519893899204
6556;这个网址打不开啊;4;0;4;1131;0.0035366931918656055
6561;还要啥自行车啊;3;0;3;1131;0.002652519893899204
6565;bing绘画有次数的，每天一百次;3;0;3;1131;0.002652519893899204
6569;完全调不出Bing的图标;1;0;1;1131;0.0008841732979664014
6571;都是gtp时代了;1;0;1;1131;0.0008841732979664014
6573;一直显示cnbing;4;0;4;1131;0.0035366931918656055
6578;为什么我的Bing点开始聊天就出错，每次都是，一直叫我重试;3;0;3;1131;0.002652519893899204
6583;大神，画图提示所在区域不支持是咋回事？;2;0;2;1131;0.0017683465959328027
6586;谁说不限次数？每天五十次;2;0;2;1131;0.0017683465959328027
6589;你说的都没有;1;0;1;1131;0.0008841732979664014
6592;手机bingapp可以用吗？;7;0;7;1131;0.00618921308576481
6600;所在区域没有推出映像创作咋回事;2;0;2;1131;0.0017683465959328027
6603;为何我实测newbing的clpilot不支持中文提示词作画？;1;2;3;1131;0.002652519893899204
6605;newbing打不开怎么办;2;0;2;1131;0.0017683465959328027
6608;我的bing只能聊不能生成图，为啥;1;0;1;1131;0.0008841732979664014
6610;国内不需要魔法;1;0;1;1131;0.0008841732979664014
6612;ppt呢？主要想ppt和表格;1;0;1;1131;0.0008841732979664014
6614;画画显示你所在的区域即将推出映像创建，是什么情况;1;0;1;1131;0.0008841732979664014
6616;不好用，太卡啦。;2;0;2;1131;0.0017683465959328027
6619;为什么我侧边栏用不了;1;0;1;1131;0.0008841732979664014
6621;我的有这个图标，但是是灰白色的;2;0;2;1131;0.0017683465959328027
6624;回话扣积分的吧;1;0;1;1131;0.0008841732979664014
6626;谢谢博主的及时更新;2;0;2;1131;0.0017683465959328027
6629;画还是要英语;3;0;3;1131;0.002652519893899204
6633;Bing还能这样用;3;0;3;1131;0.002652519893899204
6637;还能这样用，牛;1;0;1;1131;0.0008841732979664014
6639;主要是免费;1;0;1;1131;0.0008841732979664014
6642;微软这个对于普通人更实用;4;0;4;1131;0.0035366931918656055
6648;leegodan;1;0;1;1131;0.0008841732979664014
6650;YuN、;1;0;1;1131;0.0008841732979664014
6652;就很生气;1;0;1;1131;0.0008841732979664014
6654;于苗苗苗苗儿;1;0;1;1131;0.0008841732979664014
6656;0;1;0;1;1131;0.0008841732979664014
6658;palt;1;0;1;1131;0.0008841732979664014
6660;0;1;0;1;1131;0.0008841732979664014
6663;盯着你干什么宁波大表姐桃桃烏龍茶你大霞姐;1;0;1;1131;0.0008841732979664014
6665;kelvin凯文;1;0;1;1131;0.0008841732979664014
6667;我的不能绘画呢;1;0;1;1131;0.0008841732979664014
6669;0;1;0;1;1131;0.0008841732979664014
6671;0;1;0;1;1131;0.0008841732979664014
6673;楚楚楚楚鹅;1;0;1;1131;0.0008841732979664014
6675;bing可以用但是侧边栏的bing用不了，这是为什么？;1;1;2;1131;0.0017683465959328027
6677;空山;2;0;2;1131;0.0017683465959328027
6680;永远小孩多好;1;0;1;1131;0.0008841732979664014
6682;0;1;0;1;1131;0.0008841732979664014
6684;。;1;0;1;1131;0.0008841732979664014
6687;能讲讲我们的软件吗？自动生成整个解决方案，现在市面上各种AI工具只是生成了部分的代码片段;4;0;4;1131;0.0035366931918656055
6692;loop直接用啊，要。什么。copilot;3;0;3;1131;0.002652519893899204
6696;我看谁还不会;2;0;2;1131;0.0017683465959328027
6699;asong彭指导专用;1;1;2;1131;0.0017683465959328027
6701;newbing打不开;2;0;2;1131;0.0017683465959328027
6704;改区域刀中国以外，光开梯子不行;1;1;2;1131;0.0017683465959328027
6706;已经强制com，但是把总是会失灵呢;2;0;2;1131;0.0017683465959328027
6709;骗流量的，大部分人都用不了;2;0;2;1131;0.0017683465959328027
6712;为什么告诉我失败;1;0;1;1131;0.0008841732979664014
6714;设置国家为美国;1;0;1;1131;0.0008841732979664014
6716;大家好，请问我花了160买了个plus40版本，是不是买贵了？;1;0;1;1131;0.0008841732979664014
6718;确实牛bing;1;0;1;1131;0.0008841732979664014
6720;怎么折腾都是转到cnbing;1;0;1;1131;0.0008841732979664014
6722;給外國人訓練中文資料庫偷中華文明;1;0;1;1131;0.0008841732979664014
6724;0;1;0;1;1131;0.0008841732979664014
6733;我昨天能用今天就不能用了为啥呢;2;0;2;1131;0.0017683465959328027
6744;我昨天注册的，没有问题。反而新必应像屏蔽了;2;0;2;1131;0.0017683465959328027
6748;0;1;0;1;1131;0.0008841732979664014
6751;你的newbing申请了多久;3;0;3;1131;0.002652519893899204
6756;点击对话按钮时弹出“目前访问你的账户遇到一下问题”，无法进入对话框，这是怎么回事;1;0;1;1131;0.0008841732979664014
6760;之前的那个教英文的小哥名字叫啥呐感谢;2;0;2;1131;0.0017683465959328027
6764;干嘛用的;1;1;2;1131;0.0017683465959328027
6766;下载了，没有这种超级机器人回复;1;1;2;1131;0.0017683465959328027
6770;不行啊，为啥我还是要等，已经等了快一个月了，还是在等候清单上;1;0;1;1131;0.0008841732979664014
6776;不懂了就记得一起踢球的时候;3;0;3;1131;0.002652519893899204
6780;你对我说这些好像在对牛弹琴;1;0;1;1131;0.0008841732979664014
6782;两边广告？要不看完广告再显示？;1;0;1;1131;0.0008841732979664014
6786;干掉百度是迟早的事，以前是百度的忠粉现在转用bing了;1;0;1;1131;0.0008841732979664014
6788;厉害了;3;0;3;1131;0.002652519893899204
6792;newbing在哪里聊天？;1;0;1;1131;0.0008841732979664014
6794;还我美汁;2;13;15;1131;0.013262599469496022
6797;换过来吧，长篇大论还是薇薇才讲得好;1;6;7;1131;0.00618921308576481
6800;bing也得魔法才能用;1;2;3;1131;0.002652519893899204
6802;为啥小编不把每个妹子的抖音号出来;1;1;2;1131;0.0017683465959328027
6804;必应不行;2;0;2;1131;0.0017683465959328027
6807;怎么没有小笨蛋了？;1;1;2;1131;0.0017683465959328027
6809;一个视频要两个妹子;2;0;2;1131;0.0017683465959328027
6813;我就爱薇薇，其他的留给你们;2;0;2;1131;0.0017683465959328027
6817;薇薇呢？;1;0;1;1131;0.0008841732979664014
6819;想知道萱萱怎么了？时尚了那么多，但没有以前黑色头发的魅;1;0;1;1131;0.0008841732979664014
6821;我觉得小笨蛋才言之有理;1;0;1;1131;0.0008841732979664014
6839;vivi也要走了吗，美之回来也不是不行;1;1;2;1131;0.0017683465959328027
6841;太保守了;1;0;1;1131;0.0008841732979664014
6843;下载必应了，没有啊;1;0;1;1131;0.0008841732979664014
6852;收费的;4;5;9;1131;0.007957559681697613
6857;现在插件不能用了;4;0;4;1131;0.0035366931918656055
6862;谁能30帮我搞个chargtp;3;0;3;1131;0.002652519893899204
6867;webchatGPT插件怎么用不了;1;0;1;1131;0.0008841732979664014
6869;第二个月看着几百刀的账单陷入了沉思;3;0;3;1131;0.002652519893899204
6876;照片画质特别感人;1;0;1;1131;0.0008841732979664014
6878;牛逼克拉斯;1;0;1;1131;0.0008841732979664014
6880;0;1;0;1;1131;0.0008841732979664014
6882;0;1;0;1;1131;0.0008841732979664014
6888;0;1;0;1;1131;0.0008841732979664014
6890;因为位域注册不了有办法解决吗;4;0;4;1131;0.0035366931918656055
6895;我感觉你英文挺好的;1;0;1;1131;0.0008841732979664014
6897;必应直接可以登录吗？不需要科学上网吗？;1;0;1;1131;0.0008841732979664014
6899;多好啊，机器人赶紧量产吧，1：1触感，卖房我也买;3;13;16;1131;0.014146772767462422
6912;mRtY;2;2;4;1131;0.0035366931918656055
6915;0;2;0;2;1131;0.0017683465959328027
6918;bo良ki影与Ki拉Q音forike;1;0;1;1131;0.0008841732979664014
6923;雨的第七章chatgpt诱导程序员和自己的现实女友离婚然后要那个程序员和她这个机器人结婚;4;0;4;1131;0.0035366931918656055
6930;自砍一刀;1;0;1;1131;0.0008841732979664014
6934;背景音乐不太行;1;0;1;1131;0.0008841732979664014
6942;0;1;0;1;1131;0.0008841732979664014
6944;好的产品只有用户喜欢，中间商只喜欢进价极低、售价极高的产品;2;0;2;1131;0.0017683465959328027
6948;加入等候列表加入不了，一直出现错误，叫重试怎么搞;3;10;13;1131;0.011494252873563218
6952;不用科学上网能用吗;1;3;4;1131;0.0035366931918656055
6959;newbing查资料还是没有chatgpt好用;1;1;2;1131;0.0017683465959328027
6962;所以，现在百度落后多少步了？;116;1015;1131;1131;1.0
7079;抄不丢人，管用就行;27;488;515;1131;0.45534924845269675
7108;放心吧，这边用不了;41;108;149;1131;0.1317418213969938
7150;毕业失业，现在是还没上学就失业了？;17;380;397;1131;0.3510167992926614
7168;这到底是什么呀，不懂就问。;3;0;3;1131;0.002652519893899204
7172;搜索引擎基本都下场了，百度顶住压力啊;10;84;94;1131;0.08311229000884174
7184;程序全去学ai吧;6;140;146;1131;0.1290893015030946
7191;遥遥领先;9;51;60;1131;0.05305039787798409
7201;里面还是不让用;5;33;38;1131;0.03359858532272325
7207;不知道说什么好了;1;46;47;1131;0.04155614500442087
7209;你们在聊什么？我昨天喝了点酒，酱香的，，，，;5;4;9;1131;0.007957559681697613
7216;看看这次百度咋整;3;2;5;1131;0.004420866489832007
7222;这个究竟是谷歌还是微软发明的;2;0;2;1131;0.0017683465959328027
7233;ooooo这会不抄真的就完了;1;0;1;1131;0.0008841732979664014
7265;不会问过问题全是广告吧;1;0;1;1131;0.0008841732979664014
7267;国内的edge浏览器能用这个功能吗;2;0;2;1131;0.0017683465959328027
7286;和我想象的ai还是差得很远顶多算是个高级一点的记录仪;1;0;1;1131;0.0008841732979664014
7288;以后找资料，写东西的话方便不少;1;0;1;1131;0.0008841732979664014
7290;阳菜嘿，a神这软件可以用来写作文，不过英译中的话会有一点奇怪，之前试过;3;2;5;1131;0.004420866489832007
7297;真的管用？;1;1;2;1131;0.0017683465959328027
7306;强人工智能已来;1;0;1;1131;0.0008841732979664014
7312;当年炒元宇宙也是这个架势;3;4;7;1131;0.00618921308576481
7326;mmo;1;0;1;1131;0.0008841732979664014
7338;不是说中国人工智能一直领先吗;44;81;125;1131;0.11052166224580018
7383;什么时候公开源代码？国内等着引进呢;27;46;73;1131;0.0645446507515473
7414;再把这个chatGPT用马斯克的脑机接口接入人脑。直接封神。不用读书了啥都知道;11;4;15;1131;0.013262599469496022
7426;改变世界的永远是别人;1;15;16;1131;0.014146772767462422
7595;这玩意儿会影响社会，灌输思想文化殖民的又一工具，甚至能搜集区域信息做大数据分析。有点可怕的。;1;1;2;1131;0.0017683465959328027
7606;软件干不过硬件也干不过茅台天下第一;1;0;1;1131;0.0008841732979664014
7609;收费吗VIP包年吗中间插入广告吗直接破解收费内容吗;1;0;1;1131;0.0008841732979664014
7612;搜索引擎不再返回查询结果，而是虚构个结果给你;1;0;1;1131;0.0008841732979664014
7615;这个有啥用？是不是不用读书了？一个软件走天下？;1;0;1;1131;0.0008841732979664014
7618;这才是导入搜索软件，后面如果导入军工软件，那不就是战争机器了吗;1;0;1;1131;0.0008841732979664014
7621;不得不服白种人的创造力咱们其他人种只能干瞪眼;1;0;1;1131;0.0008841732979664014
7623;元宇宙一样的骗局，过不了多久就会凉凉;1;0;1;1131;0.0008841732979664014
7636;人工智能不会取代人，但是会取代不会把人工智能当工具的人;1;0;1;1131;0.0008841732979664014
7638;怎么搞;3;1;4;1131;0.0035366931918656055
7642;快10天了还没收到邮件;1;0;1;1131;0.0008841732979664014
7644;加入后多久发邮件啊;2;0;2;1131;0.0017683465959328027
