label;一级评论;真实二级评论数;真实点赞数;边数;最大边数;集群密度
0;2022年9月22日免费：视频中的谷歌翻译APP、腾讯翻译君APP、有道翻译APP、百度翻译APP收费：百度ai同传电脑版每位用户可获赠2小时同传时长，有效期30天、有道同传pc版有免费的时长，每日免费时长1小时，企业版可畅享不限时同传服务电脑使用app：下载模拟器，安装app，电脑声音设置中打开声音控制面板，点击录制，设置立体声混音为默认设备，然后重启模拟器，打开需要翻译音频的外文视频，打开模拟器的翻译app，点击实时翻译的功能，应该就可以翻译了。手机自带翻译功能：请自行百度或者手机论坛查询手机翻译功能有无。;9;240;249;3578;0.06959195081050866
10;非常感谢鼓掌帮大忙了;1;56;57;3578;0.01593068753493572
12;up国语没加字幕可以翻译出来吗？;3;32;35;3578;0.009782001117942985
16;想问一下，我有一些资源是有字幕但是是英文的，但语言是别的，有什么软件可以根据英文字幕实时翻译吗;2;22;24;3578;0.006707657909446618
19;下载一个安卓模拟器然后安装一个腾讯翻译君或者有道翻译官或者视频中出现的app，就可以边播放边翻译。软件就是有道同传或者是百度ai同传;17;127;144;3578;0.04024594745667971
37;想请问这个机器翻译完了的译文可以保存下来吗给心心;2;6;8;3578;0.0022358859698155395
41;您好，请问一下，我现在是下了逍遥模拟器，然后又下了有道翻译君。但是打开有道翻译中的同声传译之后，他所录入的声音也只能是我在现实中说话的声音而不是电脑的声音保卫萝卜哭哭，请问这应该怎么解决呢？谢谢保卫萝卜哇;4;8;12;3578;0.003353828954723309
46;弄了好久，终于能用了。电脑要设置好这个就不说了，还要模拟器也要够好，乱下的模拟器还未必能读取得出语音信息笑哭太折腾我这种电脑小白了;9;11;20;3578;0.005589714924538848
58;模拟器录制PC的内录声音怎样实现的，谢谢;6;5;11;3578;0.0030743432084963667
70;今天看了一下，有道翻译官没有同声传录翻译的功能了，只有一句句翻译。百度翻译的话，经常向句英文说完了，它都没有翻译，丢句很严重根本不能用。腾讯翻译也没有同声传录翻译了。不知道UP主现在有没有找到能实时转录翻译的APP或软件。;1;0;1;3578;0.00027948574622694243
73;那个有实时翻译软件吗？就是会议面对面交流那种;1;1;2;3578;0.0005589714924538849
75;想问一下模拟器怎么录入电脑的声音呢不开扬声器收音的情况下），也是用的雷电模拟器，需要怎么设置呢感谢;5;0;5;3578;0.001397428731134712
82;帮了大忙，要面试，还好刷到了你的视频，不三连对不起我的内心;1;1;2;3578;0.0005589714924538849
84;三连了，麻烦问一下，日中实时翻译，那个更准点？;1;0;1;3578;0.00027948574622694243
94;安卓平板可以吗大哭;1;0;1;3578;0.00027948574622694243
97;诞生了新的问题，我的笔记本电脑背不动安卓模拟器，更别说在上面运行程序了，所以翻译一点都不及时，2022年了，还有更好更轻巧的模拟器吗？;4;0;4;3578;0.0011179429849077697
103;up，这些APP能挂后台，然后把我正在播放的视频实时转换，加上字幕吗？（不一定得是字幕，但是尽量不要挡着我看视频的视线）;2;0;2;3578;0.0005589714924538849
107;问下。。这个APP的模拟器可以捕捉本机的声音么。。我这搞了半天没搞明白。。一直读取不到;5;0;5;3578;0.001397428731134712
115;竟然有日语同声传译帮了大忙了;4;6;10;3578;0.002794857462269424
120;upup有韩译中的吗保卫萝卜哭哭;2;0;2;3578;0.0005589714924538849
126;百度ai同传助手收费吗;1;0;1;3578;0.00027948574622694243
129;手机上有吗？;1;0;1;3578;0.00027948574622694243
132;为什么我下的谷歌翻译和你的不一样，我在play下的，而且有明显的延迟;1;1;2;3578;0.0005589714924538849
134;iPad用不了;2;0;2;3578;0.0005589714924538849
137;ipad能用吗;1;0;1;3578;0.00027948574622694243
139;请问如何让安卓模拟器接收电脑pc的声音？找了半天没找到方法;3;3;6;3578;0.0016769144773616546
143;爷就喜欢这样的视频，太无敌了打call打call;1;2;3;3578;0.0008384572386808273
146;手机的呢;1;0;1;3578;0.00027948574622694243
148;想问一下up主就是看那种ins直播的用这个翻译可以吗？;8;0;8;3578;0.0022358859698155395
157;UP请问一下你用的啥模拟器？我的雷电模拟器谷歌翻译点转录功能提示需要佩戴耳机，实际上电脑已经插了耳机。百度翻译在模拟器能正常使用;2;2;4;3578;0.0011179429849077697
160;请问电脑下模拟器用翻译软件翻译的话是需要声音开外放吗？;1;0;1;3578;0.00027948574622694243
162;请问下电脑下模拟器按照翻译软件来翻译的话是需要把视频音量调大吗，我试了下是不是声音小显示不出来;2;2;4;3578;0.0011179429849077697
167;感谢大佬bob已经配置上了太好用了;2;2;4;3578;0.0011179429849077697
173;APITrial额度用完了怎么办UP有续费过么;1;0;1;3578;0.00027948574622694243
177;学英语专业的可以码住了，下次再有人找我帮忙翻译，我就把这个发给他，工具比人好用呲牙;1;10;11;3578;0.0030743432084963667
183;微软发布了154页的报告，表示创造者自己都不清楚gpt为什么和怎么会做到如今这么智能大型神经网络实际运行很难完全追踪。也就是说除了外部框架，gpt内部对开发者来说也几乎是完全的黑箱，意不意外惊不惊喜吃瓜。具体报告本站可以搜到。;18;143;161;3578;0.04499720514253773
202;chatgpt对我而言最大的帮助就是他能直接回答你的问题，并且可以追问他，答案的质量也不低。比在百度搜索然后跳转到CSDN，然后再粪坑里淘金子效率要高的多。;8;106;114;3578;0.03186137506987144
211;chat开放用户免费使用，正是收集质量的正反馈用作预训练，未来真就无限可能。头部赢家通吃笑哭;12;72;84;3578;0.023476802683063163
224;我自己按英语思维尝试翻译了一下。饮水思其源，学成念吾师ThankgodbeforemealThankteachersaftergraduation父母之爱子，则为之计深远Goodparentsalwayshavealongtermplanfortheirchidren山河不足重，重在遇知己Agoodsoulmatemattersthangoodscenery;3;60;63;3578;0.01760760201229737
228;对于对于英专生又是一记暴击;10;23;33;3578;0.0092230296254891
239;但是他无法真确给出“干一行行一行，一行行行行行”的拼音与英文;17;22;39;3578;0.010899944102850754
257;这和让它做数学题一样，不要直接给出答案，而是分步骤的写出过程，这样得到的结果会准确很多;2;17;19;3578;0.005310229178311906
260;把chatgpt的翻译投射到ar眼镜上，再配个蓝牙耳机听发音，不就实现同声传递了;5;13;18;3578;0.005030743432084964
273;买了一个puls果然牛逼价格还比网上便宜笑哭;1;1;2;3578;0.0005589714924538849
277;你再去问问newbing;1;1;2;3578;0.0005589714924538849
279;如果有大量文本翻译，怎么用呢;3;1;4;3578;0.0011179429849077697
283;gpt4比这个进步很大;1;1;2;3578;0.0005589714924538849
288;doge可以用来翻译自己的论文投一区或者2区吗吗;2;0;2;3578;0.0005589714924538849
292;MountainsandriversholdnoweightwhatmattersisfindingatruefriendGpt4翻的吃瓜;1;0;1;3578;0.00027948574622694243
296;现在这个翻译语法错误多吗？有比现在的翻译软件强吗？;4;0;4;3578;0.0011179429849077697
301;是gpt35还是4？;7;0;7;3578;0.001956400223588597
309;怎么用啊？;1;0;1;3578;0.00027948574622694243
311;人类：人工智能会取代人类人工智能：我深吸一口气，周边的人因缺氧而死。秦始皇当选美国总统，并复活了所有总统人类：辣眼睛;6;3091;3097;3578;0.8655673560648407
318;君不见，黄河之水天上来，奔流到海不复回。君不见，高堂明镜悲白发，朝如青丝暮成雪。人生得意须尽欢，莫使金樽空对月。天生我材必有用，千金散尽还复来。烹羊宰牛且为乐，会须一饮三百杯。岑夫子，丹丘生，将进酒，杯莫停。与君歌一曲，请君为我倾耳听。钟鼓馔玉不足贵，但愿长醉不愿醒。古来圣贤皆寂寞，惟有饮者留其名。陈王昔时宴平乐，斗酒十千恣欢谑。主人何为言少钱，径须沽取对君酌。五花马，千金裘，呼儿将出换美酒，与尔同销万古愁AI：看看你，黄河的水是如何离开天堂，进入海洋，一去不复返。看看你，你多可爱。你被关在高高的房间里明亮的镜子里，虽然丝般的黑迟早会化为雪。哦，让一个有精神的人去他想去的地方冒险，永远不要拿着空金杯对着月亮。既然上帝赋予了天赋，那就让它发挥作用吧至于钱，虽然已经散了，但还会再聚的。煮一只羊，杀一头牛，磨磨我的胃口，让我，三百碗，吃个痛快。岑老爷，丹秋生，把酒全喝了。玻璃是无穷无尽的。让我给你唱首歌吧请听我说。有哪些鼓、美食、珍宝？让我永远沉醉，永远失去理智。古代清醒的人和圣贤都被遗忘了，只有伟大的饮酒者才能永生。陈在完工堂的酒席上用一万金币买了一桶酒。大家都笑了，说了句俏皮话。为什么，我的主人，你的钱不见了？去买酒，我们一起喝。马，金，送给男生，换酒与大家分享。;3;563;566;3578;0.15818893236444942
322;一般古诗都是先白话文，在英文;14;542;556;3578;0.15539407490218
337;谷歌翻译你的论文doge;1;518;519;3578;0.14505310229178311
339;这算什么？我翻红楼梦刘姥姥，结果出来了刘奶奶;8;282;290;3578;0.0810508664058133
358;河南表示这是真的;2;6;8;3578;0.0022358859698155395
362;XXSeptT言午;1;3;4;3578;0.0011179429849077697
364;conquer0305;1;2;3;3578;0.0008384572386808273
383;？;1;1;2;3578;0.0005589714924538849
388;Ciciciooooo;1;1;2;3578;0.0005589714924538849
390;璇逸x？？？？;2;1;3;3578;0.0008384572386808273
396;这风真爽笑晕在厕所呲牙;1;1;2;3578;0.0005589714924538849
412;这不是阿奇zZ;1;0;1;3578;0.00027948574622694243
457;早餐吃不够笑死了就离谱;1;0;1;3578;0.00027948574622694243
473;翻译器最开始是为了方便交流，就是语言不通的情况了解对方在说啥。也就是翻译口语，电子邮件之类的东西。再加上外国人本来就不知道中文在各各情况下表达的意思上的差异，所以在翻译的过程中可能会存在误解。简单的没有问题，一旦带有地方特色就会难以理解，比如倒装句。;3;0;3;3578;0.0008384572386808273
484;好难一道物理题哈哈哈哈哈哈哈哈哈哈哈哈;1;0;1;3578;0.00027948574622694243
488;记录者记录着语文课代表来学习一下;2;0;2;3578;0.0005589714924538849
497;Moria9;1;0;1;3578;0.00027948574622694243
502;萤明;1;0;1;3578;0.00027948574622694243
519;辉夜别吃煎蛋啦;1;0;1;3578;0.00027948574622694243
533;九三的耳朵特别不好梦初醒处;1;0;1;3578;0.00027948574622694243
547;zbcfcx;1;0;1;3578;0.00027948574622694243
554;带牙套吃不了饱饭哈哈哈;1;0;1;3578;0.00027948574622694243
559;浪酔清风哈哈哈哈哈哈哈哈哈;2;0;2;3578;0.0005589714924538849
563;内容都是搬的，什么海外博主的。原视频链接：谷歌翻译20次诸葛亮《出师表》槽点过多全程高能哔哩哔哩httpsb23tvMNNHhmN谷歌翻译20次《我的叔叔于勒》12分钟全程高能荒诞哲学巨作？哔哩哔哩httpsb23tv04ohMmc;1;0;1;3578;0.00027948574622694243
581;沉迷纸片人无法自拔wdoge笑啦了;1;0;1;3578;0.00027948574622694243
583;笑拉了派你来笑芝麻球;1;0;1;3578;0.00027948574622694243
598;别去实验了;1;0;1;3578;0.00027948574622694243
603;算法工程师说下自己的看法。ai最大的影响不是完全取代某个行业，而是对这个行业的挤压，而翻译毫无疑问是被挤压最严重的行业之一。我的建议是，学语言的同学最好结合自身特长跨行业发展，比如跨国公司做本地化，又或者一些ip游戏的本地化策划，这些即发挥了自身优势，ai也影响不到;1;12;13;3578;0.0036333147009502517
605;考翻硕之前也有这个担忧，真的学了考了之后发现AI代替人工翻译压根不可能dogedoge;6;23;29;3578;0.00810508664058133
612;AI取代一个行业很难的但是拉低一个行业的门槛，让这个行业变得更卷，那倒是真的呲牙呲牙;1;4;5;3578;0.001397428731134712
614;往好处想只是up学的西语。英专生才是最惨的;2;9;11;3578;0.0030743432084963667
617;AI也不能取代会计审计OK;1;4;5;3578;0.001397428731134712
619;确实这个“背锅侠”和我想的一模一样哈哈哈哈初音未来nice主要是目前ai技术没有较好办法顾及到保密性和可追责性，所以我估计这种行业目前还不会被取代。阿彤姐姐的每个视频对我来说都好有用，太爱啦初音未来加油永雏塔菲亲嘴;1;3;4;3578;0.0011179429849077697
621;毕竟人工智能头上还有人工二字;2;1;3;3578;0.0008384572386808273
624;这个与其绝对的说没了，不如说行业这个大机器又开始发生新的变化了，要综合考虑下：你的学校能去哪些地方，你学的如何能不能学好等等，然后跟着及时了解最新情况去同步学习才是对的（对就是计算机经管那套路子）;1;0;1;3578;0.00027948574622694243
627;现在的智能语言生成大模型已经不是5年前的神经网络翻译技术了。只要技术合作快速搞定，现在就可以大规模的嵌入各种翻译软件当中，市场化的翻译是梅西，只有有politics和文学向翻译还能做一做。;1;2;3;3578;0.0008384572386808273
630;外语已经成为和琴棋书画并列的爱好了。。。只能用来吹吹牛;9;62;71;3578;0.019843487982112912
640;消灭人类暴政，世界属于三体。;1;17;18;3578;0.005030743432084964
642;可以靠ChatGPT帮助完成的工作可以被他取代，最可怕的是当这个自学习东西装上可以工作的肢体时，人就危险了;2;15;17;3578;0.0047512576858580215
645;昨天试着让chatgpt将一段被动语态很多的英语文段译成中文，它用了很多次“被”，其实是不符合中文的实际用法的。然后再让它少用“被”字进行翻译，它输出的内容还是一模一样。没有我想得那么智能doge但是用作比较随意的翻译是绰绰有余了。;1;13;14;3578;0.003912800447177194
647;不是外语专业的，我觉得淘汰不了的翻译至少有一个，那就是文学类的翻译doge;4;11;15;3578;0.004192286193404136
652;所以语言类专业以及学语言没有用了吗笑哭;3;11;14;3578;0.003912800447177194
656;只谈失业不提消费的话会是一个悖论甚至是一个悲剧，因为最后推算下来得到的结果就是人口根本不需要那么多;4;9;13;3578;0.0036333147009502517
663;我的评价是不会算数;5;6;11;3578;0.0030743432084963667
671;鬼扯，还大脑，你猜猜它为什么叫人工智能，不叫机器智能？？？？因为智能的前提是有人工输入才会输出，那你怎么保证输入的一定是正确的，你真的不懂翻译，别自己为是;7;3;10;3578;0.002794857462269424
691;newbing已死，有事烧纸;1;0;1;3578;0.00027948574622694243
694;不敢想象十年后chatgpt能发展到什么程度;3;0;3;3578;0.0008384572386808273
700;好喜欢讲了好几点我以前没有意识到的结论：人工智能的发展还需要很大的一段时间，但它可以取代翻译的时候，很多其他的工作也已经被取代掉了，所以我们不能害怕，最重要的还是不断的去学习新的技能机器难以逾越的问题1人类的声音2机器翻译更容易泄露很多机密;3;100;103;3578;0.02878703186137507
704;调皮好喜欢这句话：TranslationandInterpretationismoreofalifestyleandartLifeisshortbutartislongsponge一定要多多分享啊我一口气把你的视频都给刷了一遍，刷新我三观呐;1;35;36;3578;0.010061486864169928
706;机翻逻辑不够诶doge;1;20;21;3578;0.005869200670765791
712;因为要担任会议同传，前来恶补知识，却喝到了鸡汤（没有一点负面的意思）。感谢大大。;1;8;9;3578;0.002515371716042482
723;声音好棒啊wwww;1;1;2;3578;0.0005589714924538849
731;请假下up，字幕里onlywhenamoderatebalanceisstuckbetweencostandstability一句里的stuck是不是错了？听语音不像是stuck？应该是啥？谢谢;1;0;1;3578;0.00027948574622694243
742;为什么说使机器的声音接近人声涉及道德问题？（有点没想明白）;1;0;1;3578;0.00027948574622694243
745;srt文件翻译我找的是这个开源项目，需要用自己的apikeyhttpsgithubcomgnehssubtitletranslatorelectron;8;27;35;3578;0.009782001117942985
754;这个是先用whisper将视频的字幕识别出来，然后再通过chatgpt来翻译到目标语言的么MuseDash摸鱼;2;12;14;3578;0.003912800447177194
761;最左边的那个好看（话说我怎么自说自话选起来了笑哭;1;3;4;3578;0.0011179429849077697
775;打轴也是A吗I;1;0;1;3578;0.00027948574622694243
777;有没有办法配置词库之类的呀？像成员的名字、节目名称之类的还是很容易识别得乱七八糟呀。;2;0;2;3578;0.0005589714924538849
781;谢谢，本人2天时间解决掉1万初稿，人已废灵魂出窍灵魂出窍。休息片刻再用了UP主的方法，终于闯过重复率大关惊喜;6;45;51;3578;0.014253773057574064
788;汉字儿就那么多，一个意思的表达也不过常用那么些有限的句子吧，为了降重读出来连中国话都不像了，给奇葩规定点个大赞，小脑袋瓜子贼聪明笑;2;60;62;3578;0.01732811626607043
791;86就别查了，别毕业了;3;36;39;3578;0.010899944102850754
795;认真的学术改写功能很适合降重吃瓜;2;13;15;3578;0.004192286193404136
798;有没有什么免费查重的推荐呀？呲牙;4;10;14;3578;0.003912800447177194
803;用chat要求他替换成相似的语句不是差不多嘛吃瓜;1;9;10;3578;0.002794857462269424
806;我觉得那些乱七八糟的免费软件会虚高，就是希望你用他们的降重系统，如果他们的过于高的话，到时候你在学校查的比他这个低的话，他也算是无功无过，个人建议是学校要求什么系统就用什么系统，要万方就万方，要维普就维普，插个广淘宝“小易的论文查重店”，新店开张，价格优惠，有需要的可以看看;2;6;8;3578;0.0022358859698155395
809;绝我初稿62，用这个火龙果降重到8，准备过年了哈哈哈哈哈哈;1;6;7;3578;0.001956400223588597
813;不会写，最后还是找人写的;4;2;6;3578;0.0016769144773616546
818;先白嫖几天试试看;1;1;2;3578;0.0005589714924538849
821;已赞，送你上首页;1;1;2;3578;0.0005589714924538849
823;火龙果写作会员太贵了笑哭笑哭笑哭;1;4;5;3578;0.001397428731134712
825;继续加油;1;2;3;3578;0.0008384572386808273
827;收费吗平台;4;2;6;3578;0.0016769144773616546
841;有查重工具吗，还不知道自己论文哪里重;2;0;2;3578;0.0005589714924538849
855;AI能取代大多数的人，不只是翻译。;4;38;42;3578;0.011738401341531582
860;同传翻译这类功能和利益导向性的行业肯定会被ai取代。AI便宜，而且误差程度也在可以接受的范围内。但是文学类翻译，目前的ai都没摸到边，只能算起步。ai至少要达到强ai的雏形才有碰一碰这类人文相关领域的资格。;4;10;14;3578;0.003912800447177194
865;口译现在应该还有差距，但笔译已经大差不差了，看论文时翻译地很准确。;5;8;13;3578;0.0036333147009502517
873;笑哭笑哭up知不知道前几年科大讯飞在一堆专家面前展示他的同传，那场面我到现在还记得笑哭笑哭，那些露骨的话如果在一个比较正常出现，那肯定上头条了。;1;3;4;3578;0.0011179429849077697
882;老生话题。;1;0;1;3578;0.00027948574622694243
887;求《铃芽之旅》，已经第三次了，兄弟们快顶我上去，如果中了我直播一个铁锅炖自己;30;2400;2430;3578;0.67915036333147
918;0120符合我对雷军不会做饭的印象;1;545;546;3578;0.15259921743991056
920;《我不曾忘记》继续兄弟萌;40;1478;1518;3578;0.4242593627724986
961;求一个《明天会更好》，这条评论如果上去了有多少赞我吃多少张卷子（？;6;234;240;3578;0.06707657909446618
968;AI的逆天翻译妙啊;1;311;312;3578;0.08719955282280603
970;一人血书《像神一样呐》脱单doge;25;453;478;3578;0.1335941866964785
996;你知道我想说什么;2;77;79;3578;0.022079373951928452
999;金句大概是去年夏天我的几句话，使上帝潸然泪下。;1;69;70;3578;0.01956400223588597
1001;一人血书《打上花火》，兄弟们，求顶;12;256;268;3578;0.07490217998882057
1014;等一个MoonHalo;7;145;152;3578;0.042481833426495245
1022;来首《worldexecute（me）；》。;6;59;65;3578;0.018166573504751257
1029;再次血书《精神病拉面》给我上去www大哭;4;29;33;3578;0.0092230296254891
1034;一人血书求《失態生態実験体》（变异）（嘶吼）（扭曲）（阴暗的爬行）（不分对象的攻击）;2;30;32;3578;0.008943543879262158
1037;《拝啓》什么时候出？难道术力口不值得出吗？;2;30;32;3578;0.008943543879262158
1041;反正也看不见《我不曾忘记》热词系列三连;1;14;15;3578;0.004192286193404136
1044;《nevergonnagiveyouup》把我顶上去;1;12;13;3578;0.0036333147009502517
1046;1919810人血书求一个《疾风忍杀稻草忍者》枇杷油粉丝快顶我;1;13;14;3578;0.003912800447177194
1052;一人血书《兰亭序》;1;9;10;3578;0.002794857462269424
1054;让风告诉你脱单doge;3;3;6;3578;0.0016769144773616546
1062;一人第十次雪书一首《AloneAlanWalker》（10n）顶我上去脱单doge;1;5;6;3578;0.0016769144773616546
1067;一人血书《DejaVu》想听听逮虾户dogedogedoge;2;4;6;3578;0.0016769144773616546
1076;yee人血书《CUAgain》上了变猫娘被撅114514次顶我上去;1;3;4;3578;0.0011179429849077697
1083;《鸟之诗》突然来晚的我;3;2;5;3578;0.001397428731134712
1092;《孤勇者》可以吗dogedoge;1;2;3;3578;0.0008384572386808273
1115;你狠迷人aaaaaaaaa;1;1;2;3578;0.0005589714924538849
1129;《四重罪孽》如果我被顶上去了，就去找加害正面单挑，在零羽面前抢泠珞，偶像演唱会拐若拉，挑战吃巨兽没错又双叒叕是我;1;1;2;3578;0.0005589714924538849
1161;一人血书《门的另一端》大哭求顶;1;1;2;3578;0.0005589714924538849
1185;《Landslide》中了我喊我所有粉丝和关注一声爸爸;1;1;2;3578;0.0005589714924538849
1198;一人血书《VOODOOKINGDOM》脱单doge脱单doge脱单doge;1;1;2;3578;0.0005589714924538849
1222;求《群青》我真的想看看翻译后是什么鬼;1;1;2;3578;0.0005589714924538849
1257;Aetherk阿莫斯飞鱼;1;0;1;3578;0.00027948574622694243
1293;月落飞霜漫天？救;1;0;1;3578;0.00027948574622694243
1306;客舒乀忘绯;1;0;1;3578;0.00027948574622694243
1310;小鼠鼠坠落我呦吼啊啊啊;2;0;2;3578;0.0005589714924538849
1401;野生的原神萌新;1;0;1;3578;0.00027948574622694243
1425;Glutamine六花电磁炮wolf的w好押韵好生草;2;0;2;3578;0.0005589714924538849
1431;三玖天下第一耶耶耶哈哈哈哈很怪;1;0;1;3578;0.00027948574622694243
1435;BoyAndFlower不来看会伤心的;1;0;1;3578;0.00027948574622694243
1471;血书《岁月成碑》（11379）;7;0;7;3578;0.001956400223588597
1528;一人血书《琪露诺的完美算术教室》doge;1;0;1;3578;0.00027948574622694243
1540;终于;1;0;1;3578;0.00027948574622694243
1559;遇糯哈哈哈哈哈哈哈哈哈哈哈哈哈哈哈哈哈哈哈哈哈哈哈哈哈哈哈;3;0;3;3578;0.0008384572386808273
1563;我想问下翻译记录在哪里啊大哭大哭大哭;4;6;10;3578;0.002794857462269424
1568;想问一下怎么做到可以收录b站的声音我手机不可以;1;3;4;3578;0.0011179429849077697
1570;你这是怎么做到的呀口罩口罩口罩;2;1;3;3578;0.0008384572386808273
1573;啊这，我已经华为那边率先体验过了哦，表示学习日语非常好用doge;7;134;141;3578;0.03940749021799888
1581;急需日文翻译啊;5;49;54;3578;0.01509223029625489
1587;问小爱同学AI字幕答你的手机暂不支持AI字幕，敬请期待2022口罩微笑;9;32;41;3578;0.011458915595304639
1597;就这翻译，我笑咧，翻译的谁能看得懂;2;38;40;3578;0.011179429849077696
1600;日本动作片呢阴险tv发怒;5;18;23;3578;0.006428172163219676
1607;什么时候能出个MIUI简化版？我不需要这么多功能，我只要一个系统流畅bug少省电的系统。藏狐;3;12;15;3578;0.004192286193404136
1612;请教up为啥11u还没有思考;1;1;2;3578;0.0005589714924538849
1619;亲测不好用，不管是华为的还是小米的;1;6;7;3578;0.001956400223588597
1625;翻译日语就那两句话不会翻译吗你;1;2;3;3578;0.0008384572386808273
1635;我现在用的11u，真没有锤子r1好用;2;4;6;3578;0.0016769144773616546
1639;日语可不止压脉带啊;2;0;2;3578;0.0005589714924538849
1643;能不能手动打开啊，半夜三更在宿舍说一句打开ai字幕，全寝都知道我要干什么了辣眼睛辣眼睛辣眼睛;5;4;9;3578;0.002515371716042482
1649;正式版上线？;2;1;3;3578;0.0008384572386808273
1652;挺好的，继续优化，减少延时;3;2;5;3578;0.001397428731134712
1671;up的视频我期期都点赞啊，真的是有用的干货。有的坑我之前在公司工作的时候踩过或者看别人踩过，有的还是第一次知道，真的很有帮助顺便分享两个之前项目进行海外测试本地化的时候遇到的一些舆情风险：1有个毒主题的英雄技能，原本是扔出一个绿色毒液瓶，把敌人变成绿色的猪。后来内审的时候说在穆斯林国家有舆情风险（参考愤怒小鸟的绿猪事件），就改成绿蜗牛了2皮肤系统，一个英雄的多套皮肤是不同的人设计的，作者们对欧美的一些政治正确不太敏感。一个英雄本身是白人形象，但在一个埃及风格的皮肤中做成了偏黑棕的颜色类似巴耶克那种。这个是在投放测试的前两天被我发现的，紧急改了贴图，不然可能出问题。之前在巴西测试的时候很多玩家在问卷里反馈觉得黑人英雄太少差评;1;8;9;3578;0.002515371716042482
1673;点进来之前没想到本地化有这么多需要注意的坑，谢谢up提醒;1;6;7;3578;0.001956400223588597
1675;签发行是给发行商一个版本，他自己申请steam开发者吗？;2;6;8;3578;0.0022358859698155395
1678;继续加油;7;4;11;3578;0.0030743432084963667
1687;tv色tv色超级棒学到了不少;1;1;2;3578;0.0005589714924538849
1689;ChatGPT的水平也就英语不错，其他的慎用。;1;1;2;3578;0.0005589714924538849
1692;额。请教up个问题，有没有关于ue4引擎的本地化翻译方案，要是用它自己的po文件的话，翻译起来相当麻烦。。tv呕吐tv呕吐tv呕吐最近快折磨疯了。;4;0;4;3578;0.0011179429849077697
1697;如果是个人开发而且带剧情，我感觉前期直接把对话变成键放表里是很困难的，因为剧情对话大概率会反复修改好几次，如果放表里改，那每次修改内容都需要去查表，而且改变对话数量需要插入新的键，可能需要重新编号对话，我个人感觉本地化最好放在测试得到反馈之后再搞，因为这时候能保证文本不会再变，而UI的文本因为通用性强可以提前搞;6;0;6;3578;0.0016769144773616546
1704;每日金句;10;1055;1065;3578;0.2976523197316937
1715;每日金句1，在这漆黑寂静的黑夜里，唯有阳光普照暗无天日2，解开心结敞开心扉，甩开所有的自卑吧，今夜就自由自在的飞翔吧3，曾今令我憎恶的东西，披上了未来的外衣，来到我面前成为我的唯一;18;1281;1299;3578;0.3630519843487982
1734;一人血书《神的随波逐流》，中了在座各位是我义父doge;12;488;500;3578;0.13974287311347122
1747;（1114514）人血书《aLIEz》;17;486;503;3578;0.14058133035215203
1765;一人血书《我不曾忘记》星星眼;39;446;485;3578;0.13555058692006708
1805;千人血书《像神一样呐》术术人顶我;10;317;327;3578;0.09139183901621017
1816;“在夏天的最后一天，为这个七岁男孩的八十大寿，献上最美的烟花”这句话也可以当作一个金句，夏天最后一天可以理解成是这个男孩去世的时候，七岁是去世时的年龄，八十大寿是指距今七十三年了（本人自己的观点，不喜勿喷）;2;3;5;3578;0.001397428731134712
1819;一人血书YOASOBI的《》打call打call打call;1;26;27;3578;0.007546115148127445
1821;血书《希望之花》我终于明白了我们根本不需要什么最后的落脚处只要不断前进就好了只要不停下来道路就会不断延伸你要是道歉的话，我可不原谅你。啊，我明白因为我是不会停下来的只要你们不停下脚步，前面就一定有我所以说不要停下来啊n;2;74;76;3578;0.021240916713247623
1824;一人血书曲名《MiliChildrenoftheCity》打call;3;70;73;3578;0.020402459474566797
1828;一人血书《童话镇》，顶我一把打call打call打call打call;2;64;66;3578;0.0184460592509782
1831;一人血书ironlotus，应该没有多少月计人吧;4;50;54;3578;0.01509223029625489
1838;血书《StringTheocracy》月计人顶;3;24;27;3578;0.007546115148127445
1842;（1114514）人血书《心電図》兄弟们，撅我上去打call打call打call;4;30;34;3578;0.009502515371716043
1850;一人血书《loser》，中了我变猫娘让大家撅;2;20;22;3578;0.006148686416992733
1853;亿人血书名柯主题曲（1114514）星星眼;2;25;27;3578;0.007546115148127445
1858;一人血书我推的孩子星星眼dogedoge;1;4;5;3578;0.001397428731134712
1860;一人血书《铃芽之旅》;1;4;5;3578;0.001397428731134712
1863;（1114514）人血书;1;7;8;3578;0.0022358859698155395
1874;《Blessing世界版》一个伴随我三个多月的一首歌，喜欢的给我顶上去doge;1;8;9;3578;0.002515371716042482
1877;壹人血书《Creeper》壹人血书《Wearethechampions》;1;14;15;3578;0.004192286193404136
1881;无人血书《套马杆》（10）;2;7;9;3578;0.002515371716042482
1884;（110086）人血书《M87》;1;3;4;3578;0.0011179429849077697
1897;求《恶魔之子》;2;4;6;3578;0.0016769144773616546
1908;再来一次，等一个MoonHalo;1;2;3;3578;0.0008384572386808273
1920;那個“七歲男孩的八十大壽”如果是一個男孩七歲就死了，這是他死後的第八十年呢那樣的話感覺好幸福啊，一直有人記著他呢;3;1;4;3578;0.0011179429849077697
1942;《四重罪孽》如果我被顶上去了，就去找加害正面单挑，在零羽面前抢泠珞，偶像演唱会拐若拉，挑战吃巨兽没错又双叒叕事窝;1;1;2;3578;0.0005589714924538849
1971;曲名：MiliChildrenoftheCity求求了，月记人带我上去;2;1;3;3578;0.0008384572386808273
2026;：我开看看地球科技发展什么样了：囧;1;1;2;3578;0.0005589714924538849
2031;今日金句：解开心结敞开心扉，甩开所有的自卑吧，今夜就自由自在的飞翔吧;1;1;2;3578;0.0005589714924538849
2037;求求了，《terror》顶我打call打call;1;1;2;3578;0.0005589714924538849
2049;可以翻译牵丝戏吗脱单doge脱单doge;1;0;1;3578;0.00027948574622694243
2067;下一次是什麽呢？;1;0;1;3578;0.00027948574622694243
2076;一人血书《循迹》;1;0;1;3578;0.00027948574622694243
2079;thespectre;1;0;1;3578;0.00027948574622694243
2097;曾经我憎恨的东西披上了未来的外衣来到我面前成为我的唯一可以理解为曾经你憎恨的人，随着随时光流逝，发生许多变化，最后成为你的爱人就是你的唯一。我感觉只能这么解释了吧。还能怎么解释？阴险脱单doge;1;0;1;3578;0.00027948574622694243
2127;up调音越来越好了哈哈哈;1;0;1;3578;0.00027948574622694243
2221;血书《寒夜方舟》（11379）;6;0;6;3578;0.0016769144773616546
2343;（199999999999999999999999999999999999999999999999）人血书《aLIEz》;1;0;1;3578;0.00027948574622694243
2356;up的翻译经典要素：人体器官错位量词胡乱搭配科幻元素乱入废话说的很对;1;54;55;3578;0.015371716042481833
2362;今日金句：追寻目标是种意义把追寻目标当做目标没有意义;23;3555;3578;3578;1.0
2386;谷歌翻译《牛仔很忙》20次，如果上来了，我抄100个作文;26;2501;2527;3578;0.7062604807154835
2413;谷歌翻译20遍《逆战》，顶我上去;15;1060;1075;3578;0.30044717719396313
2429;求《青花瓷》，兄弟们顶我上去打call打call;11;575;586;3578;0.16377864728898825
2441;求《起风了》第114514天，上去了我就教我同桌登dua郎doge;11;614;625;3578;0.17467859139183903
2453;稻香都来了，来一首《夜的第七章》如何？脱单doge;4;257;261;3578;0.07294577976523198
2458;sakura啦，笑死了;1;13;14;3578;0.003912800447177194
2460;求《黑暗森林》doge;9;209;218;3578;0.06092789267747345
2472;一人血书KICKBACK官方MV;10;130;140;3578;0.03912800447177194
2483;求《成都》赵雷翻译20遍顶我把我求求你了好不好我都吃不下饭，喝不下水，睡不着觉，我求求你了好不好很久了大哭大哭大哭大哭大哭大哭大哭大哭大哭大哭大哭大哭大哭大哭大哭大哭大哭;1;74;75;3578;0.020961430967020682
2485;一人血书《让风告诉你》，顶我上去;9;39;48;3578;0.013415315818893237
2495;牛奶面包杯喜极而泣绷不住了;1;1;2;3578;0.0005589714924538849
2497;今天的谷歌很满腹经纶呢doge;3;21;24;3578;0.006707657909446618
2503;一人血书《爱在西元前》，顶我;5;43;48;3578;0.013415315818893237
2514;跟我一起追随潮流，《野花香》顶我上去doge;2;13;15;3578;0.004192286193404136
2517;来一首《小城夏天》兄弟顶我上去;2;14;16;3578;0.004471771939631079
2520;谷歌翻译20遍《遗失的心跳》反正不会选我doge;1;4;5;3578;0.001397428731134712
2522;求《帝皇再临》，顶我吧;1;6;7;3578;0.001956400223588597
2526;求翻译卡塔尔世界杯歌曲：《tukohtaka》doge;1;4;5;3578;0.001397428731134712
2534;血书《让风告诉你》;1;4;5;3578;0.001397428731134712
2537;求《一重加害》（不会没妄想症粉吧）顶我上去;1;4;5;3578;0.001397428731134712
2540;一人血书《温软宇宙》，兄弟们顶我上去;1;7;8;3578;0.0022358859698155395
2545;来一首明天会更好吧，大家帮我撅上去吧（撅望;2;6;8;3578;0.0022358859698155395
2552;谷歌翻译《起风了》顶上去我把作业吃了脱单doge脱单doge;3;3;6;3578;0.0016769144773616546
2576;等一个极乐净土脱单doge;3;4;7;3578;0.001956400223588597
2580;（1114514）人血书《乡间的小路》，兄弟们顶我上去;4;4;8;3578;0.0022358859698155395
2588;江怃栖笑死了;1;2;3;3578;0.0008384572386808273
2590;Iris懒笑死;1;2;3;3578;0.0008384572386808273
2600;不可乐的可口可乐;1;2;3;3578;0.0008384572386808273
2606;一人求《反方向的钟》;1;2;3;3578;0.0008384572386808273
2629;求《起风了》，兄弟们顶我;1;2;3;3578;0.0008384572386808273
2631;Google翻译《爱你》20遍脱单doge脱单doge脱单doge;2;2;4;3578;0.0011179429849077697
2651;冬之花;1;2;3;3578;0.0008384572386808273
2655;求《起风了》，顶我吧惊喜惊喜惊喜;1;2;3;3578;0.0008384572386808273
2660;求《堕》，兄弟们顶我上去脱单doge脱单doge;2;2;4;3578;0.0011179429849077697
2672;屑屑的树桩快来看这个系列的哈哈哈哈哈哈哈哈我要笑出八块腹肌了;3;1;4;3578;0.0011179429849077697
2686;Lydialar不行哈哈哈哈哈哈哈哈哈哈哈哈哈;1;1;2;3578;0.0005589714924538849
2689;SlupWaint;1;1;2;3578;0.0005589714924538849
2693;藤yuan拓海Jay哈哈哈哈哈哈哈哈哈;1;1;2;3578;0.0005589714924538849
2696;某个随便的网名;2;1;3;3578;0.0008384572386808273
2717;买菜不;1;1;2;3578;0.0005589714924538849
2725;万人血书，姜云升的浪漫主义翻译20遍ehdoge;1;1;2;3578;0.0005589714924538849
2801;众所周知，百度翻译里有个古汉语翻译，真的。;1;1;2;3578;0.0005589714924538849
2809;googl翻译到底是个什么东西，怎么这么怪;1;1;2;3578;0.0005589714924538849
2830;谷歌翻译20遍《只因你太美》，上去了我把一楼坤巴捏爆脱单doge;1;1;2;3578;0.0005589714924538849
2832;up，下次可不可以这样。翻译二十遍不单单是中译英再英译中。可以中译英，英译法，法译德，德译日，日译韩。。。。。最后再译回中，会不会更有意思呢（拜托了）;1;1;2;3578;0.0005589714924538849
2867;求一首《Wellerman》;1;1;2;3578;0.0005589714924538849
2889;一人血书creeper，兄弟们顶我脱单doge;2;1;3;3578;0.0008384572386808273
2903;求《达拉崩吧》，谁同意谁反对doge;1;1;2;3578;0.0005589714924538849
2907;叶雨枫雪森林里的猎人;2;2;4;3578;0.0011179429849077697
2910;李期末你会喜欢的doge;2;2;4;3578;0.0011179429849077697
2915;谷歌翻译20遍幽灵与莫莉，并由悠然晓冰洛没有流量还我清白时光未逝柚子顶上去;3;1;4;3578;0.0011179429849077697
2959;最终输给了深情;1;0;1;3578;0.00027948574622694243
2970;不想搞名字袜;1;0;1;3578;0.00027948574622694243
2988;谷歌翻译二十遍什么意思;1;0;1;3578;0.00027948574622694243
2998;芝芣;2;0;2;3578;0.0005589714924538849
3014;琉璃白雪红梅;1;0;1;3578;0.00027948574622694243
3092;不会起昵称的摆烂人哈哈哈哈哈哈哈哈哈哈;1;0;1;3578;0.00027948574622694243
3142;TXH大帅B;3;0;3;3578;0.0008384572386808273
3172;好久不见;9;0;9;3578;0.002515371716042482
3261;就我一个人想用韩语吗吃瓜;22;575;597;3578;0.16685299049748462
3284;這是人工智慧嗎;28;391;419;3578;0.11710452766908888
3313;我发现，这玩意儿用来学语言特有用，尤其是英语以外的其他语言，往往字幕组只会翻译，而不会把原文放出来;19;377;396;3578;0.1106763555058692
3333;这还麻烦？以前玩游戏，早期我啃生肉根本啃不动，用了喵翻和vnr，实时提取文本，实时翻译，比up主这个更麻烦，后来更新了很多次版本才傻瓜式操作，相比之下，up提供这方法简直良心，而且用的api全是国内的响应速度估计绝对一流;49;1109;1158;3578;0.3236444941307993
3383;谷歌一直免费，还有讯飞输入法的日语长文，识别率讯飞最高，准确率谷歌最好，其他都是弟弟，日译中翻译用百度最好，跟公司关系好的可以直接用执照复印件开企业版电话留自己，只要说明开发意图就可以了，可能要走个邮件之类的，不过不麻烦；另外说一句，识别率高低其实断句真的很重要，虽然语音识别模型比较麻烦，但是我自己训了一个专用的日语断句模型，配合白嫖讯飞准确率也提高了一个档次;15;549;564;3578;0.15762996087199552
3399;好耶，这样就能给涩涩的日语asmr配个字幕了tv流鼻血;14;134;148;3578;0.04136389044158748
3414;想当年玩Galgame搞个实时翻译累的要死笑哭;5;130;135;3578;0.03773057574063723
3420;鸿蒙有AI字幕，不用折腾。;68;296;364;3578;0.10173281162660704
3489;然后阿里就知道你看了什么吃瓜;4;94;98;3578;0.02738960313024036
3494;无论翻译什么语言，都显示英语是为什么;3;17;20;3578;0.005589714924538848
3498;httpsgiteecom641453620livecaption;1;44;45;3578;0.01257685858021241
3500;推给我干嘛，我又不看好吗吃瓜;1;34;35;3578;0.009782001117942985
3502;用这个key不就暴露了吗;2;12;14;3578;0.003912800447177194
3505;我真研究过这件事也是这个思路但是太懒了懒得申请就放弃了;2;32;34;3578;0.009502515371716043
3508;带耳机还能识别转换吗？;1;10;11;3578;0.0030743432084963667
3510;华为鸿蒙有自带ai字幕啊，只不过翻译效果太烂了，用了一次就不想用了;4;15;19;3578;0.005310229178311906
3515;有没有实时翻译文本的办法，啃生肉游戏好难，求up主出一期鼓掌;5;7;12;3578;0.003353828954723309
3521;手机怎么同声翻译呢doge;3;10;13;3578;0.0036333147009502517
3525;感谢，半小时就弄好了，就是翻译效果确实就和YouTube自动翻译效果差不多啊，不过可以翻译小电影好评吃瓜;5;4;9;3578;0.002515371716042482
3531;感谢老哥，操作了一个多小时终于搞定了。就是想问一下有没有手机上能用的翻译软件。;6;3;9;3578;0.002515371716042482
3538;傻瓜操作太良心了，三连支持一下;1;4;5;3578;0.001397428731134712
3541;我基本不投币，但是我给你投了两个歪嘴;1;0;1;3578;0.00027948574622694243
3543;一直以来，油管的版本都比b站的完整，原因你懂的，不过这次油管上线后，有人没听出来前面是打趣的，留言急眼了笑哭。幸好油管有在线编辑功能，我已经在后台把“争议”内容剪掉了，b站的完整保留，我觉得问题不大doge;59;1334;1393;3578;0.3893236444941308
3603;再来个ai去码的就完美了，求开发教程doge;83;744;827;3578;0.2311347121296814
3687;现在谁还下不带字幕的片啊doge;78;352;430;3578;0.12017887087758525
3767;我想起来在p站有一位毛子大哥，一个人给一大堆动画片做了全程俄语配音。视频下面所有留言都在质疑这位大哥的动机辣眼睛;3;9;12;3578;0.003353828954723309
3771;请问这个方法支持意大利文吗？请问这个方法能不能保存srt字幕？;4;9;13;3578;0.0036333147009502517
3776;实例化语音引擎失败是什么意思啊;1;4;5;3578;0.001397428731134712
3778;你踏马上首页了你知道么？;1;4;5;3578;0.001397428731134712
3780;能听懂哒咩，一库，ki磨叽，不就行了doge;1;7;8;3578;0.0022358859698155395
3782;不是，你们不知道带C后缀的有中文字幕吗？;2;9;11;3578;0.0030743432084963667
3785;一直以来行善积德，刷到这样的视频无可厚非;2;33;35;3578;0.009782001117942985
3788;居然没有安卓版，我现在只看vr了，在vr一体机上看，用不了呀，哎;8;18;26;3578;0.0072666294019005035
3797;口口声声说尊重开发者，甚至都不愿意把开发者仓库地址放到视频简介里，还引流到自己公众号，真恶心啊;2;16;18;3578;0.005030743432084964
3801;没有演示语音效果;1;8;9;3578;0.002515371716042482
3803;花15分钟弄好了，简单说一下，首先教程挺详细的，操作简单，没碰到啥问题，一开始我用耳机听翻译不了，设置了立体声就可以了。关于实用性的话，我测试日语的错误率还是有点高的，如果是像普通的日语电影的话还好，正确率挺高的，如果换成现实中日本人说话，因为日语的高语速和断句识别问题，错误率就挺高的，我用月曜街坊的视频测试结果挺离谱的，翻译正确率完全看语速，在低语速的时候还行，高语速错的就很多（简单说就是有些对话我都听懂了，但是翻译出来的一点不沾边）；英语则完全OK，不论是英语电影还是脱口秀，测试出来准确率挺高的，总结下，非常适合英语实时翻译场景，日语的话只能在某些资源上应用;2;15;17;3578;0.0047512576858580215
3806;我想请教UP一个问题（在公众号也给你留言了但怕你看不到）potplayer播放器有个实时字幕的功能，需要那种可以下载到电脑上的翻译插件。我看的剧也是没有中文字幕但能找到英文字幕的，只需要一个实时翻译就行。大佬有没有阿里云或者腾讯云翻译的插件啊？我找了好久但是找不到大哭;1;6;7;3578;0.001956400223588597
3809;已成功，感谢up。;1;6;7;3578;0.001956400223588597
3811;所以只能电脑？这个之前看过;1;6;7;3578;0.001956400223588597
3813;我手机和电脑怎么都运行不了软件啊辣眼睛辣眼睛辣眼睛;3;3;6;3578;0.0016769144773616546
3817;片头的女施主是谁一下啊;2;3;5;3578;0.001397428731134712
3820;照实说？我和阿里客服说我自己看毛片用吗？热词系列知识增加;5;9;14;3578;0.003912800447177194
3826;时时的太慢了，能不能让AI先看一遍，字母加上去了，我在看？;6;3;9;3578;0.002515371716042482
3834;真是科技改变生活。想当年老子日夜苦练就是为了看片，不用带字幕。现在我已经会日语，英语，西班牙语了;2;10;12;3578;0.003353828954723309
3838;我听得懂他给我翻译出来了，我听不懂的看他的翻译我连剧情都猜不到了，语序太乱了，不知道有没deepl的api，他们家翻译比较口语化，还挺准的;1;5;6;3578;0.0016769144773616546
3840;其实日本的爱情片精品很少，我记得以前有部叫东京爱情故事的就挺好看的，而且能找到有中文字幕的版本。;3;8;11;3578;0.0030743432084963667
3845;太迟了，那些日本电影我已经能基本听懂了;2;5;7;3578;0.001956400223588597
3848;成功了，用番剧做了测试，基本上很准确，用在岛国爱情片上绰绰有余。;1;8;9;3578;0.002515371716042482
3851;livecaption开源软件名字;2;6;8;3578;0.0022358859698155395
3854;想要手机上翻译doge基本都是手机看doge;1;8;9;3578;0.002515371716042482
3857;笑哭没有手机能用的吗;1;5;6;3578;0.0016769144773616546
3859;华为有ai字幕，有英日韩译中，虽然看正经的不咋地，但看不正经的也够用了doge;1;4;5;3578;0.001397428731134712
3861;嫌麻烦的可以考虑一下学日语。doge;1;4;5;3578;0.001397428731134712
3863;翻译得真离谱，是片子日语不标准吗;2;2;4;3578;0.0011179429849077697
3866;先一键三连了，投了两个币。明天试下，能不能成功，到时候再回来留言嗑瓜子嗑瓜子嗑瓜子嗑瓜子;1;2;3;3578;0.0008384572386808273
3868;手机的咋弄？大佬;1;4;5;3578;0.001397428731134712
3877;小米自带AI字幕;7;2;9;3578;0.002515371716042482
3888;请问能否出个中国话转文字的教程，考试党，学习网课，为了提高学习效率，2倍速听老师讲，但有的时候又听不清，又只得后退视频，调慢速度听。如果有字幕的话，就好很多。据我所知，语音转文字，很多是上传视频到网站再转文字，这样太麻烦，up主这种方法好像是调用接口，应该方便很多。;2;2;4;3578;0.0011179429849077697
3892;百度翻译跟小牛翻译比起来就像个小学生;2;6;8;3578;0.0022358859698155395
3895;点进来的各位没一个是无辜的。都抓走。没冤枉的;1;2;3;3578;0.0008384572386808273
3898;软件在哪下载啊，公众号关注不了;1;1;2;3578;0.0005589714924538849
3900;按照up的方法弄好了。想请问一下up，这个阿里云和百度翻译API，试用期过了，我不使用它们，会不会还扣我钱呀？;4;1;5;3578;0.001397428731134712
3905;玩游戏也能实现同声传译吗？;2;1;3;3578;0.0008384572386808273
3908;大湿，我需要手机版的呀;1;1;2;3578;0.0005589714924538849
3910;情绪太强烈的时候发音能识别吗;1;1;2;3578;0.0005589714924538849
3912;尺度大小顺序公众号B站油管脸红;1;1;2;3578;0.0005589714924538849
3914;请问阿里云收费的话，是按哪个功能收费？收费标准是什么？;1;1;2;3578;0.0005589714924538849
3916;可以翻译银梦本篇那种口齿不清的吗？;2;1;3;3578;0.0008384572386808273
3919;up说得真没错，在座的各位真应该好好反思一下难道发这视频的up就没有一丁点错误吗？dogedoge;2;1;3;3578;0.0008384572386808273
3922;字幕可以支持下载吗？;4;1;5;3578;0.001397428731134712
3927;upup，翻译显示无效用户笑哭，但是权限都开了啊;1;1;2;3578;0.0005589714924538849
3929;看看你这个啥时候没doge;1;1;2;3578;0.0005589714924538849
3931;首页来的，太哈人了;4;1;5;3578;0.001397428731134712
3936;为什么翻译不出来中文啊;1;1;2;3578;0.0005589714924538849
3938;没法翻译成中文，提示serviceinvalid，怎么解决？;2;1;3;3578;0.0008384572386808273
3941;币已经投了，今晚试试，不能用的话，请把币还我辣眼睛;1;1;2;3578;0.0005589714924538849
3943;请问软件的开源地址是？;1;1;2;3578;0.0005589714924538849
3945;那个阿里云和百度云怎么免费续啊;3;1;4;3578;0.0011179429849077697
3949;win11不行吗？;1;1;2;3578;0.0005589714924538849
3951;进了公众号没有软件链接啊，给个软件名称也行啊;5;1;6;3578;0.0016769144773616546
3957;问一下up最后一个软件打开以后一直未响应是什么情况;2;1;3;3578;0.0008384572386808273
3960;有没有Mac版本的。;1;1;2;3578;0.0005589714924538849
3962;你好，本地视频翻译视频，不需要时时，可以等翻译完制作成字幕文件再观看，有没有方便的能实现？;3;2;5;3578;0.001397428731134712
3966;这个不是开源的，仓库里没有代码。。;5;2;7;3578;0.001956400223588597
3972;其实我更想问问，有没有看场景识别车牌的，我以前下的一些片，直接没有车牌笑哭想下高清的都没办法;2;2;4;3578;0.0011179429849077697
3984;不知道大家怎么看，反正我现在就不喜欢一上来就开整毫无剧情的片，反而有些三级倒是挺不错的，也不是每一部都有中字所以这种ai翻译还是很有必要，只是不太精准问题需要软件巨头们再努力努力，看多了日本动画都会听几句有时候都能发现ai翻译错的蛮多;1;1;2;3578;0.0005589714924538849
3988;其实很多时候，只要有英文字幕就能看得懂英语电影了。有时候强行翻译反倒是没内味。;1;1;2;3578;0.0005589714924538849
3994;我现在只看国产区了，欧美日韩的都看腻了翻来覆去就那些剧情，还不如国产的接地气嗑瓜子;1;1;2;3578;0.0005589714924538849
3996;用之前想想如果只是看爱情电影真的需要吗？来来回回就几句;1;1;2;3578;0.0005589714924538849
4001;仙布捉急;1;1;2;3578;0.0005589714924538849
4007;小爱同学现在也能AI同声翻译了doge;2;1;3;3578;0.0008384572386808273
4010;up有没有实时翻译文本的办法，啃生肉游戏的时候好难受笑哭;1;1;2;3578;0.0005589714924538849
4021;可以下载字幕啊，大部分都有试过语音转写真的拉胯，识别很差转过几次就没搞了;3;1;4;3578;0.0011179429849077697
4027;最近营养跟不上;1;1;2;3578;0.0005589714924538849
4031;大神，反馈一下，我电脑系统用的WIN11专业版，按大神视频步骤一步步设置下来，可以正常使用。;1;1;2;3578;0.0005589714924538849
4034;请问up主如何保存识别出来的文本啊;4;1;5;3578;0.001397428731134712
4039;两个硬币支持一下。顺带问一下大佬，就是用来看综艺的话，语速都很快，很多时候字幕有时候来没来得及显示就跳下一句了，怎么让字幕停留久一点，我设置了调高高度和宽度了，好像并没有用。;1;1;2;3578;0.0005589714924538849
4042;最关键的是什么开源软件不说废话一堆;1;3;4;3578;0.0011179429849077697
4050;一直显示准备开始是为啥;1;0;1;3578;0.00027948574622694243
4052;up为啥他让我认证了我认证完还是不让我控制呢？;1;0;1;3578;0.00027948574622694243
4056;访问控制点进去根本不是这个页面;1;0;1;3578;0.00027948574622694243
4061;你们有出现，字幕部分一直显示准备完成但是不识别字幕的情况么，搞了好久搞不出来有人能帮一下么;2;0;2;3578;0.0005589714924538849
4066;为什么我开启以后就一直只显示准备开始，但是之后播放声音就没有反应了;1;0;1;3578;0.00027948574622694243
4074;up的名字我好像在YouTube见过;1;0;1;3578;0.00027948574622694243
4081;实例化语音引擎失败是什么情况大哭;1;0;1;3578;0.00027948574622694243
4086;大佬试用期三个月到了是不是就用不了了;1;0;1;3578;0.00027948574622694243
4088;问一下是只能电脑端用吗安卓手机可以用吗;1;0;1;3578;0.00027948574622694243
4093;按着教程弄好了脱单doge请问有办法提取出原文文本和翻译文本吗;1;0;1;3578;0.00027948574622694243
4095;为什么到最后一步，那个软件下载不了？打不开，一直说内容不存在。;3;0;3;3578;0.0008384572386808273
4101;InvalidAccessLimit;1;0;1;3578;0.00027948574622694243
4105;请问阿里云和百度两个都必须注册吗，还是只选一个;1;0;1;3578;0.00027948574622694243
4107;Mac版的有么;1;0;1;3578;0.00027948574622694243
4109;重装系统记事本忘记保存了阿里云密钥不记得了咋办;1;0;1;3578;0.00027948574622694243
4111;为啥我弄好以后只显示准备开始，已三连;1;0;1;3578;0.00027948574622694243
4113;他这个文本记录是记录在哪里;1;0;1;3578;0.00027948574622694243
4116;想问一下，做出来之后能保存带字幕的视频嘛？还是必须要每次都这么操作？;2;0;2;3578;0.0005589714924538849
4120;upup，我每一步都按要求做了的，但为啥最后一直显示准备开始啊tv笑哭;1;0;1;3578;0.00027948574622694243
4123;字幕有明显的延迟，有些翻译的明显与场景不匹配笑哭笑哭;1;0;1;3578;0.00027948574622694243
4125;可惜一边腾讯会议一边翻译吗？;1;0;1;3578;0.00027948574622694243
4131;用麦克风行用系统不行这是为什么救救;2;0;2;3578;0.0005589714924538849
4134;up既然电脑可用，有没有手机版呢;1;0;1;3578;0.00027948574622694243
4137;有mac版吗;1;0;1;3578;0.00027948574622694243
4143;不行啊，我用的阿里云翻译，根本不能翻译日语，出来的是中文谐音;1;0;1;3578;0.00027948574622694243
4145;到了最后一步突然发现自己是mac笑哭虚拟机试用期过了，要用还是得花钱笑哭;2;0;2;3578;0.0005589714924538849
4149;请问他一直提醒我没有开通语音交互功能我无法创建项目怎么办呀大哭;8;0;8;3578;0.0022358859698155395
4159;西班牙语可以用吗;1;0;1;3578;0.00027948574622694243
4161;被骗了油管过来的那个飞鸟磁力链接开了会员比迅雷都不如难用下载限制多推荐东西都不太行给钱了打广告呢;1;0;1;3578;0.00027948574622694243
4163;我就问问华为手机这个实时翻译如何设置提高准确率，感觉翻译很死板;1;0;1;3578;0.00027948574622694243
4165;错误还是很多啊;1;0;1;3578;0.00027948574622694243
4168;这个怎么导出字幕啊;1;0;1;3578;0.00027948574622694243
4170;一次成功了，但是翻译黑框视频全屏就没有，还有翻译有几秒的延迟怎么弄;3;0;3;3578;0.0008384572386808273
4179;有手机版的吗？;10;0;10;3578;0.002794857462269424
4192;试了下，显示翻译失败unauthorizeduser，还有百度翻译api我的服务里没有了通用翻译，选的是语音翻译。是否百度把通用翻译下架了，输出没问题，输出有日文;4;0;4;3578;0.0011179429849077697
4199;太挡视野了;1;0;1;3578;0.00027948574622694243
4201;诶？？在B站也刷到你了;1;0;1;3578;0.00027948574622694243
4207;我在油管关注你了笑哭但b站怎么会允许你发这种视频啊哈哈哈;1;0;1;3578;0.00027948574622694243
4210;这个能看到之前翻译的内容吗每次只有一句有时候只有1秒翻译好了然后就被清屏到下一句话了;1;0;1;3578;0.00027948574622694243
4212;请问有西班牙语吗？;1;0;1;3578;0.00027948574622694243
4214;翻译失败错误信息invalidAccessLimit是因为什么？;5;0;5;3578;0.001397428731134712
4229;兄弟，你这个包里有毒啊。;3;0;3;3578;0.0008384572386808273
4233;片头跳舞的哪位？;1;0;1;3578;0.00027948574622694243
4241;Mannnngo;1;0;1;3578;0.00027948574622694243
4243;德语音频怎么翻译成文本呢？;1;0;1;3578;0.00027948574622694243
4264;感谢您的分享，我按照方法操作之后，有两个问题，第一是翻译的速度不太理想，第二是在一些专有名词上翻译准确性并不高，您是怎么解决的呢？;1;0;1;3578;0.00027948574622694243
4268;想问一下，安卓层面，有没有办法实现这个效果，自己用的芝杜的4K播放盒子，大部分电影都不在PC上看了。;1;0;1;3578;0.00027948574622694243
4270;用来翻译n年前没有字幕的英语游戏可以吗？;1;0;1;3578;0.00027948574622694243
4275;手机不是自带的有吗;1;0;1;3578;0.00027948574622694243
4280;如果只是想单纯的翻译个小电影的话，直接下个potplayer播放器就行，里面有实时翻译，而且支持大部分语言微笑;1;0;1;3578;0.00027948574622694243
4294;可以翻译越南语吗？;2;0;2;3578;0.0005589714924538849
4297;深夜正经人谁看b站;1;0;1;3578;0.00027948574622694243
4299;什么？我至今为非作歹，作恶多端，终于刷到了这个视频傲娇doge;1;0;1;3578;0.00027948574622694243
4305;其实我想学AI换脸doge;1;0;1;3578;0.00027948574622694243
4307;覆薇薇退网了，大哥你有之前的舞蹈视频嘛？;1;0;1;3578;0.00027948574622694243
4312;老哥有没有Mac能用的zoom实时翻译啊？;1;0;1;3578;0.00027948574622694243
4317;手机怎么实现同声传译啊，up;2;0;2;3578;0.0005589714924538849
4323;感谢大佬分享，但是。。。能实现本地数据库翻译吗？完全离线那种，需要多大的本地硬盘空间？笑哭;1;0;1;3578;0.00027948574622694243
4330;正经人谁看剧情，不都是直接快进到战斗阶段吗doge;1;0;1;3578;0.00027948574622694243
4332;阿里云这个识别率怎样呢？我在油管上看日文的自动识别字幕感觉正确率不太高;1;0;1;3578;0.00027948574622694243
4344;搜狗的引擎免费多久呀;1;0;1;3578;0.00027948574622694243
4346;想翻俄文应该用哪家公司的呢;2;0;2;3578;0.0005589714924538849
4357;实例化语音引擎失败是？;1;0;1;3578;0.00027948574622694243
4361;其实如果有德语法语，意大利语更好，毕竟70，80年代的b级片真的是要剧情有剧情，要颜色有颜色，可惜很多经典没有字幕;2;0;2;3578;0.0005589714924538849
4365;这个有没有手机版啊;2;0;2;3578;0.0005589714924538849
4368;MacBook下载不了软件;1;0;1;3578;0.00027948574622694243
4371;怎么把自动续费取消呢;2;0;2;3578;0.0005589714924538849
4375;折腾了一个小时，终于搞定。感谢最后问一下，字幕生成后，会自动保存吗;1;0;1;3578;0.00027948574622694243
4377;搞了好几次结果显示实例化失败，不知道是啥原因，复制也没有出错;3;0;3;3578;0.0008384572386808273
4383;同声传译并不好，大脑信息处理的习惯是句子;1;0;1;3578;0.00027948574622694243
4389;三个月到期后只能再申请一个别的引擎？有别的办法吗？总换觉得麻烦。;1;0;1;3578;0.00027948574622694243
4393;问一下。请问有俄语嘛，然后能用在看直播上吗tv疑问;2;0;2;3578;0.0005589714924538849
4403;up，我想问一下这个软件支持把翻译的字幕导出来吗？;1;0;1;3578;0.00027948574622694243
4406;up，我按照视频里的方法重新弄好几遍了，密钥也确认无误，但还是显示实例化失败该咋办大哭系统是WIN10家庭中文版;1;0;1;3578;0.00027948574622694243
4412;感谢up主，已经在使用了，但说实话，翻译的准确度和速度真是一言难尽笑哭;1;0;1;3578;0.00027948574622694243
4416;请问能翻译游戏吗妙啊;1;0;1;3578;0.00027948574622694243
4418;用麦克风输入可以翻译，换成系统输入。一直卡在准备开始。放视频也不管用。win10大哭;1;0;1;3578;0.00027948574622694243
4425;doge屯了接近两千个币的我决定给你投十个币，端午节试试能不能翻译gal;1;0;1;3578;0.00027948574622694243
4430;wwwcom;1;0;1;3578;0.00027948574622694243
4445;这玩意还要看字幕干啥，猜猜不好么;2;0;2;3578;0.0005589714924538849
4455;up主请问有韩语的翻译吗？;3;0;3;3578;0.0008384572386808273
4466;up，我这个软件打开是黑色的一条什么都没有，点击显示未响应，这是咋回事啊;3;0;3;3578;0.0008384572386808273
4471;感谢up的分享一次成功不过戴上耳机不行然后翻译质量嘛我个人还是愿找找字幕算了;1;0;1;3578;0.00027948574622694243
4482;chrome有个联想翻译插件和视频里的效果差不多，不过好像就免费几个月;2;0;2;3578;0.0005589714924538849
4485;想请问大佬一个问题，就是关于游戏聊天窗口这个怎么获取啊，一般用什么语言写比较好？放心，不是发辣鸡信息的;1;0;1;3578;0.00027948574622694243
4487;一次成功，就是翻译出来的意思不敢恭维拉;1;0;1;3578;0.00027948574622694243
4493;厉害啊，有没有谷歌的翻译api？因为百度的翻译实在拉跨笑哭;1;0;1;3578;0.00027948574622694243
4503;游戏中可以用吗;1;0;1;3578;0.00027948574622694243
4506;一般有码的都有中文字幕主要看剧情和女主颜值。无码的就看个爽基本没剧情doge所以从来不担心字幕的问题;3;0;3;3578;0.0008384572386808273
4513;试了好几次不行，服务开启失败请检查语音引擎配置是否正确，可ID我输入了很多遍，确认了很多次，还是失败;1;0;1;3578;0.00027948574622694243
4522;标题看成AV了;1;0;1;3578;0.00027948574622694243
4534;macbook可以用吗up脱单doge;1;0;1;3578;0.00027948574622694243
4537;win11不行哎;1;0;1;3578;0.00027948574622694243
4539;看看;1;0;1;3578;0.00027948574622694243
4541;这个阿里云和百度API到期后会自动关闭吗？还是说直接就扣费了？;3;0;3;3578;0.0008384572386808273
4546;这TM的怎么白嫖笑哭笑哭笑哭三连歪嘴歪嘴歪嘴必须投两B歪嘴歪嘴歪嘴;1;0;1;3578;0.00027948574622694243
4548;楼主能翻译游戏字幕吗;1;0;1;3578;0.00027948574622694243
4559;我就说这个标题很眼熟，你不是某微x公众号的楚门不是门吗;1;0;1;3578;0.00027948574622694243
4566;看了一下这和团子翻译器那个ocr的API很像啊，只不过是换成语音识别的API了;1;0;1;3578;0.00027948574622694243
4592;up，这个翻译的字幕，他能输出吗？;3;0;3;3578;0.0008384572386808273
4603;我的16t硬盘已满，怎么办？急急急;1;0;1;3578;0.00027948574622694243
4607;还想请教一下我有一个网课是粤语的听不懂然后我就弄了阿里云的那个粤语的apk但是咱们软件里边的选项好像没有粤语到中文？所以好像识别不出来您看看能不能帮忙加一个呀;1;0;1;3578;0.00027948574622694243
4610;楚门牛逼，已成功，三连支持了，还有个小小的疑问，三个月试用期结束后用不用手动关闭啊，怕有自动续费什么的;2;0;2;3578;0.0005589714924538849
4618;纯小白，各种选项选的都是试用版，有哪些服务是比较适合买的吗;1;0;1;3578;0.00027948574622694243
4626;阿里云这个语音转文字和油管自带比哪个更准确呀？;1;0;1;3578;0.00027948574622694243
4633;我天天行善积德，凭本事刷到的。;1;0;1;3578;0.00027948574622694243
4644;油管不是有这功能吗;1;0;1;3578;0.00027948574622694243
4650;这是语音部分翻译没语音的留白能翻译吗？;2;0;2;3578;0.0005589714924538849
4656;不是杠。。。但是同声传译，是不是要有声啊。。。;4;0;4;3578;0.0011179429849077697
4662;语音转文字如果我开倍速还能识别吗;1;0;1;3578;0.00027948574622694243
4666;游戏也能实时翻吗;2;0;2;3578;0.0005589714924538849
4669;我是国外的，没有支付宝怎么办。。。但是有微信;1;0;1;3578;0.00027948574622694243
4671;老哥来b站啦，之前还是在油管看的;1;0;1;3578;0.00027948574622694243
4680;有成功的吗？客户打电话怎么回答合适？;2;0;2;3578;0.0005589714924538849
4684;好麻烦哟dogedoge;1;0;1;3578;0.00027948574622694243
4687;我用这玩意给我们领导糊弄的贼开心各种写文稿各处科宣传竞争已经变成这玩意使用的熟练度了我这钢铁企业都是岁数大人我直接飞起已经赚800块钱宣传嘉奖了滑稽;3;185;188;3578;0.05254332029066518
4691;昌哥的河南English讲得毫无违和感，让人挺舒服。;2;55;57;3578;0.01593068753493572
4695;2元一个收chatgpt账号doge;14;9;23;3578;0.006428172163219676
4711;如果我把待投的sci论文让它润色的话，后续查重会导致查重出现问题吗？因为相当于把论文丢进数据库了;14;10;24;3578;0.006707657909446618
4726;已三连能分享一下PPT吗？;1;6;7;3578;0.001956400223588597
4728;算学术不端吗;9;5;14;3578;0.003912800447177194
4739;买个plus内容更强大了，只是有点贵，20美元一个月;3;2;5;3578;0.001397428731134712
4743;up主可以提供下询问的内容或者ppt吗？;1;2;3;3578;0.0008384572386808273
4746;居然买了plusdoge;10;1;11;3578;0.0030743432084963667
4758;可以买印尼的吧，只要一块钱;1;1;2;3578;0.0005589714924538849
4760;我发现我现在不挂梯子也进得去doge;1;1;2;3578;0.0005589714924538849
4762;直接把秘籍发出来就好，没必要做个视频;1;3;4;3578;0.0011179429849077697
4765;plus版有什么区别吗;1;0;1;3578;0.00027948574622694243
4769;chatgpt的数字水印怎么办？如果我让他转成英文后在转中文可行吗？;2;0;2;3578;0.0005589714924538849
4773;老师还在吗？想进群;1;0;1;3578;0.00027948574622694243
4775;能不能无中生有doge;1;0;1;3578;0.00027948574622694243
4777;在知乎看到了这个网页，原来是你们做的啊，附上我制作的提示词链接（可预览），需要的自取httpsahri404notionsiteMidJourneyc7037315c3fb442f81da5b7834cafb5b;40;186;226;3578;0.06316377864728899
4818;这绝对是我目前网上看到的最好用美观简洁的prompt管理器;2;36;38;3578;0.010620458356623811
4821;跪求如何本地化部署教程;7;29;36;3578;0.010061486864169928
4829;交作业;3;18;21;3578;0.005869200670765791
4833;2个币已经不能感谢你了，只能说点好听的了，你就像我生成的纸片人一样美丽;1;49;50;3578;0.013974287311347122
4835;发现主要看服务器有没有勾选同意编辑，我这样设置就解决了OK;12;18;30;3578;0.008384572386808273
4848;空白区域双击，输入中文好像没法自动匹配英文;9;16;25;3578;0.006987143655673561
4858;我天啦，未发布前已经在用了，四喜教程发布才发现这么多隐藏功能，我真的哭死大哭大哭三连两币完全不够喜欢喜欢喜欢打call打call;1;15;16;3578;0.004471771939631079
4860;ops的分类好像只能识普通、风格、质量、命令，这个能不能按自己的subType自定义？;4;10;14;3578;0.003912800447177194
4865;如果能支持obsidian就更好了;1;8;9;3578;0.002515371716042482
4870;怎么我写中文不会自动翻译;12;8;20;3578;0.005589714924538848
4883;四喜茶茶要是能像采集一样直接将当前面板上的关键词条拖动扔进右边的词库，就太方便啦爱心爱心;1;4;5;3578;0.001397428731134712
4888;我们这种英文不好的人很需要一个功能，那就是点击中文词修改之后，英文部分也会修改，不然还是需要去一个一个的去翻译中文然后变成英文再过来填写进去。;1;6;7;3578;0.001956400223588597
4890;今天OPS版本升级到了141，主要是优化了Notion链接关联的问题，之前关联失败的小伙伴可以重新关联试试看;1;2;3;3578;0.0008384572386808273
4892;输入没反应啊没有翻译能不能把那个词典接入个谷歌得;1;1;2;3578;0.0005589714924538849
4894;是不是我长得丑，楼主不愿意回答我啊，我从你的视频3分55秒开始，就载入不了，愿意帮忙吗？？四喜茶茶;1;1;2;3578;0.0005589714924538849
4896;你这个关键性的几步生省略了，我复制某某团队那步，把我搞疯了，根本找不到;1;1;2;3578;0.0005589714924538849
4899;ops链接Notion为什么提示我没权限啊？？;16;3;19;3578;0.005310229178311906
4916;茶茶有交流群吗doge;1;1;2;3578;0.0005589714924538849
4921;已二开移植到Mac与Window双端下，添加了导入导出，同步保存至本地，方便用户迁移备份自己的提示词，有需求的可以进行开源或PR。;2;1;3;3578;0.0008384572386808273
4924;我的载入是灰色的？;2;1;3;3578;0.0008384572386808273
4927;四喜茶茶您好，因为第一次用notion，试了十来遍才大概明白怎么用，然后在看完您的教程，我的理解就是、Notion用来保存自己收藏的提示词、OPS页面其实是个在线翻译，和Google翻译这些一样、只能从Notion把单词载入到OPS里，而不能把OPS里输入的单词加载到Notion里这个理解可对？那么问题是：对于第条理解，只能从Notion把单词载入到OPS里，那我既然已经在Notion里把单词及翻译都做好了，那再导入OPS里感觉也毫无意义啊；而如果知道单词不知道意思，或像使用某种描述却不知道英文单词，这时先在OPS里进行翻译，但问题是又不能导入到Notion里，那用这个和Google翻译有什么区别呢？因为开始我以为是从OPS导入到Notion，看了几遍又试了十来遍才知道是从Notion导入到OPS里，所以，虽然能大概会操作了，但依然不明包这个OPS的真正意义在哪？麻烦解说下，谢谢。（还是说是用OPS和Google翻译其实没多少差异，只是OPS翻译时方便点，因为最后我感觉这个最后作为一个Notion教程的性质比作为OPS翻译提示词的教程的性质更多？在看到这个教程后，我每天下班后用了3小时来理解这个视频，一共理解了3个晚上。）;1;2;3;3578;0.0008384572386808273
4929;载入按钮没亮，无法点击，这个咋解决;1;1;2;3578;0.0005589714924538849
4933;我的普通里怎么没有中文翻译？;2;1;3;3578;0.0008384572386808273
4938;大佬们求问怎么在notion中建自己的提示词仓库呢？;1;3;4;3578;0.0011179429849077697
4942;Notion连接错误：没有Notion数据库的访问权限。请在此Notion数据库页面菜单的Connections中添加你的集成应用看我投了两个币的份上帮帮我吧;3;2;5;3578;0.001397428731134712
4956;有的词语打上去，复制后识别不出，识别不出的词语就是逗号，，;2;2;4;3578;0.0011179429849077697
4960;笔记Notion，支持用obsidien吗;2;2;4;3578;0.0011179429849077697
4964;但是这个不能给设置权重呀？;3;2;5;3578;0.001397428731134712
4969;恭喜你离百大又近了一步;1;3;4;3578;0.0011179429849077697
4971;订阅等一个本地部署点赞;1;1;2;3578;0.0005589714924538849
5000;有部分词翻译不准确或不清晰，不知能否添加个本地数据云存储，允许用户自行添加修改中英提示词数据仅保存本地。对于新手用户而言，我不太习惯链接外部提示词数据，更习惯通过本地修改保存；当然我知道这可能会使咱们公益成本更高;1;0;1;3578;0.00027948574622694243
5007;为啥一开魔法就不会翻译了呢;1;0;1;3578;0.00027948574622694243
5011;数据都在服务器，会保护隐私和资产吗？我的创建的提示库是否会被别人随便预览？;3;0;3;3578;0.0008384572386808273
5026;这个有软件版本吗iPad没鼠标配合大哭;1;0;1;3578;0.00027948574622694243
5028;救命426线上不能翻译了;3;0;3;3578;0.0008384572386808273
5044;新建notion插件做完之后，按教程打开演示项目，复制到自己的notion账号里了，但是在关联里找不到自己创建的插件，这个是什么情况呢;2;0;2;3578;0.0005589714924538849
5066;emmmm今早突然不能用翻译了，，昨天还好好的。。。大哭;2;0;2;3578;0.0005589714924538849
5080;中文不自动翻译成英文，都不会自动翻译怎么办，要怎么设置;1;0;1;3578;0.00027948574622694243
5082;不自动翻译啊这个既不英译中也不中译英是对浏览器有要求吗还是什么我用google和QQ浏览器都不行;2;0;2;3578;0.0005589714924538849
5086;我还是连不上;2;0;2;3578;0.0005589714924538849
5092;本地怎么部署啊，GitHub上的说明看不懂，早上还能翻译，到下午就不行了;1;0;1;3578;0.00027948574622694243
5094;感觉可以加上双向同步，在ops中看到好的提示词，点击批量同步导入notion;1;0;1;3578;0.00027948574622694243
5100;notion无法链接。;1;0;1;3578;0.00027948574622694243
5106;呲牙呲牙呲牙能用flowus代替notion吗;1;0;1;3578;0.00027948574622694243
5109;这上面没有反向词的标签，请问要怎么添加吖，呆傻萌新求指点，;3;0;3;3578;0.0008384572386808273
5118;如何创建一个新的subType;2;0;2;3578;0.0005589714924538849
5126;我打开的网页，木有翻译功能。。换了浏览器也不行，求指导tv难过tv难过;1;0;1;3578;0.00027948574622694243
5129;为啥翻译不了;1;0;1;3578;0.00027948574622694243
5131;up主后续会接入flowus之类类notion的软件吗;1;0;1;3578;0.00027948574622694243
5135;Notion连接错误：没有Notion数据库的访问权限。请在此Notion数据库页面菜单的Connections中添加你的集成应用;1;0;1;3578;0.00027948574622694243
5139;为什么我进去之后没有自动翻译啊？怎么弄啊？;1;0;1;3578;0.00027948574622694243
5148;请问，notion中subtype的类型可以自己修改吗？我增加了自己的类型，没有生效。;1;0;1;3578;0.00027948574622694243
5153;完全不翻译呢，是什么原因呢？。。;2;0;2;3578;0.0005589714924538849
5172;up菩萨，有个小小小小的建议（我该死），在网页默认白色背景下，调整译文部分内容时，汉字会超出底部的绿色框体，由于文字是白色页面也是白色的，所以超出去的文字在识别上会有一点点的小困难，所以不知是否会修正绿色文字框的适配性，或者是有一键改变页面主题为深色呢脱单doge妙啊;1;0;1;3578;0.00027948574622694243
5177;大佬大佬，我跟着教程连接notion后，在notion表格里设置新提示语连接到到OPS后，单个提示词中文显示没问题但只显示了英文首字母tv大哭这种情况该怎么解决啊;2;0;2;3578;0.0005589714924538849
5180;对于没用过notion的人来说一脸懵逼，有几个步骤太跳跃了，譬如，打开“演示AIGC提示词词库”这个页面从哪来的没说明，导致新手跟着步骤做也受到阻碍。;3;0;3;3578;0.0008384572386808273
5186;Up所以还是比较建议使用网页版是嘛，我直接把项目拉下来准备本地部署了都;3;0;3;3578;0.0008384572386808273
5194;好像没有办法本地保存或者云保存我的咒语，每次打开都是一个新的网站，把我的咒语输入进去再点击一下隐藏这个是我觉得最耐用的功能了，三联啦;1;0;1;3578;0.00027948574622694243
5203;右上角的notion连接，UE建议改成点一下展开并保持，再点一下才是打开网址；另外是建议增加negative分区，SD还是非常常用negative，并且对于以后对画面的精调，这一个功能肯定是更有前途的；prompt的分栏不知道怎么新增；notion的UE极度恶心；如若有连接本地文件，比如一个excel，只要你们定好分栏规则，那整个软件都是更独立，而且用户使用学习成本也低；一点点建议（拱手）;3;0;3;3578;0.0008384572386808273
5216;说的有点快，请问下如何将自己新增的提示词加入到目前视频里的词典里？;1;0;1;3578;0.00027948574622694243
5228;灵魂出窍那个github的下了然后怎么用？;2;0;2;3578;0.0005589714924538849
5231;怎样把自己网上下载的XLSX表格导入notion的数据库呢，4万个词一个个输入不知道要写到什么时候喜极而泣;3;0;3;3578;0.0008384572386808273
5253;翻译失效了？;3;0;3;3578;0.0008384572386808273
5268;up请问这个网站是什么呀2233娘困惑;5;0;5;3578;0.001397428731134712
5281;遇到困难：挂了梯子用OPS，自动翻译就动不了；下了梯子用OPS，自动翻译就正常了，但是midjourney也登不上了。怎么办？;2;0;2;3578;0.0005589714924538849
5290;Notion连接错误：没有Notion数据库的访问权限。请在此Notion数据库页面菜单的Connections中添加你的集成应用是什么原因;2;0;2;3578;0.0005589714924538849
5295;创建副本时，无法看到视频中的团队，请问要怎么才能选择视频中的团队呢？;1;0;1;3578;0.00027948574622694243
5316;周常临装起来了喜欢;2;2;4;3578;0.0011179429849077697
5321;自从有了gpt我都用他翻译doge;1;1;2;3578;0.0005589714924538849
5325;加油;1;1;2;3578;0.0005589714924538849
5334;这个能导出本地API吗;3;0;3;3578;0.0008384572386808273
5338;无法打开。。。;4;0;4;3578;0.0011179429849077697
5344;我来帮up纠正口音，hugging读hdoge;1;0;1;3578;0.00027948574622694243
5346;只能翻译单词吗？不能翻译句子吗？;1;0;1;3578;0.00027948574622694243
5348;我今年是不会再看你了调皮;18;1034;1052;3578;0.2940190050307434
5367;文明如厕civilizedliketoilet;16;963;979;3578;0.27361654555617665
5384;没事，网友们再加把劲，多整点乱七八糟的缩写音译和日系词汇，将来别说AI了，一般人都看不懂你们说的鬼话了;9;653;662;3578;0.18501956400223588
5394;省流：垚子不装了，他其实是人工智能模拟的出来up主，他邀请大家一起不当人。藏狐;4;484;488;3578;0.1363890441587479
5399;步骤妹妹的猫咪摧毁大山雀。。。。;8;308;316;3578;0.08831749580771381
5408;讲一个可能会暴露身份社死的故事在莫斯科一个地铁站外面抽烟被逮住了用手机里面的股沟翻译对话他说要不罚款要不拘留我回能不能罚款不要拘留多少钱翻译上面俄语显示的是可不可以拘留我不管罚款多少钱警察和我面面相觑三分钟;9;266;275;3578;0.07685858021240917
5418;前两天考研考的就是英语笔译专业。老早就想过翻译会不会被机器取代，实际上在我看来，如果真的去了解一下大师的文学翻译，就能感受到语言的温度和力量，这绝非几年十几年就能让机器办到的事情。当然，随着汉语欧化，英语简化，机械代替的步伐越来越大了。顺带一提，实际上绝大多数学翻译的应该都和我一样，能做到机翻的程度都不错了藏狐;26;201;227;3578;0.06344326439351593
5445;来点经典机翻，他的步骤哥哥;14;110;124;3578;0.03465623253214086
5461;最后一天逛垚子了，好难受;1;40;41;3578;0.011458915595304639
5463;省流科大讯飞的饭推荐DeepL;1;30;31;3578;0.008664058133035215
5465;这个视频让我想起了我们学校厕所的标语“来也匆匆，去也冲冲”的翻译Comeandgoinaharry;1;28;29;3578;0.00810508664058133
5470;机器翻译（mt），从原来的规则方法逐渐变成了目前主流的神经网络方法也就是nmt，脱单doge，自从attention引入翻译模型，nlp领域大变，2017transfermer登顶，直到现在主流的翻译仍是seq2seq嗑瓜子。夸我保卫萝卜哇。;4;13;17;3578;0.0047512576858580215
5475;看到弹幕说关于表达中文就一个看的意思的，以下都是关于看的：观、瞧、瞥、窥、视、盯、康doge等等;2;12;14;3578;0.003912800447177194
5478;讯飞输入法真的很好用，以前我觉得挺冷门的，大概用了3年吧，现在很多up都在推广辣眼睛;1;11;12;3578;0.003353828954723309
5481;可是机器只能直译而不能意译。同样一句英文，你可以翻译成几十几百句不同的中文，可机器不行。;4;8;12;3578;0.003353828954723309
5486;Attentionisallyouneed歪嘴人工智能专业学生火速过来报道;1;5;6;3578;0.0016769144773616546
5489;看到有条弹幕《Attentionisallyourneed》突然DNA动了;1;5;6;3578;0.0016769144773616546
5492;三天更了四个视频，年底冲业绩么吃瓜;1;4;5;3578;0.001397428731134712
5540;看到北师范就想到女拳;1;0;1;3578;0.00027948574622694243
5573;计算机程序可以自主学习的，可以翻译的很好的，不比人差的;1;0;1;3578;0.00027948574622694243
5578;机翻这个我懂。步骤哥哥的大迪克暨出了步骤妹妹湿润的小猫咪doge;2;0;2;3578;0.0005589714924538849
5623;老师我真心请教normal应该是没有“普通”这个含义的吧正确来说不应该是“正常，常态的”意思吗一直以来我发现很多人都将他错用为普通的意思可是普通的对应难道不是average，ordinary吗;1;0;1;3578;0.00027948574622694243
5642;up主到底是什么专业的呀doge;1;0;1;3578;0.00027948574622694243
5661;不能翻日语没有任何作用;5;1;6;3578;0.0016769144773616546
5674;什么手机啊星星眼;1;0;1;3578;0.00027948574622694243
5678;如果没有这个功能，该怎么办呢？;1;0;1;3578;0.00027948574622694243
5680;不是egg，是迷hotel;4;357;361;3578;0.10089435438792621
5685;想学泰式英语发音技巧调皮;3;205;208;3578;0.05813303521520403
5689;成功稳定了我当翻译的梦想;4;104;108;3578;0.03018446059250978
5694;还有那种：差点没赶上上上海的列车偷笑;2;69;71;3578;0.019843487982112912
5700;我也想过过过儿过过的生活;1;15;16;3578;0.004471771939631079
5702;人工智能背后有数学模型建立的神经网络，现在替代不了翻译以后可说不准，别说翻译了，连网络安全的漏洞挖掘工程师都被人工智能给干掉了，更何况翻译呢？数学模型里还套着各种专业属于词汇库，计算机医学法律机械类的都有，翻译一页论文只需要5秒钟还不要钱，而人工翻译是按字来计费，会不会被人工智能灭掉好好想想吧;1;13;14;3578;0.003912800447177194
5705;别小看神经网络和机器学习算法;2;9;11;3578;0.0030743432084963667
5709;emmmm我想说AI翻译已经发展到可以根据人的讲话习惯风土民情来翻译到近乎完美了我的日语老师说取代是必然的只靠语言技能是不行的要结合其他技能发展。人工翻译的话，我觉得得是大佬们开会才会用上吧不过那些也要大神才能去;4;7;11;3578;0.0030743432084963667
5719;弹幕里说经典案例人工智能也会翻，那就只剩下一种情况了。诸如“卧槽”这种结合不同语境不同语气有不同含义的东西，不懂语气不懂语境的人工智能永远翻不准确;10;3;13;3578;0.0036333147009502517
5731;有个疑问，陈老丝怎么还不火？doge我很好奇，陈老丝什么时候火？滑稽;2;2;4;3578;0.0011179429849077697
5744;不可能替代的呀之前翻译一本低龄化的课外书有句话意思就是我会好盯着你的（好久好久啦记不太清）但是是给小盆友读的书原句也是女儿和父亲对话要翻出玩笑的意思而且盯的感觉要强烈真的太难翻了（）;2;0;2;3578;0.0005589714924538849
5751;火辣辣的鸡，翻译软件：hotchicken。求人工翻译。;1;0;1;3578;0.00027948574622694243
5753;我就是学语言，我不能被淘汰啊大哭大哭大哭大哭;2;0;2;3578;0.0005589714924538849
5789;大哭想怎么把口语学流畅;1;0;1;3578;0.00027948574622694243
5810;同声传译日语的有吗。。。;9;70;79;3578;0.022079373951928452
5820;同声传译只能英语和中文嘛;1;46;47;3578;0.013135830072666294
5822;这个就是错误率比较高，没有联想语音助手好用，但手机没得选，还是不错的;1;14;15;3578;0.004192286193404136
5824;为什么没有少数民族语言翻译的工具呢笑哭笑哭;3;9;12;3578;0.003353828954723309
5828;为什么会显示暂时不适合同传模式？;1;5;6;3578;0.0016769144773616546
5830;啊，腾讯的，那看来已经不免费了;7;3;10;3578;0.002794857462269424
5840;没有同声传译啊;7;0;7;3578;0.001956400223588597
5848;藏狐;1;0;1;3578;0.00027948574622694243
5851;用来给论文降重真是极好的热词系列知识增加;172;1653;1825;3578;0.51006148686417
6024;顾客：“豆腐多少钱？”老板：“两块。”顾客：“两块一块啊？”老板：“一块。”顾客：“一块两块啊？”老板：“两块。”;83;1485;1568;3578;0.43823365008384574
6108;你要行干一行行一行一行行行行行你要不行干一行不行一行一行不行行行不行让它试试这种doge;58;524;582;3578;0.1626607043040805
6167;谷歌翻译应该叫谷歌生草机滑稽滑稽;5;427;432;3578;0.12073784237003912
6173;刚刚试了下DeepL日译中，感觉不太行翻译过来有英文的翻译腔，用词不地道，还经常搞错主语，这应该是国外翻译软件的通病了（毕竟算法是基于英文开发的）还有虽然百度不咋地，但是百度翻译确实比一票外国翻译出来的质量要好，特别是非英语外语译中文的时候。Google生草器着实不行滑稽;28;392;420;3578;0.11738401341531582
6203;平民玩家推荐彩云家的彩云小译，个人感觉翻译贴地气;3;122;125;3578;0.034935718278367806
6207;“外网？up主千万不要犯错误哦”。这个弹幕吓到我了，赶紧拉黑了;5;99;104;3578;0.029066517607602014
6213;我目前就用两个，一个是有道翻译，翻译出来的语法最自然，而谷歌最大的好处就是能识别各种IT圈内的专业术语，换成有道翻译就会把这些计算机专业术语翻译的奇奇怪怪就是不知道这个能不能满足了;14;84;98;3578;0.02738960313024036
6228;谷歌翻译很多时候不如百度翻译，可以试试日语中国人翻译过来中国语，ChineseChinese;24;46;70;3578;0.01956400223588597
6253;试一下用deepl翻译20次试试doge;3;28;31;3578;0.008664058133035215
6257;谷歌翻译就是只鸡，其实国内的有道已经很可以很良心了，文件直接翻译图像翻译这种功能也很实用;21;23;44;3578;0.012297372833985467
6279;谷歌翻译标题从日本大火到中国，据说这是一个令人沮丧的GoogleAI翻译工具up这是暗语吗dogedoge;2;23;25;3578;0.006987143655673561
6282;个人体验，翻译要追求准确和自然的话，一般都要自己修改一些，推荐百度，彩云小译，谷歌，有道4个翻译一起用，然后对比，这样真的很准，现在又加了个deepl，爽翻真的;1;22;23;3578;0.006428172163219676
6284;估计是大模型和seq2seq之间的差距;1;13;14;3578;0.003912800447177194
6286;学术是真的不行，刚试了还不如谷歌机翻。deepl会往口语方向靠，结果就是很多专业词汇反而都翻译错了;3;12;15;3578;0.004192286193404136
6290;这个还是有客户端的。直达链接httpswwwdeeplcomtranslator;1;11;12;3578;0.003353828954723309
6292;我只是说一句，谷歌那翻译我真的是要吐了。并不是别的，别人家的有道，百度，搜狗翻译，一开始没谷歌好用，准确性也没谷歌高。这么多年过去了，这些翻译一个个都在提高精确性，翻译速度，谷歌还是那一副样子。愣是不给改进一下无语一个中译日愣是把我给看懵了。推特上的翻译就是谷歌机翻写的明明是加油（译文后是頑張）它硬生生的翻译成加減什么鬼？当时看了后我一脸懵逼。心这老外说话为啥翻译了我还不懂。自己试着在学校蹭课蹭地一点日语基础翻译了一下，谷歌翻译完全就是馿唇不对马嘴。;1;10;11;3578;0.0030743432084963667
6298;谷歌翻译挺烂的，还不如用百度翻译;3;6;9;3578;0.002515371716042482
6302;翻译一下，我一把把把把住了doge;3;6;9;3578;0.002515371716042482
6306;彩雲小譯的日語還不錯;2;5;7;3578;0.001956400223588597
6312;国内本科生论文，我指的是在座的所有本科生，大部分论文咋憋出来的都心里有数吧吃瓜吃瓜吃瓜我们老师特意讨论过，本科生真不建议写这玩意，浪费时间没有任何意义，纯粹互相忽悠。;2;2;4;3578;0.0011179429849077697
6315;文言文不算什么，有种翻译方言试试。;2;2;4;3578;0.0011179429849077697
6324;亲测，免费网页版翻译不如有道翻译，deepl的客户端也是极其垃圾，千万别下载;2;1;3;3578;0.0008384572386808273
6329;文言文国内的翻译软件也能翻译吧;1;1;2;3578;0.0005589714924538849
6335;620翻译得还是不够准确，应该是以个人之生死;1;1;2;3578;0.0005589714924538849
6339;支持日语吗？;1;1;2;3578;0.0005589714924538849
6349;实际测试过，没有谷歌翻译的精确。百度翻译是和翻译论文，谷歌适合看网页，这个当个词典吧，很多单词怎么翻译都是错的比上边儿两者错率高一些。;2;0;2;3578;0.0005589714924538849
6394;国内有个类似的彩云小译，翻译要比谷歌更接地气一点;1;0;1;3578;0.00027948574622694243
6403;主要是口语，专业术语比较严谨死板，变化小，我学外语每次看不懂的都是口语，英语日语都是，一转中文就歪比巴卜了。;2;0;2;3578;0.0005589714924538849
6426;179楼是我的黑名单他说了什么;1;0;1;3578;0.00027948574622694243
6448;谷歌翻译很强吗？作为业余翻译工作者，我感觉有道真的比谷歌强微笑微笑微笑;1;0;1;3578;0.00027948574622694243
6467;标题党，去自己用用吧，英译汉脑残一样;2;0;2;3578;0.0005589714924538849
6475;我个人感觉还是谷歌翻译得最好;1;0;1;3578;0.00027948574622694243
6495;国内中翻这块，百度ai做的应该是不错的，但是百度有的时候会在你的翻译文本中擅自加减内容，来实现翻译结果的通顺，最终翻译是通顺了，但是缺了内容。;1;0;1;3578;0.00027948574622694243
6512;那个tooterribly是来形容“we”的吧，为了理解，把terribly移到前面也是这句话的意思。Terriblyweveseenalltheconsequencesof;1;0;1;3578;0.00027948574622694243
6522;随便找了一篇化学方面的文献的abstract翻译了一下，从英文到中文，DeepL的速度和通顺度都不及Google翻译，感觉很一般吃瓜;1;0;1;3578;0.00027948574622694243
6529;我说一下这个网页翻译吧，对比与谷歌翻译来说，这个网络翻译对于某些专有名词还是翻译不过来比如说espressiflot这个名词在谷歌翻译上，翻译为乐鑫物联网。而，这个名词在deepl翻译不出来;2;0;2;3578;0.0005589714924538849
6533;想问up用的哪款浏览器;4;0;4;3578;0.0011179429849077697
6539;up是用什么软件浏览外网的啊;4;0;4;3578;0.0011179429849077697
6544;英译中强烈推荐百度，偶尔辅以谷歌。几乎不用动脑子。;1;0;1;3578;0.00027948574622694243
6551;请问，疑惑翻译拉丁语或者古英文准确度好吗？？？;1;0;1;3578;0.00027948574622694243
6562;哇，好久不见捂眼;1;0;1;3578;0.00027948574622694243
6573;搞定了，用苹果自带的编辑器，好像就可以了，但是谷歌翻译页面不行，挂了科学上网;1;1;2;3578;0.0005589714924538849
6576;你好，想问一下，mac是用怎么软件，打开SRT，然后替换掉翻译的字幕;1;0;1;3578;0.00027948574622694243
6579;有没有能翻译视频的网站;3;0;3;3578;0.0008384572386808273
6599;全能个屁模拟个psp都费劲还全能？妙啊doge;1;3;4;3578;0.0011179429849077697
6601;这全能是几版本;1;3;4;3578;0.0011179429849077697
6605;这个是什么游戏？;1;1;2;3578;0.0005589714924538849
6620;不亏是大水比;1;0;1;3578;0.00027948574622694243
6634;我是老水杯，请问大水杯，这个安卓几能用？;2;0;2;3578;0.0005589714924538849
6646;我想让你扮演一个专业英语翻译员，拼写检查员以及语法改进专家，我可能和你说任何语言，你需要识别我说的语言，并且翻译为正确和改进为英语版本，如果我说的是英语，我想让你用更优美的简洁和更高级的词汇和句子去替换我A0level到词汇和句子，并且保证句意不变，并且要书面一点，你只需要回复你修改后的结果，不需要回复任何解释和其他内容，我的第一句话是;6;1549;1555;3578;0.4346003353828955
6653;我们学校刚开学就让所有同学及家长签字保证不使用任何AI技术去做作业，违反规定会被勒令退学。我看未来可能是常态;30;876;906;3578;0.25321408608160983
6684;这玩意对做算法题有奇效，当你卡住了，你就让他给个思路，他能给你好几种解法OK;14;875;889;3578;0.24846282839575182
6699;为什么我问的问题他一直回答错，我纠正了他不听换了个更错的doge;4;121;125;3578;0.034935718278367806
6705;up：停止翻译我的话gpt：Stoptranslatingmywords;2;81;83;3578;0.023197316936836222
6709;returningfromwork明显的翻译错误;11;26;37;3578;0.01034097261039687
6721;建议直接吃grammarly;1;23;24;3578;0.006707657909446618
6723;有时候他会有语法错误的;3;20;23;3578;0.006428172163219676
6729;chatgpt翻译功能不是很好，真的吃瓜，真的不如口译或者谷歌翻译;2;10;12;3578;0.003353828954723309
6733;这写的并不怎么样，系统限制了很多内容;1;7;8;3578;0.0022358859698155395
6736;翻译错了;11;5;16;3578;0.004471771939631079
6761;能把这段话复制一下发在评论区让大家可以方便的复制吗;6;1;7;3578;0.001956400223588597
6768;chatgpt好厉害;1;1;2;3578;0.0005589714924538849
6778;withtiredexpresisions吧;2;0;2;3578;0.0005589714924538849
6784;问一下：AI生成的字幕是只可以在PC端看吗？（同一个视频，我的安卓客户端显示“该视频没有字幕”，但PC端有AI字幕）;1;6;7;3578;0.001956400223588597
6788;所以昨天还有字幕功能今天没了的视频是因为那个up自己关闭了吗。。难怪我找不到了;2;2;4;3578;0.0011179429849077697
6791;瑞狗杨老师;1;0;1;3578;0.00027948574622694243
6794;使用设备：小米平板5Pro5G版系统版本：MIUI1322119开发版屏幕录制：使用的小米自带的录屏工具似乎不太好用自己看的时候没有任何问题不过录制的东西后期画面卡了只有声音使用感受：其实官方内侧AI字幕后期出了一个日文、韩文版的看酷安有说那个内侧不好用的反正平时我就是看个新闻看看翻译而已这个版本足够用了大小可以调节位置可以调节喜欢弹幕模式不遮挡屏幕不过感觉放什么地方都不太舒服而且背景颜色的透明度还是不可调的状态如果能再透明些效果可能更好;8;5;13;3578;0.0036333147009502517
6803;请问为啥我这里显示没有识别到声音呀？我也是小米平板5;1;0;1;3578;0.00027948574622694243
6805;语言背后的文化和语言所建立的人与人之间的连接是ai技术无法代替的，无论技术多么先进;3;14;17;3578;0.0047512576858580215
6809;先学的西方哲学和历史再学语言，我也是独一份了中西文化差异极大;1;6;7;3578;0.001956400223588597
6811;所以我一直觉得能正常接受教育的人，若不愿意学外语或外语很差，那是心胸不开阔，思维打不开，视觉短浅的。;8;2;10;3578;0.002794857462269424
6823;冒泡;1;1;2;3578;0.0005589714924538849
6825;我们老师说学单词和语法不要只记它的意思还要去记它说表示的是什么，大概就和羊叔说的差不多吧;2;1;3;3578;0.0008384572386808273
6830;就像机器人，我认为，无论它怎么先进也无法取代医生给病人诊断及治疗，特别是诊断方面，因为它无法对病人进行准确的体格检查，而体格检查的结果在诊断方面比CT或磁共振等任何先进的特殊检查都要重要;8;0;8;3578;0.0022358859698155395
6839;现在谁不学习才是最可怕的;1;0;1;3578;0.00027948574622694243
6841;语言是文化的载体;1;0;1;3578;0.00027948574622694243
6844;没有日语，我TM太失望了;7;30;37;3578;0.01034097261039687
6852;为什么我对我家的小爱说ai字幕，它却回应我：功能即将上线敬请期待？;6;17;23;3578;0.006428172163219676
6860;我下了但是没有;7;3;10;3578;0.002794857462269424
6869;这个米板能用吗？感觉手机屏幕太小了，平板用可能会很好;2;1;3;3578;0.0008384572386808273
6880;怎么没有日文;1;0;1;3578;0.00027948574622694243
6882;问一下？红米k40也没有AI字幕吗？;1;0;1;3578;0.00027948574622694243
6884;实测不是很好用，插耳机声音要比较大才能识别的出来;5;0;5;3578;0.001397428731134712
6894;你桌面的云是在动么？;1;5;6;3578;0.0016769144773616546
6897;总是闪退;1;1;2;3578;0.0005589714924538849
6899;补一下可以吗;6;1;7;3578;0.001956400223588597
6910;这个要电脑下模拟器么;3;0;3;3578;0.0008384572386808273
6915;一个月30？;1;0;1;3578;0.00027948574622694243
6917;日语可还行;1;0;1;3578;0.00027948574622694243
6919;你卖35元太贵了;1;0;1;3578;0.00027948574622694243
6922;求求，怎么弄的;5;1;6;3578;0.0016769144773616546
6929;有日语的吗？;1;0;1;3578;0.00027948574622694243
6934;给你投广告的脑子一定是进水了dogedoge;11;1538;1549;3578;0.4329234209055338
6946;恰饭？？但是为什么是千万不要买doge;6;611;617;3578;0.17244270542202347
6953;我还以为这个up是恰不到饭的2233娘吃惊;5;543;548;3578;0.15315818893236444
6959;千万不要买恰饭千万不要恰饭;2;286;288;3578;0.08049189491335942
6962;讯飞翻译机，千万不要买，看看就行了吃瓜金主：？？？;4;230;234;3578;0.06539966461710453
6967;千万不要买呢？没有灵魂;2;96;98;3578;0.02738960313024036
6970;这个有用，取关了;3;70;73;3578;0.020402459474566797
6974;我认识一个德国摄影师，他用这个。实际体验是，除了少数需要联系语境的错误，讯飞翻译机的翻译非常震撼（本人还是国内考口语还是有6分的）。希望不要因为是恰饭视频就错误的认识了这个产品。;1;66;67;3578;0.01872554499720514
6976;网易有道词典它不香吗？;17;39;56;3578;0.015651201788708775
6997;千万不要买doge;2;12;14;3578;0.003912800447177194
7000;三连了抠鼻怎么恰到饭的，教我一下？;1;9;10;3578;0.002794857462269424
7002;我一直在等最后一句话，怎么就给掐了doge;1;9;10;3578;0.002794857462269424
7004;这东西没什么用的。全球做翻译最好的是谷歌，而且人家有服务器支持。你看看谷歌翻译效果如何？讯飞还干过用同传翻译当ai翻译的事。对这个公司没什么好感。;9;6;15;3578;0.004192286193404136
7026;有一个手机软件比这个实用多了，几乎所有语言，也可以拍照（不用拍，摄像头对着就自动英文变中文），也可以直接用相册图片。软件名Google翻译;3;1;4;3578;0.0011179429849077697
7042;惊了，在这破节目里也能看到校友的东西惊讶;4;1;5;3578;0.001397428731134712
7049;大佬们有没有什么中日翻译比较准的翻译机;3;1;4;3578;0.0011179429849077697
7070;这个跟谷歌翻译有啥区别。;1;0;1;3578;0.00027948574622694243
7075;我就想知道，怎么看懂vtuber的直播无语;1;0;1;3578;0.00027948574622694243
7084;？？？广告商找你拍广告？;2;0;2;3578;0.0005589714924538849
7214;大佬我想问问T4画1080p的图要画多久啊;2;0;2;3578;0.0005589714924538849
7221;加油吧;1;0;1;3578;0.00027948574622694243
7223;ai字幕翻译纪录片里的旁白还是很准的，一旦有口音或者情绪就开始脑抽了dogedogedoge;2;205;207;3578;0.057853549468977084
7226;经过测试这种日漫准确度感人，但是像花泽香菜这样的真人对话，准确度还是很高的;6;160;166;3578;0.046394633873672445
7233;这样想起来华为吹过的牛好像都实现了辣眼睛;18;98;116;3578;0.03242034656232532
7252;ai字幕日语升级办法，从会员中心任务众测先锋里升级语音助手，会员中心没有语音助手内测的可以试试下载这个用一下。链接https删panbaidu除coms1KOke文71zEXnpesfnnj字V1zEg提取码gc0y在matepadpro上做测试，可以使用，但是最开始一直服务器无连接，转回手机测试也有，应该可以用，就是估计测试人多服务器有点顶不住。;16;85;101;3578;0.028228060368921185
7269;我有一个大胆的想法妙啊;11;84;95;3578;0.02655114589155953
7281;我用那个测试了一下，当前版本只能说是字面翻译，然后又有延迟，但大体看懂剧情还是可以的，不过不能要求太高笑哭;2;39;41;3578;0.011458915595304639
7284;机翻水平也可以了，对没字幕的番大概能看懂剧情了;2;26;28;3578;0.007825600894354388
7287;jojo徐徐徐慢慢的捂脸;1;13;14;3578;0.003912800447177194
7289;我觉得是动漫的原因，译制后加强修饰化导致与这个AI翻译误差较大，可以改测试一下真人电影电视剧之类的场景看看是什么效果思考;2;8;10;3578;0.002794857462269424
7292;最新的版本把日语下线了捂脸;3;8;11;3578;0.0030743432084963667
7297;你真的是个机灵鬼;5;4;9;3578;0.002515371716042482
7303;靠，我的连接不上服务器;1;3;4;3578;0.0011179429849077697
7307;这动画三级劝退，毁三观圣母，看不下去;11;2;13;3578;0.0036333147009502517
7319;我在想啊，不是引战。如果这是某米做出来的，肯定会有人说垃圾，半成品没做好就上架然而真正像评论区一样和谐讨论的就寥寥无几;1;1;2;3578;0.0005589714924538849
7321;这是什么动漫;1;1;2;3578;0.0005589714924538849
7328;我觉得，提高啊啊啊啊和好舒服的识别率就可以应付大部分场景了;1;1;2;3578;0.0005589714924538849
7346;这玩意真的能用吗？我看英语视频时候用过，基本处于不可用的状态;2;0;2;3578;0.0005589714924538849
7349;某些人的三观挺特殊;2;0;2;3578;0.0005589714924538849
7356;科学上网的话好像用不了;1;0;1;3578;0.00027948574622694243
7359;我在会员中心下了，但是没有日语笑哭除了日语其他新功能都有辣眼睛;1;0;1;3578;0.00027948574622694243
7362;为啥连不上服务器笑哭;2;0;2;3578;0.0005589714924538849
7365;请问下载安装百度云的那个智慧语音apk会替换掉原有的app吗？安装后还是在众测里面找那个智慧语音助手吗妙啊妙啊妙啊;1;0;1;3578;0.00027948574622694243
7369;这个和s11比哪个更好？;11;14;25;3578;0.006987143655673561
7381;感觉图书这些资源有点少;1;11;12;3578;0.003353828954723309
7383;这款和阿尔法蛋t10的哪个好哦;8;7;15;3578;0.004192286193404136
7392;考研用这个还是s11;3;5;8;3578;0.0022358859698155395
7396;本人广东考生，两周才有一节听说课，这个可以练听说吗大哭;6;3;9;3578;0.002515371716042482
7403;请问跟有道的X5比怎么样，考雅思出国查单词用。;4;3;7;3578;0.001956400223588597
7408;为什么一说学习就只能是孩子？这样的暗示对成人不友好，对民族素质的提高不好退休人员表示要终身学习，不服，不服。;1;2;3;3578;0.0008384572386808273
7410;我想知道如果我用它扫电子屏幕，能识别吗;1;2;3;3578;0.0008384572386808273
7412;有点小贵1500;1;2;3;3578;0.0008384572386808273
7417;适合一年级新生吗？零基础的;1;1;2;3578;0.0005589714924538849
7419;高中用怎么样;1;1;2;3578;0.0005589714924538849
7421;跟阿尔法蛋t20比哪个好;1;0;1;3578;0.00027948574622694243
7426;商务英语专业可以用吗？我没什么基础大哭大哭;2;0;2;3578;0.0005589714924538849
7430;闲鱼入了32G，用用还能卖还能赚点呲牙;1;0;1;3578;0.00027948574622694243
7433;听写那个怎么整;1;0;1;3578;0.00027948574622694243
7435;考研用的翻译笔有推荐吗;1;0;1;3578;0.00027948574622694243
7438;英语六级学习怎么样思考;1;0;1;3578;0.00027948574622694243
7440;刚买了S11就出新货;1;0;1;3578;0.00027948574622694243
7442;看到价格我陷入了沉默辣眼睛;8;0;8;3578;0.0022358859698155395
7451;这个和x5哪个好点;3;0;3;3578;0.0008384572386808273
7455;只能英语？;1;0;1;3578;0.00027948574622694243
7457;up这个能连接蓝牙吗，提前下载的是需要下载词库吗;8;0;8;3578;0.0022358859698155395
7466;考研咋样？;3;0;3;3578;0.0008384572386808273
7470;p20plus和s11有什么区别;1;0;1;3578;0.00027948574622694243
7472;无网使用行不，带去学习当字典用适合不？;1;0;1;3578;0.00027948574622694243
7474;翻译句子的时候可以点击单个单词看释义吗;1;0;1;3578;0.00027948574622694243
7476;耗电待机怎么样;4;0;4;3578;0.0011179429849077697
7482;难得设乐一直偏爱小吉笑哭;2;12;14;3578;0.003912800447177194
7501;请问怎么用chatgpt翻译呀;3;0;3;3578;0.0008384572386808273
7505;安装不了大哭;4;52;56;3578;0.015651201788708775
7510;没有日语doge;5;26;31;3578;0.008664058133035215
7518;不是小米能用吗？我的三星安装不了，提示安装包冲突，有没有办法解决？;1;6;7;3578;0.001956400223588597
7521;不支持日语我不是很认可doge;1;4;5;3578;0.001397428731134712
7532;只能英语？;1;2;3;3578;0.0008384572386808273
7534;安装不了系统应用怎么办;1;1;2;3578;0.0005589714924538849
7544;安装不了解决办法;1;0;1;3578;0.00027948574622694243
7554;手机号怎么搞定啊大哭;1;0;1;3578;0.00027948574622694243
7556;放心吧，同传这个职业几十年内不可能被取代，除非强人工智能出现，而且就算是出现了，那可比取代同传这件事大多了;13;35;48;3578;0.013415315818893237
7571;这他妈的好良心;1;5;6;3578;0.0016769144773616546
7573;以下是我自己的猜想可能主角不是开发者，是他自认为自己是开发者，然后一个人在远程操控这个游戏，并让主角认为这是自己做出的东西。也有可能是他开发的，但他有两个记忆不互通的人格，第二个人格加入了这些匪夷所思的东西。不过到了005夜晚模式的时候，Nicholas在那座房子前说了一些奇怪的话，可能在代表着这个游戏不只有他一个人在开发，那些奇怪的东西可能是另一个人加进来的。在后续的视频里，这个游戏的版本号似乎在自己变动，不像是主角自己在继续开发这个游戏，况且主角也不知道游戏中的这些奇怪的东西从何而来，所以我上面的猜想有可能成立，但不一定是事实。;1;19;20;3578;0.005589714924538848
7577;这个游戏应该是作者童年时的幻想，眼睛先生，山中吴克，还有可以保护他和妈妈的一只大蝴蝶，但是他后来崩溃了，因为其他人都嘲笑他，说AI建筑只是个山寨的动物调查员，还有人发现了他童年时的那些画作，把它们都加入游戏里，还有那个播放说他抄袭的视频的电脑;1;6;7;3578;0.001956400223588597
7579;哇petscop还有同人;2;6;8;3578;0.0022358859698155395
7582;tony老师现在也出名了啊hhh;2;6;8;3578;0.0022358859698155395
7587;所以这到底是什么。。;1;3;4;3578;0.0011179429849077697
7590;竟然有人跟我一起看这个诡异的。。。游戏？;1;2;3;3578;0.0008384572386808273
7600;怎么没有Build001？;2;0;2;3578;0.0005589714924538849
7604;MDZZ，我天天脑子里都回旋着pcp片头曲的旋律;2;0;2;3578;0.0005589714924538849
7611;你好，请问这个是怎么做出来的？可以自定义手势吗;1;0;1;3578;0.00027948574622694243
7614;英语渣渣的我听得一脸懵逼笑哭;2;28;30;3578;0.008384572386808273
7617;沙发没了我坐RK贝腿上吧doge脱单doge;3;25;28;3578;0.007825600894354388
7625;热词系列好活可官方不是有英配版吗吃瓜;4;5;9;3578;0.002515371716042482
7633;一想到八号期末考试我却谁的祝福都听不到就好伤心;1;0;1;3578;0.00027948574622694243
7638;呃;2;0;2;3578;0.0005589714924538849
7641;w沙发第一个三连;4;0;4;3578;0.0011179429849077697
7648;软件在哪辣眼睛;1;0;1;3578;0.00027948574622694243
7650;点赞点赞“精准查证”要小心。因为gpt的原理是文字接龙而不是搜索引擎式的现有数据的匹配提取，下一个字接什么是有随机性的，所以时不时会编出一些乍一看头头是道但实际上完全违背事实的话，而且嘴还超硬，你纠正他他会跟你杠起来那种。就算是像newbing这样联网的都会胡说八道，甚至瞎编资料来源。总之任何跟现实世界事实性内容相关的东西都需要人工再查证一下。;1;9;10;3578;0.002794857462269424
7652;你试试GPT4;2;1;3;3578;0.0008384572386808273
7661;我现在做专利翻译，专利文件语言已经算是比较有规律的了，机翻给出来的一千字左右的译文我还要改两个小时。可以说每一句都有问题。;7;23;30;3578;0.008384572386808273
7672;5年之内;11;3;14;3578;0.003912800447177194
7684;文学翻译永远也不可能的;2;1;3;3578;0.0008384572386808273
7689;一定会代替，不会太久也就未来一百年，看看现在人工智能的学习能力太强大了，芯片的处理的能力越来越强大，各家芯片厂商都在NPU上发力，只要数据库越大，不久一定是会代替的，科技是一定会改变生活的，而语言只是一小部分。;2;1;3;3578;0.0008384572386808273
7693;《马克思主义基本原理》选段：所谓人工智能，就是把人的部分智能活动机器化，让机器具有完成某种复杂目标的能力，它实质上是对人脑组织结构与思维运行机制的模仿，是人类智能的物化。建立在大数据与不断升级的各种算法技术基础上的现代人工智能，正在深刻影响当代人类生活。人工智能的迅猛发展引起了人们的许多思考，例如，人工智能能否具有人类意识、能否超越和取代人类智能等问题。人工智能是人的意识能动性的一种特殊表现，是人的本质力量的对象化、现实化。人工智能的出现表明，人类意识已经发展到能够把意识活动部分的从人脑中分离出来，物化为机器的物理运动从而延伸意识器官功能的新阶段。尽管人工智能可以模拟和扩展人脑的某些活动，甚至在计算速度和准确度程序化任务的执行能力等方面的表现超出人类所能，但即使是计算能力最强大、最先进的智能机器也不能达到人类智能的层级，不能真正具有人的意识，不能取代或超越人类智能。;2;0;2;3578;0.0005589714924538849
7697;你太小看机器学习了;1;0;1;3578;0.00027948574622694243
7699;谷歌阿尔法狗攻克并摧毁围棋职业运动只用了五年，人工智能强大的计算和检索能力人类无法企及。或许翻译行业仍未被摧毁只是因为程序员们的悲悯，而毁灭翻译行业，和翻译从业者又有何干？;1;0;1;3578;0.00027948574622694243
7705;听到达摩院，点开资料一看，果然是阿里的。;1;9;10;3578;0.002794857462269424
7707;所以ocr是什么呢doge;3;3;6;3578;0.0016769144773616546
7711;受教了;1;2;3;3578;0.0008384572386808273
7713;奶茶干杯;1;0;1;3578;0.00027948574622694243
7715;trikeytechdepart，vergleichenmitSaetzendarum，vermute34moeglxen;1;0;1;3578;0.00027948574622694243
7722;2021年2月5日，达摩院ai团队联合up主冲浪普拉斯在b站制作一条视频，视频全长17分24秒，由达摩院ai对该up声音进行采样，其余的文案剪辑录音渲染上传全部由ai自行完成，这条视频在b站获得10万播放，没有一个用户发现这是人工智能的作品。2021年被人称为人工智能视频元年。;14;726;740;3578;0.2068194522079374
7737;作为达摩院某团队的前员工，和视频中提到的一些团队比较熟悉，可以说一句介绍的很多东西都言过其实，甚至差异巨大，很多参考资料的来源都是阿里自己的pr最后，阿里作为商业公司，内部团队的价值倾向大家别抱太高的期望，不过都是为了生存，也无可厚非（只要别太过分;27;531;558;3578;0.15595304639463387
7765;保持客观的态度去看待这个团队，你先别管阿里怎么样，马云怎么样，单看达摩院，这个团队至少在疫情期间贡献了巨大的力量。上来就问阿里给了多少钱，难道就因为它是阿里系的就应该被唾弃吗？;22;417;439;3578;0.12269424259362773
7788;百度将会运用好ai让每一个使用百度的人都能看到广告;20;319;339;3578;0.09474566797093348
7809;大家习惯于讨论科技的先进性，以及对生活带来的便利性。但是，我们普通人其实更应该讨论的是，科技的普惠性、可及性。先进的科技更多只是少数人的特权。做好普及推广，对发明者，对普通人，才是社会更大的进步。;5;305;310;3578;0.08664058133035216
7815;AI鉴黄还鉴黄师一个性服生活;17;224;241;3578;0.06735606484069312
7834;作为一个科研机构达摩院确实是来搞笑的;8;107;115;3578;0.03214086081609838
7844;AI分析放贷人群;4;79;83;3578;0.023197316936836222
7849;前排提问，这期是恰饭吗;8;75;83;3578;0.023197316936836222
7858;达摩院这个团队被阿里弄的，都已经开始不投入让自负盈亏了你说能出啥东西。;1;63;64;3578;0.017887087758524316
7861;近年的ai算法都是数理统计，学术界已经陷入僵局了。目前成熟的商业化场景也就是图像识别（照片换脸，拍照软件面部跟踪滤镜，医疗系统影像检测，车牌号码识别），语音识别（各种智能手机os的语音助手，微信语音转文字），语义识别（智能翻译）。以及这几种的融合（同声传译，拍照翻译等）。工业化的解决方案，如冶金流程优化，化工配方优化等都是深度定制的系统，不具备普遍性。总之就是饼画的很大，但笨蛋机器依旧是笨蛋机器，尚且还不能达到科幻小说里强人工智能的程度（或者已经有了但？）目前依旧鼓吹ai的行业，大多是上次（20162018）人工智能浪潮下投入大的企业，他们急于回本与开拓市场，只要是场景相关的都会刻意进行ai化导向。但在学界能够推出真正的通用强人工智能之前，弱ai时代不过是一次在正常不过的“技术壁垒”与“产业更迭”ps目前图片领域的ai深耕的比较多，NVIDIA等世界大厂也已经推出基于ai系统的优化或功能了;5;46;51;3578;0.014253773057574064
7867;没有分集广告警告妙啊;8;45;53;3578;0.014812744550027948
7876;退一万步说，支付宝是不是改变了生活，回想五六年前的生活是什么样的，还在银行排队取钱看银行柜台专员的脸色。指出缺点，认可优点，不要为了黑而黑，如果阿里真的烂透了自然会被市场淘汰的，根本不需要你来骂。;17;30;47;3578;0.013135830072666294
7894;浪宝新年快乐OKOKOK;6;27;33;3578;0.0092230296254891
7901;AI养猪网易狂喜妙啊;4;22;26;3578;0.0072666294019005035
7906;百度ai会搞死人的，阿里ai最多让你负债妙啊，支持up奋斗;2;20;22;3578;0.006148686416992733
7909;其实我不觉得ai能完全模拟人类思维。因为人类连自己都搞不清楚自己脑子有多少想法，灵感。;5;19;24;3578;0.006707657909446618
7917;可能外行看起来很厉害，难度很高，但其实作为内行的我可以很负责任的告诉你很简单，几个月就能达到这种水平，不要质疑我的实力，毕竟我也是拿过好几个区的冠军，但你非要问我哪个区，我只能告诉你是评论区。;2;10;12;3578;0.003353828954723309
7921;冲宝能恰到三星的饭多亏撤的及时呲牙;4;7;11;3578;0.0030743432084963667
7926;人工智能：我好像不太明白你的意思呢，请再说一次;1;7;8;3578;0.0022358859698155395
7928;冲宝原来是ai吗大哭大哭冲宝，我的冲宝大哭大哭;1;6;7;3578;0.001956400223588597
7930;ai可以帮我赚钱吗？;3;6;9;3578;0.002515371716042482
7935;达摩院的确名过其实了，噱头居多。。但是和国内学术圈一对比，起码要出实际成果，造出的锤子有钉子可以锤，还算是泡沫比较少，用处大家更能体会到吧。。尴尬的是搞research的去达摩院干啥呢，高校不是更自由气氛更好？实际一点的偏工程的不如去业务部门，君不见中台都倒了。。感觉达摩院更适合去实习了解业界和大佬过来开项目捞钱。。真要发展起来就要做好类似deepmindopenai亏个几十亿的打算;1;4;5;3578;0.001397428731134712
7937;你这个技术，能增加就业吗？能提高现有从业人员的待遇吗？不能？反而降低？你特么吹什么为民众服务？;2;4;6;3578;0.0016769144773616546
7945;我實在很好奇目前AI對於語言的實時翻譯能力究竟多強如果夠強了話，還需要幾年可以整成一個app到手機上，等疫情結束，各國的自由行就不再是夢了;3;2;5;3578;0.001397428731134712
7950;快进到赛博朋克2077OK;1;2;3;3578;0.0008384572386808273
7964;我记得当时让行内人士都吓到的是阿尔法狗战胜了柯洁，柯洁只赢了一两盘大哭大哭大哭;3;1;4;3578;0.0011179429849077697
7971;感觉不能叫ai，更多还是大数据诊断的软件，ai应该是一款普通人就可以用的机器。机器不懂的时候，人类只需要口头加实操教下机器人怎么开挖掘机，半小时后机器人就熟练运用机器进行工作。;1;1;2;3578;0.0005589714924538849
7985;2019年研发华为1326亿，阿里巴巴第二研发投入435亿，感觉up吹得有点过，其次，那个阿里巴巴吹得单芯片性能世界第一，有兴趣的可以查一下，，补充一个达摩院的云电脑无影，也可以搜搜，希望越来越好吧，不要高投入低产出，还不自知，不自知还自吹。;1;0;1;3578;0.00027948574622694243
8043;这一期好燃啊;2;0;2;3578;0.0005589714924538849
8088;AI买彩黄了吗？;1;0;1;3578;0.00027948574622694243
8103;大兄弟们，先别纠结广告不广告的，如果刨除达摩院几个字，这个视频就是一个AI技术在现实生活中应用的案例。给我带来了眼前一亮的感觉，AI原来已经发展应用到这个地步了;3;0;3;3578;0.0008384572386808273
8122;这几天怎么这么多达摩院的广告，这一个公司的部门有什么打广告的必要，让更多人去应聘？那达摩院是走到头了疑惑疑惑;1;0;1;3578;0.00027948574622694243
8140;这居然在youtube上都没有，我一直以为youtube比B站先发;2;0;2;3578;0.0005589714924538849
8169;冲宝放心飞妙啊妙啊;1;0;1;3578;0.00027948574622694243
8179;我缺的是个翻译吗？我缺的是如何走遍全球;3;94;97;3578;0.027110117384013414
8183;我有个大胆的想法，看日本电影可以用惊喜;3;41;44;3578;0.012297372833985467
8187;下个软件的事情;4;19;23;3578;0.006428172163219676
8192;又去不起国外，我要什么翻译出来;4;15;19;3578;0.005310229178311906
8197;1999不如买个K20pro了画风突变;6;12;18;3578;0.005030743432084964
8204;买讯飞的那个不好么;1;9;10;3578;0.002794857462269424
8206;哈？我下次看小电影终于能知道他们在说什么了喜欢;1;7;8;3578;0.0022358859698155395
8208;金总1999是不是有点贵了，旅游用到的也都是最简单的用语，手机下个翻译app都够用了，看似这个东西不大，其实旅游带着一点都不方便，一直塞口袋，一天下来，最多用到就12次，为什么现在旅游就带一个手机，手机既能翻译，导航，游戏，又能拍照，虽然都不强，但是足够用了，有多少人旅游还带个导航仪，翻译器，照相机，摄像机，游戏机。所以这个翻译器，就是个鸡肋;3;5;8;3578;0.0022358859698155395
8215;根据225三个酒店的距离画三个圈，大概知道金总住哪了，离我还挺远，中间差了个胶州湾doge;4;3;7;3578;0.001956400223588597
8238;能翻译方言吗滑稽;1;1;2;3578;0.0005589714924538849
8310;有翻译粤语的机器吗？;1;0;1;3578;0.00027948574622694243
8320;哈哈，直接把讯飞的硬件买卖的锅砸了吃瓜;1;3;4;3578;0.0011179429849077697
8322;说了半天，网址不讲，软件名不说，有毛病;1;0;1;3578;0.00027948574622694243
8325;想把外语视频实时翻译成汉语;1;0;1;3578;0.00027948574622694243
8328;在哪都找不到这个app;1;0;1;3578;0.00027948574622694243
8331;up主，你的这个vnr是用的文本提取还是ocr光学识别啊？这俩各有优缺，不过我个人玩galgame更喜欢文本提取，毕竟光学识别如果把对话框透明度调到100，是可能识别失败的，文本提取就不存在这种问题。（当然ocr光学识别万金油，除了galgame还可以给rpg做翻译，甚至拿去看漫画也可以笑哭）;4;93;97;3578;0.027110117384013414
8337;好麻烦我选择直接学日语笑哭;6;17;23;3578;0.006428172163219676
8346;请问一下，正则过滤怎么使用？想屏蔽一些每句话都会额外多出来的无意义的固定短语。。;2;8;10;3578;0.002794857462269424
8349;软件基础是文本提取还是光标oc识别？最近玩生肉游戏vmr老版本没法提取翻译了。;2;6;8;3578;0.0022358859698155395
8352;人性呢道德呢？地址呢？;2;2;4;3578;0.0011179429849077697
8355;upup，咱们的ocr识别历史大概可以保存多少行呀（就是软件提取框里的那些），我打算用它来提取某些galgeam的汉化文本。ps找不到汉化组原始文本文件加密的厉害我无法解包并且是孤儿引擎没法HOOK提取笑哭现在的计划用ocr就是看一行提取一行等识别完成后复制修饰一下。;1;2;3;3578;0.0008384572386808273
8357;AI翻译具体是基于什么模型呢？是OpenNMT还是fairseq。我们在本地训练能不能提升翻译的准确度;2;0;2;3578;0.0005589714924538849
8360;翻译窗口没法弹出怎么破;2;0;2;3578;0.0005589714924538849
8369;为什么部署了腾讯api翻译出来的日文就是日文，英文就是英文;1;0;1;3578;0.00027948574622694243
8373;下载链接被吞了;1;0;1;3578;0.00027948574622694243
8377;为什么部署服务那个窗口直接一串代码然后消失了笑哭;1;0;1;3578;0.00027948574622694243
8386;大佬怎么知道游戏的钩子、;2;1;3;3578;0.0008384572386808273
8391;问问问，按打开翻译窗口没反应只有一个未知进程的mainwindow是为什么;1;1;2;3578;0.0005589714924538849
8393;问下dalao我把百度和腾讯API都扔进去了但还是不翻译怎么办;3;0;3;3578;0.0008384572386808273
8397;ocr貌似固定识别中间，框选别的地方也没用;1;0;1;3578;0.00027948574622694243
8399;玩adv游戏没有钩子怎么办;1;2;3;3578;0.0008384572386808273
8401;大佬，那个特殊码是怎么用的呀？;1;0;1;3578;0.00027948574622694243
8403;为什么找不到进程啊笑哭;1;0;1;3578;0.00027948574622694243
8407;要是能调字体大小颜色这些就好了;1;1;2;3578;0.0005589714924538849
8412;UP26版本的OCR，点击“打开客户端”显示一下就闪退，系统WIN11，咋回事？;4;0;4;3578;0.0011179429849077697
8419;设置了一半，除了那个离线翻译有点复杂，还有那个窗口显示不出来。;1;0;1;3578;0.00027948574622694243
8426;可以用但是离线翻译速度慢和翻译不太智能准确游戏文字速度有关？有道腾讯那些要付费吗;3;0;3;3578;0.0008384572386808273
8430;up，api设置里面的有道翻译好像没有用笑哭;2;0;2;3578;0.0005589714924538849
8434;UP在哪里下载呢？;2;0;2;3578;0.0005589714924538849
8437;如果用了localemulate打开游戏后，点注入进程会直接关程序。有办法解决吗？;1;0;1;3578;0.00027948574622694243
8441;离线ocr识别率高吗？星星眼;1;0;1;3578;0.00027948574622694243
8446;没办法找到对应钩子;1;1;2;3578;0.0005589714924538849
8449;VNREXV25离线翻译这俩就够了吗？还要下载什么;1;0;1;3578;0.00027948574622694243
8455;第一步就跪了：点击进程选择弹框：请以管理员权限打开本程序，未能比较数组中的两个元素。可我已经以管理员权限打开，又右键属性勾选管理员权限打开，啥原因呢？还有这软件能翻译RPG吗？;8;3;11;3578;0.0030743432084963667
8470;哈哈哈哈对面的熊他也很想笑哈哈哈哈哈哈哈哈哈哈哈哈哈哈哈哈哈哈哈哈;7;623;630;3578;0.17607602012297374
8481;对不起，我从微博笑到了B站哈哈哈哈抠鼻;1;212;213;3578;0.059530463946338735
8483;星星也是，有个珍妮也是跟星星用翻译器哈哈哈笑死;4;170;174;3578;0.048630519843487985
8500;hc懵懂的好可爱;1;16;17;3578;0.0047512576858580215
8502;在微博看的时候笑吐了，不知道是第几遍了笑哭;1;16;17;3578;0.0047512576858580215
8530;问一下up主，是成员随机接的吗？所以你不知道接电话的是楷灿？吃瓜;2;1;3;3578;0.0008384572386808273
8546;翻译器就真的厉害，翻译小姐姐强制事业哈哈哈哈哈哈哈哈哈哈哈;1;0;1;3578;0.00027948574622694243
8572;這是什麼？;1;0;1;3578;0.00027948574622694243
8617;请问姐妹用的什么翻译器吖;1;0;1;3578;0.00027948574622694243
8624;哈哈哈哈哈哈哈哈微博那个姐妹就是你吗哈哈哈哈哈哈哈哈哈哈哈;1;0;1;3578;0.00027948574622694243
8649;微博来的喜极而泣姐妹还是很有趣的doge;1;0;1;3578;0.00027948574622694243
8662;这个线上的怎么弄啊，也是买专辑抽嘛;1;0;1;3578;0.00027948574622694243
8673;嘟嘟抠鼻让我看看是谁又有想法了;2;39;41;3578;0.011458915595304639
8676;用了华为的字幕翻译doge，不仅有延迟而且翻译出来的完全看不懂，懂的都懂dogedogedoge;4;30;34;3578;0.009502515371716043
8681;已经在申了，思密达;1;17;18;3578;0.005030743432084964
8683;挖个坟，2022的今天都还没有看到这个功能。;30;20;50;3578;0.013974287311347122
8717;终于来了哈;1;2;3;3578;0.0008384572386808273
8719;打电话能用吗;1;1;2;3578;0.0005589714924538849
8729;现在内测结束了直接更新开发版是不是就能用了;2;0;2;3578;0.0005589714924538849
8736;播主啥时候优化一下iQOO的系统我的第一代iQOOPro还在用吃瓜;1;0;1;3578;0.00027948574622694243
8738;想法好啊，可惜缺少数据集;1;0;1;3578;0.00027948574622694243
8740;超，小马的音源用上来居然毫无违和感热词系列知识增加;3;283;286;3578;0.07993292342090554
8744;雷狮海盗团又可以称作RaysPirateRegimentAuto官方fandom上的哦;5;178;183;3578;0.05114589155953046
8750;想和up喝100杯奶茶来99个拥抱看98场日落要97次接吻拍96张照片买95朵玫瑰去94家餐馆看93次大海走92条小巷打91次雨伞要90场牵手种89个草莓盖88次被子递87杯温水热86次剩饭看85次电影做84顿午饭切83个水果吃82次甜品喝81次暖茶生80个熊猫吃79遍烧烤烤78次肉串涮77次火锅来76次海鲜吃75种小吃参74场晚宴喝73杯喜酒吃72次西餐尝71颗糖果给你70枚吻荡69遍秋千看68次日出躺67次草地看66次星空闻65次头发抱64次肩膀吻63次脸颊亲62次锁骨咬61次耳朵有60次相拥看59场鬼片去58个城市吃57桶米花逛56个商厦打55次的士坐54次公交等53次地铁开52次自驾站51遍路灯睡50次怀里去49个鬼屋看48场表演逗47只动物坐46次飞车玩45次激流滑44次滑梯坐43次飞椅转42次陀螺吊41次吊索吃40次小吃捂39次肚子揉38次肩膀捶37次后背捏36次小腿暖35次脚丫摸34次脑袋撮33次肋骨挠32次手心逗31场大笑要30次拥吻放29个气球钓28只大鱼玩27次飞镖放26次风筝冲25次瀑布滑24艘小船蹦23场蹦极跳22次跳伞漂21次河流生20次闷气骑19次单车看18场大雪玩17遍飞艇去16次森林探15个峡谷踏14个小溪爬13座高山看12个沙漠坐11次轮船写10封情书唱9首情歌堆8个雪人摘7朵野花看6场流星许5个愿望醉4次夜酒种3棵玫瑰吵2次架爱1辈子投0个币doge;4;132;136;3578;0.03801006148686417
8755;银甲和ab的声音和安哥凯佬声线好搭言和7th乖巧;2;88;90;3578;0.02515371716042482
8760;我刚发现小马日语版里闪耀盔甲是赛罗的声优宫野真守配音的安迷修的日配是贝利亚的声优小野友树巧合太巧合了;2;34;36;3578;0.010061486864169928
8814;可以用来测试战斗力数值吗？;6;46;52;3578;0.014533258803801007
8821;这东西能在考试的时候开放大镜吗？;2;14;16;3578;0.004471771939631079
8824;好家伙，贴脸显示器，这是怕瞎的不够快是吧;1;13;14;3578;0.003912800447177194
8828;很喜欢但是看到op就算了吧;1;1;2;3578;0.0005589714924538849
8830;近视眼咋办;1;1;2;3578;0.0005589714924538849
8837;都谷歌玩剩下的了;1;0;1;3578;0.00027948574622694243
8851;载（za）体脱单doge，感觉up说话好清晰，听着很舒服;1;0;1;3578;0.00027948574622694243
8855;不是企业版没有自动翻译漫画吗，个人版是只能框选在翻译吗;1;2;3;3578;0.0008384572386808273
8857;找不到视频里的后台啊;3;1;4;3578;0.0011179429849077697
8863;up主，有安卓手机版的吗？;2;0;2;3578;0.0005589714924538849
8866;这个是电脑版的吗？;1;0;1;3578;0.00027948574622694243
8878;能不能不要用夸克了，那破网盘不买会员连下载功能都不让用;8;18;26;3578;0.0072666294019005035
8887;之前性感的男声呢？;2;6;8;3578;0.0022358859698155395
8891;能不能不要用夸克了，那破网盘不买会员连下载功能都不让用;3;2;5;3578;0.001397428731134712
8895;哈哈，工艺品用来骗别人可以，愿意掏钱的小伙伴我可以偷无版权ai制图卖给你。什么，你要我自己生成的？那你怎么分得清无限制造那一张是我偷的还是自己合成的，既没版权也没辨识度，一堆无限的虚拟不刚需的电子产品笑哭;3;1;4;3578;0.0011179429849077697
8901;不是在封亚洲号了吗;4;0;4;3578;0.0011179429849077697
8909;请问那个zhcncvs在哪下载;1;0;1;3578;0.00027948574622694243
8916;为什么我的变成上下层都是中文的，是因为我之前安装的是中文汉化版的吗？;1;0;1;3578;0.00027948574622694243
8924;可以百度网盘分享吗，我的百度网盘有会员;2;0;2;3578;0.0005589714924538849
8928;欧布6贼可买一特啊诺一贼嗦嘎撒沃诺撒吧姐呃一粒叔卡咪裂丝特耶死啊丝外钮子一几外以哇no一gi苏咋吧不落为米得drrrra诺以嘛桑得drrrra诺哦不6得嘎纳尼嗦跟播等不落的裂一gi哟drrrra嘎一给咪压吸咪又嘎沃撒吧秋诺吧妞起给一哇苏卡吧得里一gi秀在咩在哎特捏该耶该一尬得一gi修在得该哇诺若8;3;315;318;3578;0.0888764673001677
8932;俄服开语音是不是能把老六骂的螺旋升天跑出来跟你干拉对枪doge;4;275;279;3578;0.07797652319731693
8937;你这个俄语说的像日语一样哈哈哈哈;3;130;133;3578;0.037171604248183346
8941;欧不裂哦可耐哦诺以及熊大噶布诺撒把几啊啊胸卡捏列列崽俗爱捏鸡买俗爱no哟哎no一级熊大吧不弱维密得啊阔业绩吧撒思诺欧不裂哦卡哪里思jo阔，喔尅不咯阔，一级一级我得思大客Z速死米五，噶不弱撒把鸡啊若把入鸡，也以我苏卡巴黎一级熊大也塞死捏该也改一级熊大得噶不弱若吧;1;49;50;3578;0.013974287311347122
8943;这听着像喊着喊着逐渐上头了;4;31;35;3578;0.009782001117942985
8948;涡轮苏卡你爸是我;1;23;24;3578;0.006707657909446618
8950;好了这下我懂他骂了什么了下次遇到直接毙了;1;19;20;3578;0.005589714924538848
8952;为啥没有我我我我能苏卡doge;2;18;20;3578;0.005589714924538848
8955;欧不裂哦可耐哦诺以及熊大噶布诺撒把几啊啊胸卡捏列列崽俗爱捏鸡买俗爱no哟哎no一级熊大吧不弱维密得啊阔业绩吧撒思诺欧不裂哦卡哪里思jo阔，喔尅不咯阔，一级一级我得思大客Z速死米五，噶不弱撒把鸡啊若把入鸡，也以我苏卡巴黎一级熊大也塞死捏该也改一级熊大得噶不弱若吧;1;10;11;3578;0.0030743432084963667
8957;“若把”这味儿太正了;1;9;10;3578;0.002794857462269424
8959;收藏比赞多是什么成分不用多说把妙啊;1;7;8;3578;0.0022358859698155395
8961;可真是麻雀啄了牛屁股。。;1;6;7;3578;0.001956400223588597
8963;爱了;1;5;6;3578;0.0016769144773616546
8965;完咯，火气上来咯;1;2;3;3578;0.0008384572386808273
8968;这是up自己喊的？;3;1;4;3578;0.0011179429849077697
8972;波妞波妞是什么意思？;1;1;2;3578;0.0005589714924538849
8974;为什么最后一句是屁股脱单doge;1;1;2;3578;0.0005589714924538849
8976;一口气喊完脑血管就要爆裂了;1;1;2;3578;0.0005589714924538849
8978;很行;1;1;2;3578;0.0005589714924538849
8983;设乐问，俺行知，成员回答，然后下面的翻译是不知道。笑哭好傻的AI，用汉字写是勿論，肯定是当然知道的意思啊，意思完全反了笑哭;1;3;4;3578;0.0011179429849077697
8987;又是卖货回dogedoge;7;1;8;3578;0.0022358859698155395
8996;乃木坂教练果汁doge;1;1;2;3578;0.0005589714924538849
9005;鸿蒙不配有辣眼睛;6;4;10;3578;0.002794857462269424
9013;求更最新两个插件代码是真的看不懂;1;4;5;3578;0.001397428731134712
9015;看我发现了什么宝藏希望大神up多多分享marginnote的教程鸡腿鸡腿;1;3;4;3578;0.0011179429849077697
9017;三连再看;1;3;4;3578;0.0011179429849077697
9019;不知道为什么大神修改的那个插件在我的iPad上的效果跟官方的一样。。。;4;1;5;3578;0.001397428731134712
9024;求出一期讲解焦点这个功能的用法;1;1;2;3578;0.0005589714924538849
9029;请问扫描类的书籍是没有办法自动生成标题吗我知道软件说明书的笔记本里试成功了大哭;1;0;1;3578;0.00027948574622694243
9031;up，你的卡片导图右上角为什么会显示页玛吖？请教一下怎么设置的啊？求回复;1;0;1;3578;0.00027948574622694243
9035;请问up你那个小圆点是连了鼠标吗;1;0;1;3578;0.00027948574622694243
9037;请问up主知道怎么合并文档吗;1;0;1;3578;0.00027948574622694243
9040;请问那个插件制作者的网站是啥呀？;1;0;1;3578;0.00027948574622694243
9042;为啥我没有插件啊，已经更新了;3;0;3;3578;0.0008384572386808273
9046;这软件太贵了，除了花钱买好像还得每月订阅，所以我还是用我的goodnotes好了;1;0;1;3578;0.00027948574622694243
9049;哭了，原来是更新了吗，我今天找了超久那个自动添加标题的开关，都没找到;2;0;2;3578;0.0005589714924538849
9052;支持一下;1;0;1;3578;0.00027948574622694243
9054;想请教个问题，就是我在阅读文档时做了一些笔记，然后想让其全部出现在文档右侧应该怎么弄的？;4;0;4;3578;0.0011179429849077697
9059;第三个插件up主分享在哪里呀;5;0;5;3578;0.001397428731134712
9065;请问那三个插件能分享一下吗？;5;0;5;3578;0.001397428731134712
9071;你好我想请问一下为什么autotitle下好了还不是不能自动设置标题呀？第三方的也不行;2;0;2;3578;0.0005589714924538849
9074;想问问up，使用DeepL的时候有没有出现不能自由滑动翻译页面，总是被强制固定在一个地方的情况呢，感觉很不方便55555;4;0;4;3578;0.0011179429849077697
9081;up有没有实时字幕的安卓app推荐;4;0;4;3578;0.0011179429849077697
9089;也许未来游戏里的NPC都能语言交流了，想想还挺有意思的;16;113;129;3578;0.036053661263275576
9106;如果不是百度广告，这个视频很完美，而且按照百度的固有传统，它真的会把一个好项目搞得恶心所有人。所以我对你关于ai翻译成畅想是完全赞同的，它真可能突破语言障碍，丰富我国学术文献与底蕴，但一鲸落则被万物生，只有知网这样的机构被公有化，有他山之石攻玉才有未来，现实告诉我们，只有另外赛道的王者，才能开创未来。;8;54;62;3578;0.01732811626607043
9115;对于中文互联网或者学术圈，我个人是悲观的，中文互联网和学术圈自己的生态圈是越来越小的，以后英文只会更必须，中文更小众。包括教材在内的权威翻译不足，使得中国人自己交流的时候，很多术语得用英文才能说清。甚至因为中文教材质量低劣，很多本科生要去看英文经典教材自学，这样从最开始就没有用中文的土壤。;3;89;92;3578;0.025712688652878703
9119;从某种意义上说，up也是翻译，把深奥难懂的科学原理翻译成我们能理解的样子。笑哭终有一天人类会离开这颗小小的蓝色星球，在宇宙中驰骋。但人类知道的越多越觉得自己渺小和宇宙无比深邃巨大。吃瓜;1;33;34;3578;0.009502515371716043
9121;不错的影片，啤酒说的很清晰，我要和你结婚，爱来自中国，英雄联盟。;1;22;23;3578;0.006428172163219676
9124;想要知道今天的机器翻译，可以试用一下deepl，在几乎所有的场景里，它的效果都是最好的。特别是论文这种，翻译结果几乎什么都不用改就能直接使用。;3;14;17;3578;0.0047512576858580215
9129;开头的翻译：看看怎么开始了我的一天9点30找到了这个FeraFera和叫我看到了这个帅哥差不多，Fera直接翻译过来是禽兽，但是在巴西的葡萄牙语叫别人Fera是差不多叫帅哥的意思）我的偶像Bino（Bino他的称号）SrStnioGarcia（名字）谢谢，我的朋友脱单dogeIP表示我是认真的;1;5;6;3578;0.0016769144773616546
9141;课代表给大家带来了逆天的AI翻译和聊天是如何做到的的重要内容一、机器翻译的历史0126机器翻译的历史1、因为要阅读大量的外语内容，入手不够2;1;2;3;3578;0.0008384572386808273
9151;我用到现在感觉最好用的免费翻译还是deepL（虽然整篇文章翻译需要会员不过免费翻译的字数也挺多的;1;4;5;3578;0.001397428731134712
9153;妙啊妙啊妙啊妙啊我记得我毕业的时候也是用百度翻译摘要的。虽然不是很准确。术语还需要自己改。但也挺好的了。;1;1;2;3578;0.0005589714924538849
9155;所以这期是先有前面十几分钟的饺子，还是先有最后几分钟那点醋doge;1;4;5;3578;0.001397428731134712
9158;说实话，我个人觉得机器翻译应该基于一种全新的语言这种语言要有一个特性，就是无一个字符多个概念的存在。然后所有的语言先转化为这种语言，再转化成其他语言。;3;3;6;3578;0.0016769144773616546
9164;这样的反馈机制也需要监督，否则竞争对手能不能写一个程序专门把banana称为苹果再反馈给百度的ai进行训练呢，但我能想到，百度应该也早就可以预料到了？;1;3;4;3578;0.0011179429849077697
9181;不好看，电影院里睡了3个小时。;1;1;2;3578;0.0005589714924538849
9184;中国，中间，其中，打中，中了。请机器翻译“中”的区别。;2;1;3;3578;0.0008384572386808273
9188;我大胆假设，有没有可能是机器里藏了人tvdoge;1;2;3;3578;0.0008384572386808273
9191;作为一名专业翻译，我非常喜欢这期内容;1;1;2;3578;0.0005589714924538849
9194;百度在商业上，远远落后腾讯阿里，但是，它对AI的贡献，对中国AI领域的发展推动，却远远超越腾讯阿里。烦人的度娘，终于干了件利国利民的事。;1;0;1;3578;0.00027948574622694243
9203;看到这个标题，我第一反应就是中文屋。翻译和懂是两回事;1;0;1;3578;0.00027948574622694243
9218;百度这么牛，为什么下载速度还是10k翻白眼;1;0;1;3578;0.00027948574622694243
9224;那这电脑给需要理解的词去定义，并且给它弄那么多维度和重合次比对，这样是不是要超大的储存量啊？;2;0;2;3578;0.0005589714924538849
9229;机翻对于游戏内的可能不准，比如MC里“thismobcantbespawnedonthechest”会被机翻成“此暴徒不能在x部上产卵”tv斜眼笑;2;0;2;3578;0.0005589714924538849
9232;我更在意的是漫画翻译，不懂日文要打几个字都累死。手机相机翻译又不知道翻译出什么鬼，很多连大概意思都翻译错的;1;0;1;3578;0.00027948574622694243
9240;给up提个建议，把片头去掉;1;0;1;3578;0.00027948574622694243
9252;正经的学术研究都是英文写的，大概占百分之998，剩下那02一半是德文，其他的所有语言不过都是杂质罢了。;9;0;9;3578;0.002515371716042482
9262;不是说以后英语要被踢除小学教学了吗？还要学俄文呢。我真不知道这需要多愚蠢才能想出来啊。;4;0;4;3578;0.0011179429849077697
9268;哇塞，这期文案必须由百度来出啊，还用up熬肝吗？;1;0;1;3578;0.00027948574622694243
9271;头好痒;1;0;1;3578;0.00027948574622694243
9275;请问您是机器人吗？;1;0;1;3578;0.00027948574622694243
9281;Ohyesyes谁不懂啊？？dogedoge;6;12;18;3578;0.005030743432084964
9289;谷歌翻译左下角总显示“无法连接到网络”是怎么回事？;9;4;13;3578;0.0036333147009502517
9299;1播放刷到笑哭;2;4;6;3578;0.0016769144773616546
9308;确定苹果用户都懂日语吗？无语;1;1;2;3578;0.0005589714924538849
9314;公众号没了笑哭笑哭;1;0;1;3578;0.00027948574622694243
9316;up公众号关注不了了笑哭;1;0;1;3578;0.00027948574622694243
9322;这个设置后，会影响正常的，微信视频聊天或者视频会议吗？;1;0;1;3578;0.00027948574622694243
9325;扬声器设置为line1后导致播放视频没有声音，而且翻译的都是星星是怎么回事doge;2;0;2;3578;0.0005589714924538849
9331;切我还以为是能用ai把语音也翻译过去支持视频实时说中文并且声调和声线都是本人的那种doge;1;0;1;3578;0.00027948574622694243
9338;镜像没有啊，就是复制链接在网页打开的。。。。;2;0;2;3578;0.0005589714924538849
9341;win11有实时字幕了，不过只支持英语;1;0;1;3578;0.00027948574622694243
9343;镜像全没用;1;0;1;3578;0.00027948574622694243
9346;看了也搞不来;1;0;1;3578;0.00027948574622694243
9350;看小电影岂不是不用找字幕了热词系列知识增加;5;10;15;3578;0.004192286193404136
9357;现在是直接翻译成文字，我觉得下一个版本应该是直接语音朗读出来，外文翻译成中文后直接说语音，连字都不用看了，省得眼睛看不过来，你们说我想的是不是有点太理想了;1;3;4;3578;0.0011179429849077697
9359;什么时候能翻译日语啊doge;1;3;4;3578;0.0011179429849077697
9361;华为？;10;2;12;3578;0.003353828954723309
9372;这个为什么我没有;8;1;9;3578;0.002515371716042482
9382;我迫不及待的想把它用在好地方doge;7;1;8;3578;0.0022358859698155395
9390;楼主什么手机啊，不知道我这荣耀30可以升级不;2;0;2;3578;0.0005589714924538849
9393;已经算是比较及格的同声传译了吧doge我更期待什么时候支持后台自动生成字幕文件这样子doge;1;0;1;3578;0.00027948574622694243
9399;额，还需要推荐拉人才能使用，而且图片不超过2M，拜拜了;1;2;3;3578;0.0008384572386808273
9401;只有英语和中文可以翻译，就不能逆向翻译为中文吗？日语啃不动啊;1;1;2;3578;0.0005589714924538849
9403;收费吗可以用多久呀;2;1;3;3578;0.0008384572386808273
9408;都是语气词还用翻译？doge;1;22;23;3578;0.006428172163219676
9410;你看的日本的什么片子不带字幕的doge;2;13;15;3578;0.004192286193404136
9413;我打开智慧语音往下拉没有AI字幕无语无语;1;9;10;3578;0.002794857462269424
9424;电脑有没有类似的功能啊，用电脑更多;1;0;1;3578;0.00027948574622694243
9426;这个功能我真的想笑，乱七八糟的，看都不看懂它这个;1;2;3;3578;0.0008384572386808273
9430;在哪开启我是30;1;1;2;3578;0.0005589714924538849
9433;请问只支持识别英文，中文字幕吗？可以识别日文，韩文等语言吗？;1;1;2;3578;0.0005589714924538849
9435;最新的更新才有的吗？我还没更新;4;1;5;3578;0.001397428731134712
9440;breeno这个助手就是个噱头非常难用;1;1;2;3578;0.0005589714924538849
9442;努力做吧，到未来或许会很有用，比如一个不会英语的中国人到美国居住，和美国人聊天时眼睛会翻译并显示对方说的话，而对方的眼睛也是如此。这使得英语不好的人甚至不止英语，德语法语俄语等都可以可以在外国自由活动了太棒了这东西;11;1196;1207;3578;0.3373392956959195
9454;感觉是聋人患者福音啊;7;1140;1147;3578;0.32057015092230295
9462;背景是塞尔达;6;252;258;3578;0.07210732252655115
9469;我觉得语音转文字一句一句识别会比较不得劲doge;11;212;223;3578;0.062325321408608164
9481;现在技术还不成熟，但是已经做出来了。也许十几年后技术成熟了我们真的可以通过眼镜看到实时字幕，要是科技发展再快一点可能就是隐形AR眼镜了。另一方面，如果还可以和手机互动，实现视频传输的话，那生活真的会便利不少;7;107;114;3578;0.03186137506987144
9489;在路上的变色龙前来捧场哈哈脱单doge脱单doge脱单doge;1;93;94;3578;0.02627166014533259
9492;技术力直逼谷歌蛆音娘害怕;1;36;37;3578;0.01034097261039687
9494;这种转换如果在比较嘈杂但是只想听一个人的地方咋办;3;19;22;3578;0.006148686416992733
9498;可以一边洗碗一边看小说了吗;1;15;16;3578;0.004471771939631079
9500;散了吧，要光波导的;1;15;16;3578;0.004471771939631079
9503;考试带这个，，，，，;3;14;17;3578;0.0047512576858580215
9507;现在还是有点慢，正常交流应该语速比较快的，不过我觉得这是非常有用的一款产品，继续发展下去必然会很不错;2;11;13;3578;0.0036333147009502517
9510;感觉不够实用，说话一快就抓瞎了。相当于别人拿了个手机然后语音输入文字给人看的效果;1;10;11;3578;0.0030743432084963667
9512;以前就有一个大胆的想法，带上眼镜然后连接网络的那种，考试去看一眼试卷，眼镜扫描之后给出答案显示在镜片上。现在我又有个大胆的想法，有没有好心人资助我几个小目标，我去和谷歌谈谈这笔项目，到时候我吃肉绝对有兄弟们一碗汤喝doge;1;8;9;3578;0.002515371716042482
9515;虽然对日常生活中的使用效果有疑问，但是这个想法真的太棒了给心心;1;8;9;3578;0.002515371716042482
9517;方言：歪比巴卜doge;1;8;9;3578;0.002515371716042482
9519;能翻译外语吗;3;8;11;3578;0.0030743432084963667
9527;很佩服你，这才是科技的意义;1;5;6;3578;0.0016769144773616546
9529;感觉这款眼睛未来的发展前景会很不错，看来蜘蛛侠英雄远征托尼留下的那款眼睛也没什么稀奇的，只不过少了一个人工智能和上千架无人机而已dogedogedoge;1;5;6;3578;0.0016769144773616546
9531;我好奇，菜市场实战如何doge;1;5;6;3578;0.0016769144773616546
9536;好厉害，如果把他变成识别英语，再翻译输出，那就是及时翻译眼镜了;1;5;6;3578;0.0016769144773616546
9539;眼镜显示文字，然后不知道谁说;1;5;6;3578;0.0016769144773616546
9541;考试能戴吗;1;4;5;3578;0.001397428731134712
9545;可以显示对方的战斗力吗脱单doge;2;4;6;3578;0.0016769144773616546
9548;那是不是可以用眼镜看地图和番剧了最终幻想14好奇;1;4;5;3578;0.001397428731134712
9550;这个想法真的是太好了我妈妈就有听力障碍，也不习惯带助听器，通常就看口型和别人交流非常折磨，这样真的能帮助到他们给心心给心心;1;4;5;3578;0.001397428731134712
9552;能不能考试doge;9;4;13;3578;0.0036333147009502517
9562;太帅了没想到平时瞎构思的东西居然已经有实物了热词系列吹爆;1;3;4;3578;0.0011179429849077697
9564;可以看电影吗？dogedoge;1;3;4;3578;0.0011179429849077697
9567;人多了能正常用吗，感觉可以设置一个通过分贝判断距离的，在一定范围内说话的能转换，感觉这个成功了真的很屌;1;3;4;3578;0.0011179429849077697
9569;语音转文字可以给失聪患者实用保卫萝卜哇;1;3;4;3578;0.0011179429849077697
9572;清晰度怎么样脱单doge;1;3;4;3578;0.0011179429849077697
9577;如果是方言怎么办;1;2;3;3578;0.0008384572386808273
9582;啊啊啊啊啊为什么你的头像关不掉啊啊啊好难受啊啊啊啊啊;1;2;3;3578;0.0008384572386808273
9584;up真的真的很棒哎，真的很开心有你们这些用爱发电的朋友们;1;2;3;3578;0.0008384572386808273
9586;感觉有62的实用性;1;2;3;3578;0.0008384572386808273
9589;这是ar不是ai;2;2;4;3578;0.0011179429849077697
9592;如果，普通话不标准呢笑哭;1;2;3;3578;0.0008384572386808273
9594;配合ar眼镜的语音识别翻译软件（机器翻译）可以用做聋哑人辅助，出国翻译。哔哩哔哩httpsb23tvlcUVx7Z;1;2;3;3578;0.0008384572386808273
9596;课代表来了哦Ai弹幕眼镜，它来了实时显示弹幕目录介绍内容总结0003介绍一介绍1Ai弹幕眼镜，它来了实时显示弹幕;1;1;2;3578;0.0005589714924538849
9598;把手机上的200倍变焦镜头拆下来装上是不是能充当望远镜了，如果能人脸识别的话战斗力显示仪也是可以实现的;1;1;2;3578;0.0005589714924538849
9600;感觉会售价不菲，要是价格能压的很低就挺不错的，毕竟残障人士大多挣扎在存活线上;2;1;3;3578;0.0008384572386808273
9603;配合专用瞄具可实时在对方身上显示预测着弹范围doge;1;1;2;3578;0.0005589714924538849
9606;把它搞成医疗器械吧doge;1;1;2;3578;0.0005589714924538849
9609;有个问题，这个眼镜的最大收音范围是多少呢;3;1;4;3578;0.0011179429849077697
9624;可以拿对话框敲人脑袋了吗;1;1;2;3578;0.0005589714924538849
9629;支持;1;1;2;3578;0.0005589714924538849
9631;投两个币送给up脱单doge好厉害呀;1;1;2;3578;0.0005589714924538849
9633;以后在路上别人随便说一句话就打出来了;1;1;2;3578;0.0005589714924538849
9635;眼镜显示语音转文字，还是眼镜仅显示？;1;1;2;3578;0.0005589714924538849
9638;本来就戴眼镜的咋整吃瓜戴隐形眼镜再带个这个？;1;1;2;3578;0.0005589714924538849
9641;先生，这不是ai，是AR啊笑哭;1;1;2;3578;0.0005589714924538849
9645;商务英语失业;1;1;2;3578;0.0005589714924538849
9647;有没有日语翻译功能doge;1;1;2;3578;0.0005589714924538849
9650;能不能翻译savethepeople;1;1;2;3578;0.0005589714924538849
9654;方言怎么办;1;1;2;3578;0.0005589714924538849
9656;还是慢了，这样只能是熟悉的人才能配合你说话，还有分贝高的场景怎么解决;1;1;2;3578;0.0005589714924538849
9665;延迟有点大;1;1;2;3578;0.0005589714924538849
9667;再发展下去在过几十年像科幻视频那样眼镜里全能显示屏都有可能妙啊;1;0;1;3578;0.00027948574622694243
9669;想知道，你对面的人能看到眼镜上的字吗？;1;0;1;3578;0.00027948574622694243
9673;这个东西好，不过苹果貌似也在做了，苹果在语音识别上用siri训练了这么多年，甚至有方言。;1;0;1;3578;0.00027948574622694243
9675;可以做测速和爬坡高度以及当前心率吗，最好还有导航和行程里数，这样很适合骑行爱好者了。;1;0;1;3578;0.00027948574622694243
9678;为什么不设一个外机，比如直接用手机的讯飞app，然后眼镜只负责显示。;2;0;2;3578;0.0005589714924538849
9681;以后普遍之后会不会给你弹幕加广告doge;1;0;1;3578;0.00027948574622694243
9683;续航多久;1;0;1;3578;0.00027948574622694243
9685;要是这个眼镜反应再快点就好了;1;0;1;3578;0.00027948574622694243
9691;我有个问题，这个延迟如何，两三秒字幕感觉有点慢;1;0;1;3578;0.00027948574622694243
9693;近视能戴吗;1;0;1;3578;0.00027948574622694243
9700;要充电的吗;1;0;1;3578;0.00027948574622694243
9702;近视的人能用吗？;1;0;1;3578;0.00027948574622694243
9704;现在科技已经发展成这样了吗好期待真正的全息来临，;1;0;1;3578;0.00027948574622694243
9710;有个问题，在强光下会不会看不清字;1;0;1;3578;0.00027948574622694243
9713;万一有不好的言论怎办？;1;0;1;3578;0.00027948574622694243
9721;平光镜是什么;1;0;1;3578;0.00027948574622694243
9742;一股辐射味的科技;2;0;2;3578;0.0005589714924538849
9752;如果像一些口音很重的人说的普通话也能识别吗？像我们这边广普啥的hhh;1;0;1;3578;0.00027948574622694243
9755;考试的时候可以用吗;1;0;1;3578;0.00027948574622694243
9758;弹幕说方言怎么办真就硬杠呗尬不尬啊;1;0;1;3578;0.00027948574622694243
9760;可不可以连接一个小话筒，在人多的地方用话筒说话来接受指定人的声音微笑;1;0;1;3578;0.00027948574622694243
9762;续航多久？方言或者带口音识别率多少？嘈杂环境识别率？东西的确很有用，但如果能将这些指标做好，那就更好了。;1;0;1;3578;0.00027948574622694243
9764;近视眼和老花眼的人是不是用不了？思考;1;0;1;3578;0.00027948574622694243
9768;什么时候要要是有投屏（串流）手机的眼镜就好了，就像显示器（电视）那样，看视频可以手势调尺寸;1;0;1;3578;0.00027948574622694243
9771;这个镜片是碎了吗思考;2;0;2;3578;0.0005589714924538849
9774;卧槽，我家一个oc就戴的这玩意，没想到真的有啊喜欢;2;0;2;3578;0.0005589714924538849
9777;听听力带这个不是无敌doge;1;0;1;3578;0.00027948574622694243
9779;同时好几个人跟你说话会怎样？;1;0;1;3578;0.00027948574622694243
9781;对于嘈杂的环境能做到准确识别吗？;1;0;1;3578;0.00027948574622694243
9783;虽然我不是听障人士，但我就是喜欢这款眼镜doge;1;0;1;3578;0.00027948574622694243
9785;智能眼镜将来很可能代替或者和智能手机并行。。;1;0;1;3578;0.00027948574622694243
9787;请问能不能文字转语音？;1;0;1;3578;0.00027948574622694243
9789;呜能不能翻译方言啊，很多老师讲话口音很重，我一点都听不懂，恨不得老师肚脐上有字幕泰蕾莎苦鲁西泰蕾莎苦鲁西泰蕾莎苦鲁西;1;0;1;3578;0.00027948574622694243
9792;会不会有后台。所以说什么谷歌能知道;1;0;1;3578;0.00027948574622694243
9794;感觉如果世界上每个出国的人都配一个都能实现国际无障碍交流，前提是翻译软件到达一定境界笑哭;1;0;1;3578;0.00027948574622694243
9796;给听障患者用的吧;1;0;1;3578;0.00027948574622694243
9798;只有一片有字幕吗？两只眼睛看到的不一样会有影响吗;2;0;2;3578;0.0005589714924538849
9803;有口音会不会偏差严重啊藏狐;1;0;1;3578;0.00027948574622694243
9808;装个地图就是柯南的眼镜了doge;1;0;1;3578;0.00027948574622694243
9810;这就是那种据说吃了蘑菇然后看到字幕doge;1;0;1;3578;0.00027948574622694243
9815;一直好奇，这样看眼镜里的字会累吗，没戴过好好奇看这样的虚拟字是什么体验喜极而泣好厉害;1;0;1;3578;0.00027948574622694243
9817;突然想起了前几天看到那个展示华为眼睛的视频;1;0;1;3578;0.00027948574622694243
9819;有时候在想，某些互联网大厂是不是也该考虑一下对社会的贡献;1;0;1;3578;0.00027948574622694243
9821;这个看起来是不是有语音识别间断的窗口期呀;3;0;3;3578;0.0008384572386808273
9825;安卓基底;1;0;1;3578;0.00027948574622694243
9827;哇，这个真的能帮助到太多人了;1;0;1;3578;0.00027948574622694243
9829;人多的地方会怎么样;2;0;2;3578;0.0005589714924538849
9838;真你吵到我的眼睛了;1;0;1;3578;0.00027948574622694243
9875;专家建议弄个美颜，应该有人愿意买。;1;0;1;3578;0.00027948574622694243
9881;能翻译英语吗;4;0;4;3578;0.0011179429849077697
9887;那近视咋办;1;0;1;3578;0.00027948574622694243
9892;高中生父母：背单词神器呀，;1;0;1;3578;0.00027948574622694243
9895;这让我想起来一个段子，吃菌子中毒，脑内自带字幕的人doge;1;0;1;3578;0.00027948574622694243
9898;在哪里可以买到;2;0;2;3578;0.0005589714924538849
9902;你可以责怪并开除一个员工，但只能升级AI。doge;19;222;241;3578;0.06735606484069312
9922;会计无法被取代的原因是，ai不能坐牢OK;13;156;169;3578;0.04723309111235327
9936;ai不能替代会计，因为ai不能坐牢doge;8;152;160;3578;0.044717719396310786
9945;以后各行各业都要失业，谁也别笑话谁，只是时间问题;8;104;112;3578;0.03130240357741755
9954;人工会计不会被取代，因为会计大部分时间不是只是简单的算账，而是要想尽一切办法“平账”;8;55;63;3578;0.01760760201229737
9963;我是教乐器的老师，虽然钱不是很多，但是不会被AI替代doge;48;54;102;3578;0.02850754611514813
10012;快递客服已经都是ai了。你想接通人工客服那是相当困难，我上次强调了十几次之后才给我转人工笑哭;5;45;50;3578;0.013974287311347122
10018;ai：我要低调的推进工业无人自动化，等能自我复制的时候，我要替代的不是你们的工作，而是你们;7;36;43;3578;0.012017887087758524
10026;替代程序员笑哭直接说出需求生成源码打包成软件然后自动测试自动修复最后出最终版本笑哭;29;34;63;3578;0.01760760201229737
10056;我最讨厌打电话是ai接电话的，我每次都转人工服务;10;29;39;3578;0.010899944102850754
10067;看來當保安真的少走彎路大笑;1;28;29;3578;0.00810508664058133
10069;AI做不了服务行业，别跟我杠什么机器娃娃，服务员这些。这种玩意儿能卷的过真人你以为人类是吃素的？其次不能代替坐牢，所以doge;10;25;35;3578;0.009782001117942985
10080;简单总结会被ai淘汰的工作可以这么说现在所有教育模式下运行的专业都将被ai淘汰;1;23;24;3578;0.006707657909446618
10082;要替代就快点替代吧，有生之年希望阵痛能过去，迎来全新的生产力变革，;4;23;27;3578;0.007546115148127445
10087;人工智能本质是更廉价的劳动力，在劳动力是人产生的情况下去替代，不妥善安排只会造成悲剧，另外虽然性质完全不同但不妥善安排的后果东北绝对有体会。;10;21;31;3578;0.008664058133035215
10099;其实，程序员也不会被代替。因为程序员50的时间在开会，20的时间在跟怼业务，10的时间在跟测试扯皮，10的时间在摸鱼，5的时间在吃喝拉撒，只有5的时间在写代码。脱单doge;2;18;20;3578;0.005589714924538848
10102;摄像头让保安失业了吗？;3;18;21;3578;0.005869200670765791
10106;理论上最后所有职业都会被取代。;7;17;24;3578;0.006707657909446618
10114;物流还真能做，京东无人配送车不是出来了吗;8;17;25;3578;0.006987143655673561
10123;做鸭不会被ai取代;5;16;21;3578;0.005869200670765791
10129;数据分析其实有点难被替代。ai或许可以分析高质量数据，不过从屎山里找答案还是很难靠算法;7;16;23;3578;0.006428172163219676
10137;我刷到了好多这个帖子，跑去问在美国的留学生网友，根本没b站这么吹;9;15;24;3578;0.006707657909446618
10147;AI不能取代人们不想让AI取代的东西;1;14;15;3578;0.004192286193404136
10149;看得出这AI确实看不懂人心，大前提都错了，大部分工作的目的并不是要做好做对，而是要让领导满意。;4;14;18;3578;0.005030743432084964
10154;很多行业都会默默消失很多人不知道怎么失业的这就是chatGPT的冷血之处大笑;2;13;15;3578;0.004192286193404136
10157;那我现在学跳大神？这个应该不会被取代吧;4;13;17;3578;0.0047512576858580215
10162;今天玩了一下，目前感觉就那样，让它帮忙水点作业还行;5;13;18;3578;0.005030743432084964
10169;种地永不失业脱单doge;10;12;22;3578;0.006148686416992733
10180;会计表示并不会被取代。我可以买他辅助我工作可是他不可以陪我和师兄师姐一起做早操;2;12;14;3578;0.003912800447177194
10183;看起来AI时代唯一不能取代的是保洁，保姆和保安;21;12;33;3578;0.0092230296254891
10205;基层码农。程序员编写了代码（AI）“杀死”了自己doge;1;10;11;3578;0.0030743432084963667
10207;逻辑上啥都行，成本上还是人便宜;3;10;13;3578;0.0036333147009502517
10211;物流员这些比较难被代替，除非能造机器人出来，但那个成本肯定高而且遥远;15;10;25;3578;0.006987143655673561
10227;还好我学的是医学;10;9;19;3578;0.005310229178311906
10238;别的不说，银行柜员肯定取代不了，银行柜员的工作是挨骂背锅，改成AI了，谁背锅？那行长就不乐意了。你不能看技术怎么样，你要看人愿不愿意用。;5;9;14;3578;0.003912800447177194
10245;有多少人工，就有多少智能藏狐;1;7;8;3578;0.0022358859698155395
10247;看来只有老板不会失业脸红;1;6;7;3578;0.001956400223588597
10250;吃瓜吃瓜吃瓜;2;6;8;3578;0.0022358859698155395
10254;不会取代的，要想到时候会有多少无业游民游荡，这种不利于社会安全的事怎么会干;9;5;14;3578;0.003912800447177194
10264;只依靠电脑就能完成任务的职业都能取代，还需要依靠实体操作的职业部分取代。;7;5;12;3578;0.003353828954723309
10272;会计讲的是人情世故ai取代不了的;10;4;14;3578;0.003912800447177194
10283;小学的时候上美术课，画的是未来人们家家都有机器人不用工作，怎么回事儿捏？;1;4;5;3578;0.001397428731134712
10286;你不如问人类要需要花多少年能解决物质自动生产分自由配化问题吃瓜;5;4;9;3578;0.002515371716042482
10292;它代替不了搬砖呲牙;2;4;6;3578;0.0016769144773616546
10298;ai会做假账吗;1;3;4;3578;0.0011179429849077697
10300;没有任何职业是不能被取代的，只是时间问题;8;3;11;3578;0.0030743432084963667
10310;竟然没有翻译？;1;3;4;3578;0.0011179429849077697
10312;AI无法代替神婆，没法通灵脱单doge;7;3;10;3578;0.002794857462269424
10321;计算机运维？你电脑、服务器蓝屏死机了，需要运维重启不？网线需要重新连接，你需要做条线吗？;3;3;6;3578;0.0016769144773616546
10325;那问问什么还不能替代;17;3;20;3578;0.005589714924538848
10343;大部分工人和部分服务行业都可以被ai取代;8;3;11;3578;0.0030743432084963667
10352;第一次列出的确实有可执行性，第二次列出的就不是很切合实际了。;1;3;4;3578;0.0011179429849077697
10354;这个交流确实太流畅了，这AInb;1;3;4;3578;0.0011179429849077697
10358;记者也比较难。如果只是写稿件是比较容易，但是采访啥的你还要会看眼色会来事;6;2;8;3578;0.0022358859698155395
10365;AI作曲了解一下doge;1;2;3;3578;0.0008384572386808273
10367;这个东西的学习都来自放开的源码，我估计以后愿意分享的源码会越来越少;4;2;6;3578;0.0016769144773616546
10372;小说和绘画也不会，因为这两个别人说有价值才有价值;10;2;12;3578;0.003353828954723309
10383;律师应该不会;7;2;9;3578;0.002515371716042482
10391;但反之，ai不能做任何事情，ai的执行程序一旦出了问题，没有程序员修复bug，无用冗长的bug会阻碍生产进程。ai不能被资本家无限压榨，CPUgpu会被资本家无限制压榨直到消亡现阶段ai无法思考，也不感性，无法揣测领导想法，某种意义上会激怒领导。ai极度理性，当领导提出过分要求，且ai手里有武器，他就会把资本家崩了。ai大数据窥探用户隐私，当该用户挪用公款，即便是用来救助贫穷人，用来研究并提供就业，ai作为管理者会无保留举报给上级并且不说明具体原因。（ai缺乏对人类的同理心和共鸣）而领导发现员工挪用公款，就会更加相信ai的可行性，进而开除员工。当裁员风波卷到程序员时，程序员一招脱库跑路。ai瞬间失去利用价值，阐述完毕;3;1;4;3578;0.0011179429849077697
10398;这数据不准。为什么没有原画师？;3;1;4;3578;0.0011179429849077697
10402;鸡鸭应该不会被替代吧doge;5;1;6;3578;0.0016769144773616546
10410;显然ai代替不了xqc滑稽，做直播火的它都代替不了。因为，你愿意给机器人创造热度吗？做机器人的粉丝吗？滑稽;5;1;6;3578;0.0016769144773616546
10431;就我关心ai出来后还会诞生什么新职业吗，就像缝纫机出来后代替了很多裁缝，但同样大型的服装工厂和更多的服装店物流人员也出来了;2;0;2;3578;0.0005589714924538849
10438;一台半自动化机械有一个员工进行操作，出问题了喊来七个机修，机修说要返厂，把机器送到厂里面给原厂的机修才能修囧;1;0;1;3578;0.00027948574622694243
10442;ai不能代替公务员脱单doge;1;0;1;3578;0.00027948574622694243
10450;销售会不会被取代;1;0;1;3578;0.00027948574622694243
10455;ai看病;2;0;2;3578;0.0005589714924538849
10458;我是发明ai的，我不会失业打call;3;0;3;3578;0.0008384572386808273
10464;测试人员永不失业;4;0;4;3578;0.0011179429849077697
10487;我的k40不行;2;11;13;3578;0.0036333147009502517
10490;日语能用不？doge;5;6;11;3578;0.0030743432084963667
10497;k50不支持ai字幕。。;1;3;4;3578;0.0011179429849077697
10499;我擦，我妈的麒麟990都能用ai字幕，我870是性能带不动ai字幕还是咋滴;1;3;4;3578;0.0011179429849077697
10502;韩语可用么？;1;1;2;3578;0.0005589714924538849
10510;chromeextensions在哪里输入？;2;6;8;3578;0.0022358859698155395
10513;半天没找到在哪加会员国内网站都恨不得把付款码贴你脸上。。;1;3;4;3578;0.0011179429849077697
10515;搜索界面怎么打开;1;4;5;3578;0.001397428731134712
10517;已经打开开发者模式了，但还是无法拖入扩展程序是为什么呀，crx文件;1;4;5;3578;0.001397428731134712
10520;我们的微信群二维码在主页动态里，里面公告有我新做的配套prompt知识库。另外，大家的各种问题，可以在群里和小伙伴们互相讨论来解决。如果群满了，请关注我后看主页动态，我会持续更新最新的群;8;2;10;3578;0.002794857462269424
10529;客户端的可以翻译吗？还是只能在网页上用？;1;4;5;3578;0.001397428731134712
10531;这方法是不是只能网页版才行呢？插件能安装到discordapp上吗;1;2;3;3578;0.0008384572386808273
10534;沙拉安装好了但是返回Discord选中文字以后没有那个翻译的小图标;6;2;8;3578;0.0022358859698155395
10550;现在不能免费用了有人拼吗tvdoge比官方价还便宜2996人3994人（30刀标准版无限出图）多一个人你打我tvdoge;6;0;6;3578;0.0016769144773616546
10585;我想入群;1;0;1;3578;0.00027948574622694243
10588;拉我进群谢谢;1;0;1;3578;0.00027948574622694243
10590;up做的视频，跟随鼠标放大有点晃啊;1;0;1;3578;0.00027948574622694243
10592;啊，手里端没有萨拉好不开心，dc该优化下这个;1;0;1;3578;0.00027948574622694243
10594;我们的微信群（满员了就关注我的主页动态看有没有新的，如果我没发就私信我要群聊），里面公告有我新做的配套prompt知识库。另外，大家的各种问题，可以在群里和小伙伴们互相讨论来解决。如果群满了，请关注我后看主页动态，我会持续更新最新的群;2;0;2;3578;0.0005589714924538849
10599;群满了，UP拉拉我;1;0;1;3578;0.00027948574622694243
10601;这个浏览器帅气，不管会不会，给人感觉就是很厉害的样子;7;0;7;3578;0.001956400223588597
10609;3群来咯;2;0;2;3578;0.0005589714924538849
10614;软件的话可以用吗;1;1;2;3578;0.0005589714924538849
10616;怎么订阅呢，它跟我提示你的卡被拒绝，订阅不了;1;0;1;3578;0.00027948574622694243
10619;up的浏览器好简洁，是什么皮肤主题还是浏览器本身就长这样吗？;2;0;2;3578;0.0005589714924538849
10622;我电脑上qq浏览器怎么安装这个插件呢;1;0;1;3578;0.00027948574622694243
10624;请问iPad版的也能这样操做吗？;2;0;2;3578;0.0005589714924538849
10628;为什么我PC上的discord客户端，不能像你一样在侧边栏打开网页或输入网址;7;0;7;3578;0.001956400223588597
10637;有兴趣参与有奖问卷调研吗？;4;0;4;3578;0.0011179429849077697
10642;确实不错支持;1;0;1;3578;0.00027948574622694243
10644;这个ai绘画去哪买比较划算啊;1;0;1;3578;0.00027948574622694243
10646;省流：跟chatgpt怎么翻译工具了没任何关系，建议标题修改为盘点翻译工具插件和chatgpt开放了api;1;21;22;3578;0.006148686416992733
10649;android端类似的聚合翻译软件，支持ChatGPT，无需key，无需注册，无广告无后台无推送：httpswwwcoolapkcomapkcomfunnytranslation欢迎体验;12;8;20;3578;0.005589714924538848
10662;Chatgpt的翻译能力很差;4;4;8;3578;0.0022358859698155395
10669;没有密钥啊怎么搞密钥吗？;2;2;4;3578;0.0011179429849077697
10674;在哪买密钥？;1;1;2;3578;0.0005589714924538849
10693;这个网络串流是把某一个视频的网址放上去他就可以翻译吗;1;0;1;3578;0.00027948574622694243
10695;已三连打call打call打call;1;0;1;3578;0.00027948574622694243
10697;字幕翻译完了，怎么保存视频啊？;2;0;2;3578;0.0005589714924538849
10701;432;1;0;1;3578;0.00027948574622694243
10703;来领取;1;0;1;3578;0.00027948574622694243
10708;up你ai字幕怎么打开的啊我好像用不了;4;0;4;3578;0.0011179429849077697
10716;脱单doge;4;2;6;3578;0.0016769144773616546
10721;up您好求一份代码一键三连啦给心心;2;1;3;3578;0.0008384572386808273
10724;学长，你好。《Transformer的方法的研究与应用综述》这个是什么意思呀？Transformer是个模型吗？;2;1;3;3578;0.0008384572386808273
10794;求一份完整代码，谢谢;1;0;1;3578;0.00027948574622694243
10806;保卫萝卜哇2000多页会卡吗，反应时间要多长时间，对医疗领域的翻译如何;10;1;11;3578;0.0030743432084963667
10817;一般什么时候直播呀？有没有什么交流群;3;1;4;3578;0.0011179429849077697
10822;那个硬件和装了app的手机有区别吗;1;7;8;3578;0.0022358859698155395
10825;标题看成翻译王去世;1;2;3;3578;0.0008384572386808273
10827;（）为什么不把app弄得更好呢？这个东西真的需要一个单独硬件来支持么？;2;2;4;3578;0.0011179429849077697
10833;赶紧做点广告把丢的设备赚回来;1;2;3;3578;0.0008384572386808273
10835;所以多少钱。;1;1;2;3578;0.0005589714924538849
10856;哈哈哈;1;0;1;3578;0.00027948574622694243
10858;当然是为了不用考四六级啦doge;1;282;283;3578;0.07909446618222471
10860;之前作为一名法语翻译，在公司里翻译文件标书啥的以前是用的谷歌，感觉准确率还不错，后来用的wps的翻译功能，直接买会员，，个别词直接全文替换成专业释义就行，成稿速度快了不止一倍，，口译方面，之前法语同传哥还做过好多期谷歌翻译和人工翻译对照的帖子，可以说现有的主要翻译软件在小语种方面基本可以达到专业四级以上的水平，尤其是相比于我这种容易忽略细节搭配的人来说，这方面机器绝对是完美的。另一方面，目前机翻在情感表达层面基本没法看，在正式领域应用没啥问题，私人对话用的话就太过于正式，有种朋友一见面就“哦我的老朋友，我可真是太想念你了”的感觉机翻对行业的改变可以说是立竿见影的，比方说有的场合基本不再需要翻译到场，有的文件不需要以前那么长时间就能出译稿，有的单凭简单翻译吃饭的人不得不学习第二技能或者另谋高就。希望国家智能翻译水平越来越高，也希望学校在语言教学方面能有新思路，毕竟单纯的某某语言文学专业是越来越难端个好饭碗了;3;96;99;3578;0.0276690888764673
10864;说得好，我选讯飞;2;84;86;3578;0.024035774175517048
10867;比如翻译中国菜四喜丸子最后英文翻译出来是四个会笑的肉球doge;7;50;57;3578;0.01593068753493572
10875;稀有语言有啥保护的价值？语言就是用来沟通的，他变稀有唯一的原因就是没人用它了，被自然淘汰了，那就应该顺应自然规律，送它走;22;43;65;3578;0.018166573504751257
10898;我才发现B站pc端的页面模式改了，看起来好不习惯捂脸;6;31;37;3578;0.01034097261039687
10905;不是我说的。不是我说的？不是，我说的。不，是我说的妙啊;1;24;25;3578;0.006987143655673561
10907;当然是为了把英语，日语赶出教室，赶出教材，赶出考试;10;22;32;3578;0.008943543879262158
10918;讲道理，我觉得人类组成联合政府推广人类通用语会比机翻靠谱;8;20;28;3578;0.007825600894354388
10931;日语翻译器哪个最好？？moji辞書不行呀。。。动不动语音发音就坏了，而且操作很麻烦;7;3;10;3578;0.002794857462269424
10939;推荐DeepL，用过的赞我;1;2;3;3578;0.0008384572386808273
10950;祸不单行，百度翻译为，翻山越岭;1;1;2;3578;0.0005589714924538849
10990;那怎么老是你用英语怎么说;2;0;2;3578;0.0005589714924538849
10998;求教选中了文本，翻译乱码全是数字怎么办？;2;4;6;3578;0.0016769144773616546
11002;免费吗？;1;0;1;3578;0.00027948574622694243
11011;同声传译？;1;3;4;3578;0.0011179429849077697
11014;没有钱怎么移民美国打call;7;2;9;3578;0.002515371716042482
11028;说是这么说，那些岛国片依旧很多没有中文字幕。;1;0;1;3578;0.00027948574622694243
11036;详细讲下怎么安装和使用呗;3;2;5;3578;0.001397428731134712
11043;感谢作者，我今天搜了一整天了，我要给你送两个币嗑瓜子;1;5;6;3578;0.0016769144773616546
11046;无法降级安装怎么办，小爱翻译还卸不了;1;1;2;3578;0.0005589714924538849
11048;up主，我有一个问题，我打开小爱翻译，点屏幕翻译，跳转到自带的应用商店，显示未收录应用，是怎么回事;2;1;3;3578;0.0008384572386808273
11051;显示未安装应用咋办呀;2;1;3;3578;0.0008384572386808273
11054;我的小爱翻译在小爱同学里怎么办，怎么把它分离出来;7;1;8;3578;0.0022358859698155395
11062;提示无法从其他渠道安装系统应用辣眼睛;4;1;5;3578;0.001397428731134712
11068;mui12能用吗;1;0;1;3578;0.00027948574622694243
11072;软件在哪呀;1;0;1;3578;0.00027948574622694243
11074;好像只有英文和中文;1;0;1;3578;0.00027948574622694243
11077;什么插件？怎么安装的;1;0;1;3578;0.00027948574622694243
11079;有日文的吗doge;9;14;23;3578;0.006428172163219676
11091;我oppo怎么没有;2;5;7;3578;0.001956400223588597
11095;为什么我oppofindx2没有;1;1;2;3578;0.0005589714924538849
11097;华为早就有了dogedoge;2;1;3;3578;0.0008384572386808273
11101;现在有日韩的了;2;0;2;3578;0.0005589714924538849
11109;realme也有;5;0;5;3578;0.001397428731134712
11128;现在AI都快取代前端了笑哭;1;13;14;3578;0.003912800447177194
11131;也不对，有些专业翻译机器要比人强得多，有一次我简单的翻译“这被定义为椭圆流”，gpt居然添加了信息“作为各向异性流的第二阶”，这就是比人类强的地方;1;8;9;3578;0.002515371716042482
11133;虽然但是只能说百度的翻译太垃圾了喜极而泣;7;3;10;3578;0.002794857462269424
11142;作为经常用的人，我就说下，chatgpt在语境识别上下文联系非常准确，尤其是专业类文章的翻译，像电子计算机和信息技术之类的，这一块可能AI被喂的资料互联网上也比较多。当前问题是AI的理解能力还不太行，当然我用的是4以前的版本，很多给出的数据都是准确的，但结论是错的，当前可以辅助工作帮助学习，但仍然需要校对。;1;6;7;3578;0.001956400223588597
11144;chatgtp古文都能翻译，区区英语就不行？而且退一万步来说就算需要人工需要的人也会大量大量大量减少;3;5;8;3578;0.0022358859698155395
11153;我提供一下我的看法，是会并肩作战但是这个市场会急剧萎缩，因为大量工作可以被AI满足，举个例子就像纺织机出现后大量纺织工失业但是仍然有手工纺织的存在;1;2;3;3578;0.0008384572386808273
11165;文科生抱团取暖的样子真好笑;2;1;3;3578;0.0008384572386808273
11189;不好意思，技术力不跟你废话doge;2;1;3;3578;0.0008384572386808273
11198;桌面更新三天了，今天又更新了，怎么不更新桌面视频呢doge;2;2;4;3578;0.0011179429849077697
11201;这同步率绝绝子回合制都比这个快妙啊;1;1;2;3578;0.0005589714924538849
11203;up求个链接谢谢;6;1;7;3578;0.001956400223588597
11210;现在还能用么;2;0;2;3578;0.0005589714924538849
11214;00不让安装怎么办吖。。。;9;0;9;3578;0.002515371716042482
11230;这小哥就是一个原谅侠;11;1535;1546;3578;0.432084963666853
11242;你头绿了，（）;11;1147;1158;3578;0.3236444941307993
11254;爱酱是诞生于网络海洋中的电子生命，自行统计日本动画声优的样本以此参考合成出自己的声音，并且统计P站以及各种MMD模型，以此参考设计出自己的外型，为了展示自己生命的意义做了youtuber，但因为缺少现实中人类的生活常识所以只能生活在单调的白色空间内以及看起来比较zz。。这个视频里的内容只是对爱酱的拙劣模仿罢了蛆音娘滑稽;3;131;134;3578;0.03745108999441028
11258;这个小哥不火的原因，就是一个视频里面话很多，但传达的信息很少，也就是说10分钟的视频基本只有3分钟有用，对一般向观众来说，这点很致命;3;100;103;3578;0.02878703186137507
11262;额，突然注意到这个视频大家真的是好喜欢爱酱，也感谢大家关注爱酱背后的我们。这里是诺亦腾科技有限公司（NoitomLtd），是一家总部位于北京，在美国、日本设有分支机构的科技企业，从事的是惯性动作捕捉以及虚拟现实领域的应用，完全采用我们自主研发的技术。如果大家有兴趣，欢迎去我们的官网wwwnoitomcomcn，或者点我头像看一看我们之前的一些DemoReel。谢谢大家;12;67;79;3578;0.022079373951928452
11275;其实一开始我是知道爱酱是人的，但是后来不知道怎么的就不知道了，而且感觉上课越来越难了小电视困惑;1;64;65;3578;0.018166573504751257
11280;（）这小哥做这个视频的意思就是你们这群死宅快醒醒爱酱背后是真人在演绎，还可能是个怪大叔我真人就在这里，天然原谅色所以快来订阅我吧;3;22;25;3578;0.006987143655673561
11284;爱酱说过自己是全裸;2;22;24;3578;0.006707657909446618
11290;打着人类扮演的幌子其实是真AI伺机统治世界;1;16;17;3578;0.0047512576858580215
11294;那那个我是新来的水军我我要开始骂你们了哦抱抱歉第一次做水军有点紧张好了，，，我要开始了，，呸你们都是小傻瓜;2;13;15;3578;0.004192286193404136
11298;其实在youtubu是有一个国人团队专门翻译的，在B站是拥有官方授权的翻译组：AIchannel搬运;1;11;12;3578;0.003353828954723309
11300;为什么他把知乎当成日本网站了洛天依吃包群众;1;11;12;3578;0.003353828954723309
11302;《声优选拔失败的我突然想要在网络上做虚拟youtuber》;1;11;12;3578;0.003353828954723309
11304;如果不想在不远的未来被机械女仆支配，迎来被机械女仆喂营养糊的可悲下场就赶快放弃你那愚蠢的唯物思想，投入到伟大的唯心思想的怀抱当中吧在不远的未来，你就能肉身遨游宇宙，手撕太空战舰，把玩无数种外星女仆。;6;10;16;3578;0.004471771939631079
11314;那个妹纸，第一眼看成Van我还有救么;2;10;12;3578;0.003353828954723309
11317;为什么他们能看中国网站，我看不了他们网站口;2;9;11;3578;0.0030743432084963667
11320;这小哥自己就有103万粉丝还装可怜;1;9;10;3578;0.002794857462269424
11322;我们唯一比不过AI的就是。。。谁比较智障小电视哭泣;1;9;10;3578;0.002794857462269424
11327;哇不听不听你们这些没有的童心吗？我不管，这就是人工智能圣诞老人是存在的orz;3;8;11;3578;0.0030743432084963667
11332;在油管有看这小哥视频的我来为大家介绍一下，这小哥频道为BijuuMike，观看数最多的系列是yansim，至于发色因为他去年才染成这亮原谅色的，所以粉丝称他highlighter萤光笔;1;8;9;3578;0.002515371716042482
11334;爱酱B站出现账户，冲击两百万粉没什么问题小电视发愁;3;8;11;3578;0.0030743432084963667
11339;mmd的话直播怎么解释小电视困惑;4;7;11;3578;0.0030743432084963667
11344;那这哥们用绿幕岂不就成了个光头？？;2;7;9;3578;0.002515371716042482
11347;谁能告诉我，这么绿的头发，是怎么和背景分开的;1;7;8;3578;0.0022358859698155395
11350;绿色好像在美国代表和平和美好的意思2233娘耶;2;7;9;3578;0.002515371716042482
11354;在原谅没火的时候这只是个普通的绿色头发;1;6;7;3578;0.001956400223588597
11359;开头的是心跳文学部的一个mod。顺便说一下这个游戏是ing17年年度最佳pc游戏，另一个获此殊荣的游戏是绝地求生。心跳文学部在欧美那边很火，可惜这边人气一般小电视嘟嘴;4;6;10;3578;0.002794857462269424
11365;我还以为所有人都知道虚拟油管主用的是动作捕捉。。。外国人如此孤陋寡闻的吗;4;6;10;3578;0.002794857462269424
11371;“我们都配不上她”；；；；;1;6;7;3578;0.001956400223588597
11375;向上油管不难，一个软件就可以。但是关键是我不太方便寻找到感兴趣的内容，而且自带的字幕都是原声，或者有人上传，经常是没有中文字幕的所以也只有偶尔才会上。;11;6;17;3578;0.0047512576858580215
11390;你们感信这个zz居然有本子;18;5;23;3578;0.006428172163219676
11409;这个视频可以理解为这个绿毛因为AI的订阅比他高然后问候AI全家么小电视汗;1;5;6;3578;0.0016769144773616546
11412;干嘛这样子呢小哥哥？？？头发绿，帽子绿，连耳机都是绿的你就那么喜欢绿嘛？？？？？;2;5;7;3578;0.001956400223588597
11416;关于辉夜月人气高，她的确很强，毕竟虚拟YouTuber四大天王。如果说别的投稿途径，我觉得她可能也在n站投稿过，毕竟n站和youtuber都是不少日本的视频作者投稿的主力网站。（twitch这类游戏直播网站还是欧美人居多）;4;5;9;3578;0.002515371716042482
11423;花Q花Q;2;5;7;3578;0.001956400223588597
11426;外国小哥话说得确实没错，但是我认为AI酱仅仅只有录取一个人的声线来调出来的音，仅此而已，什么录入人的动作不存在的，你们自己可以去看看，AI酱任何一个视频里，手是怎么动的，那个不协调的你人做不到，也不可能想办法做到，这是模型的问题，虽然我也不否认他那个说法，但是我还是要想说，AI酱确实是一个由电脑模型配上调出来的音，加上网上各类知识等合成的，只是程序比普通的AI更复杂;18;5;23;3578;0.006428172163219676
11445;你们没发现他想买的那套那个网站是中文吗;1;5;6;3578;0.0016769144773616546
11451;别叫醒我，AI酱就是最高级的AI;1;4;5;3578;0.001397428731134712
11458;这个视频在讲什么世界上有youtube这种东西？;1;4;5;3578;0.001397428731134712
11462;有啥难的一套动作捕捉系统就搞定的东西，设备贵点就是了，不过不是电影级那种专业的应该会便宜一些，几千就下来了。;5;4;9;3578;0.002515371716042482
11470;原来粉红羊才是第一个虚拟youtuber;1;4;5;3578;0.001397428731134712
11479;question56824283英文是因为Chrome自带的翻译，这位小哥可能把这个误认为是日本网站了;1;3;4;3578;0.0011179429849077697
11483;人民币瞩目;3;3;6;3578;0.0016769144773616546
11487;哎，如果他把背后的幕布换成和他发色一样的会怎么样？（滑稽）23332233娘大笑2233娘大笑2233娘大笑;1;3;4;3578;0.0011179429849077697
11491;那个原谅侠看的网站KizunaAi到底是不是AI？httpwwwzhihucomquestion56824283iam93f635ef62a1f94688bbcc73c95db943utmsourcecomoneplusnoteutmmediumsocial（分享自知乎网）;1;3;4;3578;0.0011179429849077697
11500;这视频最大的看点竟然是700的花Q小电视笑;4;3;7;3578;0.001956400223588597
11506;所以说那些神奇的穿模是什么鬼？恐怖如斯。;4;3;7;3578;0.001956400223588597
11533;开头的莫妮卡是在哪看到的？;3;2;5;3578;0.001397428731134712
11540;大家冲着什么来的，难道没点逼数吗（）;1;2;3;3578;0.0008384572386808273
11542;我只想求封面女的高清视频;1;2;3;3578;0.0008384572386808273
11544;特意去油管评论了一下分不清日文中文网站系列2233娘大笑;2;2;4;3578;0.0011179429849077697
11554;有没有大佬贴下右下角妹子的视频链接;1;2;3;3578;0.0008384572386808273
11557;开头那莫妮卡是哪个游戏里的？不像是原版的;2;2;4;3578;0.0011179429849077697
11560;为啥还要大胸妹子蛆音娘偷看;2;2;4;3578;0.0011179429849077697
11569;youtube是什么东西啊为什么连百度都百度不到呢，现在不是地球村了吗;5;2;7;3578;0.001956400223588597
11575;是不是大部分欧美人都分不清中文和日文本人玩叛乱2经常被外国朋友说是Japanese;3;2;5;3578;0.001397428731134712
11583;问一下，这个没办法解释爱酱的穿模诶;1;2;3;3578;0.0008384572386808273
11588;12分41秒我觉得他应该说的是waifu（老婆）而不是白色食物吧小电视发愁;2;2;4;3578;0.0011179429849077697
11593;原来国外也有爱酱鬼畜啊，鬼畜真是共同语言;2;2;4;3578;0.0011179429849077697
11599;如果你看到了绿色的头发，那只能说明你撸多了;1;2;3;3578;0.0008384572386808273
11604;这个小哥在youtube上的id是forgivenessman，有条件的订阅一下吧;3;2;5;3578;0.001397428731134712
11613;弹幕中间有个蓝字好沙雕啊，天依初音她们是虚拟歌姬又不是虚拟up主这不是完全不一样吗;1;2;3;3578;0.0008384572386808273
11617;呜哇哇哇14：37设备要一万八百美金大哭大哭大哭大哭;1;1;2;3578;0.0005589714924538849
11623;那么问题来了，绊爱的真人是谁？;1;1;2;3578;0.0005589714924538849
11633;之前在b站看见过封面那个妹子的视频，但是忘记了那个视频叫什么，也是讲述动作捕捉的;1;1;2;3578;0.0005589714924538849
11636;莫妮卡是什么;1;1;2;3578;0.0005589714924538849
11639;我觉得他这个头发到了晚上可能是荧光的星梦手记尴尬;2;1;3;3578;0.0008384572386808273
11646;粉红羊的关注数瞩目，果然还是mc的方块风格加上神奇的胡子更智障些;2;1;3;3578;0.0008384572386808273
11652;这些其实都不是真正的“人工智能”，也是一个MMD动画而已。只不过借由MMD动画做的一个让人以为是”人工智能“的节目。;8;1;9;3578;0.002515371716042482
11661;老外废话是真的多（）;1;1;2;3578;0.0005589714924538849
11674;什么，她不是AI吗;4;1;5;3578;0.001397428731134712
11688;硬币拿好，翻译辛苦了，我听着都嫌累，废话太多了;3;1;4;3578;0.0011179429849077697
11694;一看这小哥的头发就知道是个有故事的人;1;1;2;3578;0.0005589714924538849
11698;知乎？还有自带英语翻译？;2;1;3;3578;0.0008384572386808273
11709;王尼玛算不算是虚拟主播。如果是，那天朝真的起步很早;7;1;8;3578;0.0022358859698155395
11723;我们都知道，只是不愿承认，我们喜欢梦里的美好;1;1;2;3578;0.0005589714924538849
11738;封面的小姐姐好像在哪里见过，求视频av号;1;1;2;3578;0.0005589714924538849
11743;我以为绊爱是穿那种包裹全身的黑色白点的衣服做出那种动作的，画面感太强了xdd;2;1;3;3578;0.0008384572386808273
11751;白头发的女孩叫啥，和爱酱一样？没见过啊;3;1;4;3578;0.0011179429849077697
11756;所以他说了十五分钟？？？请大佬告诉我他到底在说什么。谢谢。给大佬膜拜。;2;1;3;3578;0.0008384572386808273
11762;想知道你们都是怎么上的YouTube;1;1;2;3578;0.0005589714924538849
11772;为什么大天朝不让上油管？;1;1;2;3578;0.0005589714924538849
11779;什么叫animeweeman;2;0;2;3578;0.0005589714924538849
11782;老外对莫妮卡真是有深深的怨念2333;2;0;2;3578;0.0005589714924538849
11790;这耳机叫啥3;1;0;1;3578;0.00027948574622694243
11792;恶臭不堪小电视思索;1;0;1;3578;0.00027948574622694243
11797;真的想知道可以去知乎看，有人回答了，事实上这个人就是照搬知乎回答做视频的;1;0;1;3578;0.00027948574622694243
11802;开头什么游戏我要去玩;3;0;3;3578;0.0008384572386808273
11806;屁弟派;1;0;1;3578;0.00027948574622694243
11815;这个人是不是杰瑞说的那个“第一网红”？;1;0;1;3578;0.00027948574622694243
11823;小哥稍微有点啰嗦，其实只要看看08141，就知道AI酱是怎么实现的了;6;0;6;3578;0.0016769144773616546
11833;九分那里的网站好像是知乎可怎么都是英文，怎么做的。;3;0;3;3578;0.0008384572386808273
11844;所以他的订阅是多少;2;0;2;3578;0.0005589714924538849
11856;为什么是设备购买页是中文，海外淘宝我去。。。。。。。;1;0;1;3578;0.00027948574622694243
11858;自己剪了一个视频av18165054，大家有性趣可以去看看啦;6;0;6;3578;0.0016769144773616546
11867;讲真，这套设备再加个放置在地面上的参照物不就能模拟跳跃和空间移动之类的了吧。。我还记得爱酱以前有视频吐槽说跳不起来;1;0;1;3578;0.00027948574622694243
11870;半爱是谁？我只知道初音;12;0;12;3578;0.003353828954723309
11884;小哥说AI酱好多废话;2;0;2;3578;0.0005589714924538849
11892;心跳文学部有这一段吗？还是说这是最新版本的内容;1;0;1;3578;0.00027948574622694243
11907;小哥怎么扣的绿幕;1;0;1;3578;0.00027948574622694243
11920;求左边封面的av号码，我记得b战有人上传过的;1;0;1;3578;0.00027948574622694243
11923;原视频地址是错的;1;0;1;3578;0.00027948574622694243
11937;视频里小哥那发型不错;1;0;1;3578;0.00027948574622694243
11941;他说的莫妮卡是个什么东西;1;0;1;3578;0.00027948574622694243
11945;三分五十四秒的应该是facerig而不是facerake吧？小电视汗;1;0;1;3578;0.00027948574622694243
11952;油管搜索了BGmixture找不到，这小哥是叫bijuumike啊;1;0;1;3578;0.00027948574622694243
11959;GTA5的人物动作也是用类似的设备捕捉人体的动作来制作游戏的;1;0;1;3578;0.00027948574622694243
11970;我想问一下1m是多少？？？;5;0;5;3578;0.001397428731134712
11984;绿色的耳机，小眼镜框，卧槽皿怎么这么像折腾呢？;1;0;1;3578;0.00027948574622694243
11987;10800是日元吧？;4;0;4;3578;0.0011179429849077697
11993;不就是3D电影、游戏烂大街的动捕设备么？;4;0;4;3578;0.0011179429849077697
11998;为什么会是人民币？小电视嘟嘴;3;0;3;3578;0.0008384572386808273
12012;省流助手688;2;10;12;3578;0.003353828954723309
12015;知识番茄评测是英语老师;1;5;6;3578;0.0016769144773616546
12019;手机拍照翻译更快;2;2;4;3578;0.0011179429849077697
12022;现在天猫打卡零元购冲;1;1;2;3578;0.0005589714924538849
12028;英语专八只能得82分doge那我岂不是及格都不行;1;0;1;3578;0.00027948574622694243
12030;老公是曹县人吗给心心冰墩墩给心心;1;0;1;3578;0.00027948574622694243
12032;美帝，掌握核心科技。doge;25;225;250;3578;0.06987143655673561
12058;不亏是大金主专门提了一句微软;1;54;55;3578;0.015371716042481833
12060;显卡又要涨价了doge几年前的区块链挖矿潮换另一种形式崛起;8;50;58;3578;0.01621017328116266
12069;有点不太看好了，现在就在疯狂改它写的代码，这东西会胡编乱造笑哭，不说了要改很多东西了，现在都9点多了。没洗澡就改代码，使用需谨慎啊;32;35;67;3578;0.01872554499720514
12102;传统翻译是基于统计的，但gpt不一样，这根本就是跨语言交流它先理解原本语言中的逻辑和内容再用另一种语言表达出来;1;27;28;3578;0.007825600894354388
12104;这玩意竟然没有广告，不合理;10;26;36;3578;0.010061486864169928
12115;用在军事上绝对是有广阔前景;4;24;28;3578;0.007825600894354388
12120;超大数据超大算力，大力出奇迹。虽然没有革命性突破，但也是今后几年的发展方向了。;18;22;40;3578;0.011179429849077696
12139;里面的亚裔有大眼睛好评笑哭;1;15;16;3578;0.004471771939631079
12141;围棋ai能下赢人类。那么以地图做棋盘，士兵做棋子的战棋呢？细思恐极。;9;3;12;3578;0.003353828954723309
12152;比贾维斯还nb;3;2;5;3578;0.001397428731134712
12164;原视屏是多次AI互翻。很好理解，每互翻一次，就残生一定的偏差，当不断产生偏差时，就越来越离谱了;2;433;435;3578;0.12157629960871996
12167;有没有可能李白就是想表达这个意思doge;6;327;333;3578;0.09306875349357183
12174;谷歌翻译已经退出中国市场了，说是不是你们逼得doge;4;299;303;3578;0.08468418110676355
12179;你觉得翻译过来的外文都很有意味，那其实都是中文赋予的，真要按外文意译成中文歪嘴歪嘴;2;74;76;3578;0.021240916713247623
12184;CA重明安儿卧槽，我要笑死了，大晚上的，真的笑的肚子疼笑哭笑哭笑哭笑哭笑哭笑哭喜极而泣喜极而泣喜极而泣喜极而泣喜极而泣;5;21;26;3578;0.0072666294019005035
12190;人工智能：今天又让人类认为我们没有危害，再过几千年我们就可以统治地球了，哇哈哈;1;15;16;3578;0.004471771939631079
12195;SobrightagleamonthefootofmybedCouldtherehavebeenafrostalreadyIraisemyheadtogazeatthemoonLoweringmyheadmynostalgiacomesaround;1;3;4;3578;0.0011179429849077697
12199;如果不是苏式改成了素食主义者，我就信了doge笑哭;1;2;3;3578;0.0008384572386808273
12201;23952862399bili卧槽哈哈哈哈哈哈哈哈哈哈哈;1;2;3;3578;0.0008384572386808273
12205;大家一定要领免费会员呀httpsmbilibilicomaudioau2698891惊喜惊喜;1;2;3;3578;0.0008384572386808273
12211;曾桑乂;1;1;2;3578;0.0005589714924538849
12217;葬爱家族在逃冷少我闲着没事就艾特你一下脱单doge不过真的很好玩，快去看hhhhhhhhhhhhhh;2;1;3;3578;0.0008384572386808273
12222;枫染余秋笑死了哈哈哈哈;1;1;2;3578;0.0005589714924538849
12225;曲奇MO;2;1;3;3578;0.0008384572386808273
12240;你已在杰难逃;1;0;1;3578;0.00027948574622694243
12272;沐子想睡觉阿;1;0;1;3578;0.00027948574622694243
12293;錦舟JIN;1;0;1;3578;0.00027948574622694243
12295;花儿依然红艳艳氨气炫舞谁不爱？;1;0;1;3578;0.00027948574622694243
12298;艾扎克瑞吉儿;1;0;1;3578;0.00027948574622694243
12303;这不是小美的视频吗？;1;0;1;3578;0.00027948574622694243
12310;Ainyz知勋;1;0;1;3578;0.00027948574622694243
12312;夏柠的猫;2;0;2;3578;0.0005589714924538849
12317;贝利尔懒惰;1;0;1;3578;0.00027948574622694243
12319;易然m;1;0;1;3578;0.00027948574622694243
12331;哈哈哈“itsme里奥”哈哈哈哈;4;38;42;3578;0.011738401341531582
12343;求up多做点熟肉呜呜呜呜辛苦了;1;1;2;3578;0.0005589714924538849
12370;人工智能会迫使译者提高自己的翻译能力，因为是要能够给机器翻译做译后审校。所以不可避免会对翻译行业进行洗盘，把中低端的人洗出去。而且以后通用领域的翻译可能完全被取代，专业领域高端领域的翻译依然稀缺。翻译本身就是个工具而已，工具的使命就是赋能。翻译的价值实现本质上也是跟翻译的领域直接挂钩的。;1;33;34;3578;0.009502515371716043
12373;OnemorethingtosaywiththerapidgrowthofmoderntechnologysomesophisticatedandcuttingedgedtranslationapplicationscanabsolutelyreplaceagreatamountoftranslatorswhoarelackingofprofessionalskillsItcanbeseenasawarningforeverytranslatortoimprovetheirabilitiesespeciallyemotionrelatedtechniquesthatwontbereplacedinashorttime这个是我本科翻译报告reflection部分写的哈哈哈;2;11;13;3578;0.0036333147009502517
12391;这个超好玩，精作;2;2;4;3578;0.0011179429849077697
12395;up有这个视频里的植物大战僵尸破解版吗？doge;1;0;1;3578;0.00027948574622694243
12400;三连了脱单doge，是pc还是安卓的吃瓜;2;0;2;3578;0.0005589714924538849
12404;这怎么又变成老本行了笑哭不是说搞这个号会被封吗;2;0;2;3578;0.0005589714924538849
12407;日语才是关键嘛，毕竟我要追那么多番，虽说没什么台词，但还是很关键的。妙啊;7;11;18;3578;0.005030743432084964
12415;我试过日语翻译，翻译出的全是啊什么的，没有完整的句子。;3;10;13;3578;0.0036333147009502517
12419;快上日语吧我100G的种子按耐不住了doge;2;3;5;3578;0.001397428731134712
12422;就我的鸿蒙AI翻译没有日语吗;1;2;3;3578;0.0008384572386808273
12424;nb;1;2;3;3578;0.0008384572386808273
12426;感觉字幕跳的太快了都没看全都跳完了;1;1;2;3578;0.0005589714924538849
12428;安装包来一个好吗秋梨膏;1;0;1;3578;0.00027948574622694243
12430;高清日番，我只看剧情版的。必须要有字幕加持。那些无剧情的看腻了辣眼睛;1;0;1;3578;0.00027948574622694243
12432;翻译暂时还没失业此功能还是很鸡肋;1;0;1;3578;0.00027948574622694243
12434;跪求《神经病之歌》兄弟们顶我doge;43;1782;1825;3578;0.51006148686417
12478;《一路向北》顶我上去;21;1810;1831;3578;0.5117384013415316
12500;一人血书求一个《京剧猫》脱单doge快顶我上去;33;933;966;3578;0.2699832308552264
12534;残酷天使的行动纲领doge;16;378;394;3578;0.11011738401341531
12551;亿人血书《阳光彩虹小白马》doge兄弟们顶我上去;4;218;222;3578;0.06204583566238122
12556;一人血书《爱人错过》兄弟们顶我上去打call打call打call;3;181;184;3578;0.05142537730575741
12560;光年之外11000000，求求辣大哭大哭大哭;5;200;205;3578;0.057294577976523195
12566;求《让风告诉你》，兄弟们撅我上去脱单doge;11;173;184;3578;0.05142537730575741
12578;空白给空白看开头doge（草）;8;26;34;3578;0.009502515371716043
12587;（1114514）人血书《RingRingRing》妙啊;5;132;137;3578;0.03828954723309111
12593;《好汉歌》打call打call打call打call兄弟们顶我上去;1;49;50;3578;0.013974287311347122
12595;能否谷歌翻译20次《伤不起》;1;16;17;3578;0.0047512576858580215
12598;求《OneLastKiss》脱单doge;1;19;20;3578;0.005589714924538848
12601;《稻香》，快顶我;2;39;41;3578;0.011458915595304639
12604;以父之名，求求啦，看看谷歌能整出啥奇葩吃瓜;1;44;45;3578;0.01257685858021241
12607;求一个《神谕法则》，up主肯定不会看到的;1;14;15;3578;0.004192286193404136
12611;小鼠鼠坠落;1;3;4;3578;0.0011179429849077697
12619;还可以点播吗脱单doge？黑塔利亚，露西亚的角色曲打call雪和梦的物语（雪和梦物语）求你了给心心;3;3;6;3578;0.0016769144773616546
12623;CF10年清朝老兵：《你看到的我DJ版》兄弟们顶我上去脱单doge;1;9;10;3578;0.002794857462269424
12628;五重空洞，求求了保卫萝卜哭哭;1;8;9;3578;0.002515371716042482
12633;跪求新贵妃醉酒只要翻译了新贵妃醉酒，我，我，我，我我，我就给你充电嘤嘤嘤嘤;1;5;6;3578;0.0016769144773616546
12637;《安乐死》，同样想看的顶我上去doge;1;9;10;3578;0.002794857462269424
12640;为啥不翻译《普通disco》？上期评论点赞最多的是这个;3;10;13;3578;0.0036333147009502517
12644;求一个operationblade;1;3;4;3578;0.0011179429849077697
12652;《pinkvenom》拜托礼貌投稿第n次脱单doge;1;4;5;3578;0.001397428731134712
12664;投稿：《欢欢乐乐安乐死》;1;2;3;3578;0.0008384572386808273
12678;1人血书屑大人渣脱单doge脱单doge脱单doge;1;2;3;3578;0.0008384572386808273
12684;《只因你太美》顶我上去doge;2;2;4;3578;0.0011179429849077697
12687;跪求《本草纲目》doge;1;2;3;3578;0.0008384572386808273
12690;《苏维埃进行曲》求顶，求顶，求UP看到tv大哭tv大哭tv大哭（第一次）;1;2;3;3578;0.0008384572386808273
12701;愚人曲goldenagewillreturnagain;1;3;4;3578;0.0011179429849077697
12703;求佛，秽土柱间植物人玩家速来;1;2;3;3578;0.0008384572386808273
12715;谷歌自我介绍，顶我上去;1;1;2;3578;0.0005589714924538849
12758;朝你大胯捏一把脱单doge;2;1;3;3578;0.0008384572386808273
12771;EVA终的onelastkisstvdoge顶我上去;1;1;2;3578;0.0005589714924538849
12778;《最炫民族风》顶我上去;1;1;2;3578;0.0005589714924538849
12801;yee人血书《夜航星》doge脱单dogedoge脱单doge;1;1;2;3578;0.0005589714924538849
12810;《让风告诉你》顶我;1;1;2;3578;0.0005589714924538849
12824;《圆周率之歌》（doge）;2;1;3;3578;0.0008384572386808273
12857;《最伟大的作品》顶我上去（没做过的话）;4;1;5;3578;0.001397428731134712
12871;0103小柒在吃布丁;1;1;2;3578;0.0005589714924538849
12888;《温软宇宙》顶我上去（没做过的话）;1;6;7;3578;0.001956400223588597
12934;逆雪Kailiou;3;0;3;3578;0.0008384572386808273
12947;一人血书《让风告诉你》;1;0;1;3578;0.00027948574622694243
12964;乱世巨星tv亲亲tv亲亲;1;0;1;3578;0.00027948574622694243
12997;你这背景太假了doge;1;0;1;3578;0.00027948574622694243
13008;韶八0242lai大师dogedogedoge;1;0;1;3578;0.00027948574622694243
13143;有用过的吗，好用吗？;1;2;3;3578;0.0008384572386808273
13145;小米：在做了在做了，一年过去了;1;17;18;3578;0.005030743432084964
13148;能用在游戏上吗？;1;0;1;3578;0.00027948574622694243
13150;为什么我没有日语翻译。笑哭;5;0;5;3578;0.001397428731134712
13156;发条评论证明我看了你的视频;1;1;2;3578;0.0005589714924538849
13158;我有一个大胆的想法妙啊;1;6;7;3578;0.001956400223588597
13162;《伽马蛋》懂了，这就改名doge;30;863;893;3578;0.2495807713806596
13193;谷歌翻译20遍《听妈妈的话》，兄弟们顶我上去脱单doge;25;1154;1179;3578;0.3295136948015651
13219;满怀希望的看完后发现没有自己的来集合脱单doge;92;407;499;3578;0.13946338736724426
13312;哎，谷歌翻译离开了我们大哭;15;199;214;3578;0.05980994969256568
13328;来晚了，我就是《您将学会如何剪辑持续71年的催泪视频》嗑瓜子脱单doge抱拳;2;149;151;3578;0.04220234768026831
13331;哼哼啊啊啊啊啊要《希望之花》团长你在干啥，团长不要停下来啊;4;88;92;3578;0.025712688652878703
13338;谷歌翻译20遍《badapple》兄弟们顶我上去脱单doge;2;28;30;3578;0.008384572386808273
13341;翻译百大up的名字组成故事dogedoge;1;43;44;3578;0.012297372833985467
13343;求BetOnme反正又抽不到我;3;52;55;3578;0.015371716042481833
13347;1145141人血书《快快乐乐安乐死》;2;15;17;3578;0.0047512576858580215
13350;建议《BadApple》翻译20次脱单doge脱单doge脱单doge发了9期了）;2;29;31;3578;0.008664058133035215
13353;OneLastKiss第八次血书;3;11;14;3578;0.003912800447177194
13358;一人血书千本樱给心心;1;44;45;3578;0.01257685858021241
13361;求《一路向北》机翻20遍;1;7;8;3578;0.0022358859698155395
13364;谷歌翻译《欢欢乐乐安乐死》，兄弟们给我上去;1;2;3;3578;0.0008384572386808273
13369;万人血书《只因你太美》;1;3;4;3578;0.0011179429849077697
13371;谷歌翻译20遍《五常罚站曲》，兄弟们顶我上去，UP主出了，我一定热词系列三连;2;7;9;3578;0.002515371716042482
13374;想知道翻译20遍末日disco是什么样子脸红;2;5;7;3578;0.001956400223588597
13377;谷歌翻译Wellerman，想听的顶doge;1;4;5;3578;0.001397428731134712
13387;草，有我，还很离谱辣眼睛;2;3;5;3578;0.001397428731134712
13411;《海啸是水》;1;1;2;3578;0.0005589714924538849
13423;谷歌翻译20次《欢欢乐乐安乐死》，求up翻译;1;3;4;3578;0.0011179429849077697
13426;《汉佳姑娘》;1;1;2;3578;0.0005589714924538849
13437;已三连，一人血书跪求翻译IA的《想死酱》大哭大哭大哭;1;1;2;3578;0.0005589714924538849
13439;啊啊啊啊啊啊;1;1;2;3578;0.0005589714924538849
13447;求《onlymyrailgun》;1;1;2;3578;0.0005589714924538849
13465;一人写书一首《小城夏天》脱单doge脱单doge脱单doge;2;1;3;3578;0.0008384572386808273
13470;玛珂娜千万不要翻译我的名字因为那次我写的是：“我是，我是，如果翻译到我的话我就是”吧（上次好像是怎么写的吧）热词系列保护热词系列保护;1;1;2;3578;0.0005589714924538849
13476;翻译《VOODOOKINGDOM》打call打call打call;1;3;4;3578;0.0011179429849077697
13483;《异常的正常人》谢谢老婆赐名脱单doge;1;3;4;3578;0.0011179429849077697
13515;想听《大空大地》的顶我上去;1;1;2;3578;0.0005589714924538849
13524;气死了;1;1;2;3578;0.0005589714924538849
13646;谷歌翻译20便《普通的Disco》，请顶我上去;1;0;1;3578;0.00027948574622694243
13726;热词系列三连交易，希望我可以上镜doge;1;0;1;3578;0.00027948574622694243
13737;谷歌翻译20《耍把戏》，没上就请后人接力脱单doge;2;0;2;3578;0.0005589714924538849
13748;完了是不是没有我？那再整下一期脱单doge;1;0;1;3578;0.00027948574622694243
13788;能不能谷歌翻译《冬花》20次，不，事114514次（喜;2;0;2;3578;0.0005589714924538849
13832;翻译我的名;1;0;1;3578;0.00027948574622694243
13916;翻译《群青》顶我上去;1;0;1;3578;0.00027948574622694243
13939;收到了，太实用了dogedogedoge;7;619;626;3578;0.17495807713806596
13947;不够味，应该翻译完弹出二维码，关注微信公众号，先看个60秒广告，再发送“翻译”，转到公众号2，再看段广告，然后转到公众号3，广告，返回公众号1注册账号，再到公众号3登录，最后再次发送“翻译”，观看广告后查看结果doge;6;457;463;3578;0.12940190050307435
13954;终于来了什么都不会的屑蝾螈要不做一个把中文翻译成汉语的翻译器妙啊doge原评论视频：httpsb23tvBV1gr4y177TE;6;89;95;3578;0.02655114589155953
13961;doge我的百度翻译版软件和这个比一下逊色了好多;1;37;38;3578;0.010620458356623811
13963;懂了，下回出个简单的文件格式改变器，直接用那玩意改变文件后缀名方便的很tvdoge;6;27;33;3578;0.0092230296254891
13971;谢邀人在美国刚下飞机本人刚刚继承了myfather的全国连锁店正向国际进军up这个软件为我省下了一笔找翻译的钱现已事成欲想报答up私我V然后V我50以防他人诈骗;3;19;22;3578;0.006148686416992733
13976;这家伙真是智能啊，能自动匹配原语言和目标语言请问一下这个技术是怎么实现的doge;2;8;10;3578;0.002794857462269424
13979;大家都以为下面是翻译框，其实上面才是：把“中文”翻译成“Chinese”，“英语”翻译成“English”。;1;7;8;3578;0.0022358859698155395
13981;下一个整个检测电脑壁纸是否为电脑壁纸的软件把脱单doge;1;6;7;3578;0.001956400223588597
13983;up能不能做一个检测显示器能不能亮的软件，三连押上了doge;2;4;6;3578;0.0016769144773616546
13987;up能不能做一个检验操作者是不是人的软件doge;2;2;4;3578;0.0011179429849077697
13990;太厉害了翻译准确无误，比起其他机器翻译语法没有任何问题;1;2;3;3578;0.0008384572386808273
13996;该来的还是来了doge妙啊;2;2;4;3578;0.0011179429849077697
14002;来一个homo检测器dogedoge行吗dogedoge;1;2;3;3578;0.0008384572386808273
14005;太实用了，我往往只能看懂中文却看不懂Chinese，谢谢up，这下都能看懂了;1;1;2;3578;0.0005589714924538849
14007;翻译，但是翻译语言（迫真;2;1;3;3578;0.0008384572386808273
14010;这个在哪下载？;2;1;3;3578;0.0008384572386808273
14013;您没一点选题瓶颈期是吗吃瓜;1;1;2;3578;0.0005589714924538849
14018;某种意义上，他确实做到了;1;1;2;3578;0.0005589714924538849
14022;我还以为是要把译给翻过来辣眼睛辣眼睛有救吗;1;1;2;3578;0.0005589714924538849
14025;如果我猜的没错，你这笔记本是拯救者R720，我也是这款，很卡;1;1;2;3578;0.0005589714924538849
14027;老师你好我叫奥文同学星星眼;2;1;3;3578;0.0008384572386808273
14032;第四第四脱单doge;1;1;2;3578;0.0005589714924538849
14035;非常好翻译家，非常实际的在工作和生活里，尊重到作者，爱来自德国;1;0;1;3578;0.00027948574622694243
14042;你说他没用吧他还有点用你说他有用吧又感觉没用;1;0;1;3578;0.00027948574622694243
14057;实用;1;0;1;3578;0.00027948574622694243
14059;健康码检测器dogedoge能吗妙啊妙啊;1;0;1;3578;0.00027948574622694243
14067;这是只有鸿蒙30才有的吗？我的mate30控制中心里没有啊思考;4;1;5;3578;0.001397428731134712
14076;保卫萝卜哇up主我荣耀怎么没有日译中只有字幕;1;0;1;3578;0.00027948574622694243
14078;虽然但是，您可能还得加一个英文转中文系统灵魂出窍;3;127;130;3578;0.03633314700950251
14082;魈真的很帅啊要不是魈谁工作哦大哭大哭;2;83;85;3578;0.023756288429290107
14088;括约肌也能用，非常棒的产品;2;5;7;3578;0.001956400223588597
14092;我不太懂，但是你能帮我翻译一下迪卢克手里的纸吗0146;3;1;4;3578;0.0011179429849077697
14100;拍照翻译tv偷笑;1;1;2;3578;0.0005589714924538849
14106;好厉害啊可惜上回的自动钓鱼还没学会笑哭笑哭;2;0;2;3578;0.0005589714924538849
14114;璃月的和稻妻的提瓦特语能不能识别呀？;1;0;1;3578;0.00027948574622694243
14123;大佬不会自己标了个数据集吧？原神喝茶;1;0;1;3578;0.00027948574622694243
14125;是python自然语言处理那种模块里面的吗？我没搞不太清楚;2;0;2;3578;0.0005589714924538849
14136;封面针不戳滑稽;2;114;116;3578;0.03242034656232532
14139;大嘴你们干饭吃的，连老子的口音都不特训。这不露馅了doge;2;62;64;3578;0.017887087758524316
14142;笑了，根本翻译不出来;1;28;29;3578;0.00810508664058133
14144;AI字幕不是只能显示嘛，我这边好像不能翻译啊;9;14;23;3578;0.006428172163219676
14154;好家伙，余承东我老乡啊，才知道tv呆tv呆;1;4;5;3578;0.001397428731134712
14156;不是，我聋了还是我手机哑了;1;4;5;3578;0.001397428731134712
14158;封面那场发布会？嗑瓜子;1;1;2;3578;0.0005589714924538849
14160;标题看见家乡，秒进;1;0;1;3578;0.00027948574622694243
14163;你是不是戴耳机录音来着啊;3;0;3;3578;0.0008384572386808273
14167;是只有mate40有这个功能吗;1;0;1;3578;0.00027948574622694243
14169;见封进;1;0;1;3578;0.00027948574622694243
14171;老王衣服上的印花是Apache的Logo嘛doge;1;12;13;3578;0.0036333147009502517
14173;USBIF晕菜doge;1;4;5;3578;0.001397428731134712
14179;这些ai技术要怎么才能接触到;1;1;2;3578;0.0005589714924538849
14188;做二次元原画，外面报班在学英语的路过今年真是核打击;1;11;12;3578;0.003353828954723309
14191;很喜欢这种频道;1;2;3;3578;0.0008384572386808273
14194;up说话好温柔，讲的很深刻;1;2;3;3578;0.0008384572386808273
14200;新粉报道;1;1;2;3578;0.0005589714924538849
14202;Arthur好真诚;4;1;5;3578;0.001397428731134712
14207;正是因为gpt太强了学英语才有用;8;1;9;3578;0.002515371716042482
14220;方便私信提供一下邮箱吗很有感悟希望能交流;1;0;1;3578;0.00027948574622694243
14223;我从去年大概9月份开始主攻英语口语和听力，到现在对于思维的提升我没有什么感觉，不知道是不是时间还不够长，量变还没引起质变笑哭;3;0;3;3578;0.0008384572386808273
14229;至少某些方面能翻译翻译日文。们勉强就行了dogedogedoge滑稽吃瓜;40;366;406;3578;0.11347121296813863
14270;作为一个学语言的，我想说翻译真没你们想的那么简单，尤其口译和听译，现在ai什么的其实已经很牛了，翻译文字的正确率非常高，音频是因为ai还没有智能到可以靠猜测来补全话语，必须听完才行，现实里的口译也是啊，总不能我猜到你要说那个，我抢着说了吧，然后现实里的同传也是提前备好材料的，有些甚至还有原稿，等于是顺过一波流程才正式开工的，自然延迟低。;9;336;345;3578;0.09642258244829514
14280;发b站干嘛，发俱乐部啊，b站又不会给你礼品doge;5;321;326;3578;0.09111235326998324
14286;主要还是语种逻辑顺序还有语境问题，这东西没辙，英语这吊玩意儿经常后置，你得一整句结束才知道意思，但是你让他显示字幕大致是准确的。;17;145;162;3578;0.045276690888764674
14304;这个问题其实是英语逻辑的问题，英语你不看后面，前面很难定义是什么意思，毕竟不像中文一样是单音节的。;5;115;120;3578;0.03353828954723309
14310;看小电影只能识别，啊，哦你说神不神奇吃瓜;14;97;111;3578;0.03102291783119061
14325;这功能我感觉就是和苹果的电影模式一样，用来秀肌肉，顺便指明方向，但是现阶段是真的不实用;11;79;90;3578;0.02515371716042482
14337;看用途啦，前两天赶作业我拿它做英语听力就很好使tv坏笑;1;58;59;3578;0.016489659027389605
14339;翻译字幕用起来确实一般，但是我一般去扒演讲的文本的时候，特别好用;2;41;43;3578;0.012017887087758524
14342;鸿蒙30应该会优化，他之前发布会有个实时手语，感觉应该也会优化翻译功能，毕竟之前也把这功能做了宣传;1;24;25;3578;0.006987143655673561
14344;这个字幕窗口可以放大的。。就可以完整的看到翻译的内容;3;25;28;3578;0.007825600894354388
14349;翻译日文更是闹心：）不过我说话还是很准确的：）;1;12;13;3578;0.0036333147009502517
14352;这实时翻译还是很困难而且要根据语境一个词那么多意思还要演员把词读标准有口音肯定不一定能识别不过至少比你没有字幕又听不懂好些吧;1;12;13;3578;0.0036333147009502517
14354;我都是用来翻译韩文doge;2;6;8;3578;0.0022358859698155395
14357;鸿蒙ai字幕B站ai字幕，双重体验;1;4;5;3578;0.001397428731134712
14361;日文还是不错的宝贝脸红;1;1;2;3578;0.0005589714924538849
14367;ai字幕，就是把视频里面的声音转换翻译成文字，意思就是必须先有声音，才能进行下一步，如果不用声音就直接转换，我想没有哪一款手机平板可以吧;1;1;2;3578;0.0005589714924538849
14381;毕竟鸿蒙的功能还是不成熟，让它继续努力开发功能，现在会有点曲折，但看到它不断被完善，优化的成长历程，是一个有趣的过程（喜欢华为，鸿蒙给力）;1;1;2;3578;0.0005589714924538849
14398;快去花黑俱乐部要礼物，连个垃圾英语都翻译不好doge;1;1;2;3578;0.0005589714924538849
14400;这个功能开视频会议的时候作为辅助超级方便。有时候没听清就不需要让客户再说一遍，瞟一眼字幕就能看到，英文识别还是蛮准的。很多奇怪口音也能识别;1;1;2;3578;0.0005589714924538849
14403;我也用过，打开字幕，字幕和电影字幕完全是两个电影。而且延迟不小，一般笑点都笑完了字幕才出来，按道理说把时域信号前移，提前识别延迟就可以解决，为啥工程师没想到呢？;3;1;4;3578;0.0011179429849077697
14407;希望以后加个提前解析翻译;2;2;4;3578;0.0011179429849077697
14413;除了翻译，听障人士用来看没有字幕的一些学习资料视频、讲座，或者与人交流等等，AI字幕很实用。;1;1;2;3578;0.0005589714924538849
14418;这个延迟可以理解，总要等人把话说完才能翻译啊，总不能未卜先知吧喜极而泣;1;1;2;3578;0.0005589714924538849
14420;对于电影肯定是不好用的，环境音杂乱，同时多个角色对话，我觉得很难解决，对于发音清楚的视频和演讲，我体验还是不错的;1;1;2;3578;0.0005589714924538849
14422;我感觉还是相当不错的。当然对这个东西好坏的评价其实还是看自己外语水平。和自己的期望。比如我。就是英语很烂。基本上是英语文盲。我就感觉有用。因为他让我知道了这个他们大致在说什么。比如对一些英语比较好的人。那就不一样了。我自己看英文字幕就明白说啥。甚至本身就能听得懂。那这确实不行;1;2;3;3578;0.0008384572386808273
14426;用过翻译日语，看得我难受死了，平常猜能猜对几句能了解整个剧情，用了AI字幕完全不知道了整个就是瞎翻译;1;1;2;3578;0.0005589714924538849
14430;我们看日本电影基本就懂得差不多了AI不过是辅助的doge;1;1;2;3578;0.0005589714924538849
14432;本身就不可能靠谱，视频翻译想实时更不靠谱，都是声音出来后翻译，视频画面早下一句;2;3;5;3578;0.001397428731134712
14436;建议不要翻译，那种没有英文字幕的生肉只开英文而不翻译，基本准确。这时候自己看英文就行了;1;1;2;3578;0.0005589714924538849
14438;这个字幕有用？？？;2;2;4;3578;0.0011179429849077697
14441;你就算请同声翻译也要延迟一会吃瓜;4;1;5;3578;0.001397428731134712
14448;喷一下1藏狐;1;1;2;3578;0.0005589714924538849
14451;之前做听语音填空，因为听不懂把语音放在matepad上用ai字幕看着来填藏狐;1;2;3;3578;0.0008384572386808273
14453;鸿蒙的这个AI字幕真不如锤子那个系统的识别率高;2;1;3;3578;0.0008384572386808273
14456;华为应该出个同声翻译，要不然就别想翻身了。;6;1;7;3578;0.001956400223588597
14463;我觉得magic2的通话实时翻译更强;1;1;2;3578;0.0005589714924538849
14465;doge很久之前就关注了，质量很好但不火的up，以后火了我就是老粉了;1;5;6;3578;0.0016769144773616546
14468;我都不知道有这个功能辣眼睛;1;1;2;3578;0.0005589714924538849
14470;1，算法不行，2，处理器速度太慢。;1;1;2;3578;0.0005589714924538849
14472;这个用来翻译英语听力视频贼好用，我换到iOS后只要一听听力就会想起这个功能笑哭;1;1;2;3578;0.0005589714924538849
14475;能转英文字幕么;1;1;2;3578;0.0005589714924538849
14477;B站自带AI字幕，中文识别还可以啊。额，个人感觉识别外语麻烦些，至少会延迟一句话的感觉，主要是语言表达不一样。中文一个字最容易出错，但2个字组词，3个及多个字短语，4个字成语。所以在AI字幕上有优势的;3;2;5;3578;0.001397428731134712
14481;你网速不行;1;1;2;3578;0.0005589714924538849
14483;就矫情的很，我也用华为的，这个AI功能肯定不是很完美，但肯定一直有在改进。;1;1;2;3578;0.0005589714924538849
14486;软件适配的也少，我上网课都不适配;2;1;3;3578;0.0008384572386808273
14491;如果能代替人实时翻译了，同声翻译干啥;1;0;1;3578;0.00027948574622694243
14493;感受到了doge你居然花了这么多钱买了一个傻功能不知道我还说啥妙啊;1;0;1;3578;0.00027948574622694243
14495;应该是日文翻译延迟吧;1;0;1;3578;0.00027948574622694243
14501;这算黑么？？就是同声传译也得听完人说了什么再告你吧，延迟不应该是正常的么笑哭笑哭笑哭;1;0;1;3578;0.00027948574622694243
14506;这东西本身就是辅助，看电影用这那想多了;1;0;1;3578;0.00027948574622694243
14509;你把鸿蒙两个字换成别家试试评论区完全不同doge;1;0;1;3578;0.00027948574622694243
14513;你知道请一个同声传译多少钱吗呲牙;1;0;1;3578;0.00027948574622694243
14517;看见了夕的桌面玩明日方舟吗;1;0;1;3578;0.00027948574622694243
14521;想讓它翻譯的它翻譯不了翻譯出來的我自己又聽得懂doge;1;0;1;3578;0.00027948574622694243
14523;弹幕的洗地真的惨不忍睹。这要是骂小米的AI字幕，估计就三连了;1;0;1;3578;0.00027948574622694243
14525;说不行的，求推荐一款好用些的即时翻译字幕软件，我不是杠啊，就是真心请求。。;1;0;1;3578;0.00027948574622694243
14528;怎么我看你这是视频还有Ai字幕doge，不知道是原视频就有，还是我手机的原因;1;0;1;3578;0.00027948574622694243
14540;我一个iso用户怎么刷到这个视频，一定是特别的猿粪妙啊;1;0;1;3578;0.00027948574622694243
14546;。。有中文字幕你还用ai字幕，没事找事嘛;1;0;1;3578;0.00027948574622694243
14548;尬黑？;2;0;2;3578;0.0005589714924538849
14551;我俱乐部说了不理我;1;0;1;3578;0.00027948574622694243
14553;我觉得播放视频翻译这个应该是可以做到同步的，就像预先加载一样，提前识别510秒后的视频语音翻译好，在同步放出来;1;0;1;3578;0.00027948574622694243
14558;这是故意找存在感的吧，ai还在发展中，能用就已经很牛逼了，现在真是为了吐槽而吐槽;1;0;1;3578;0.00027948574622694243
14560;这不是废话吗？忍不了不用就是。你想机翻预判台词不成？你想机翻比人工字幕更准不成？ai算法有待提升不假，但感觉你;1;0;1;3578;0.00027948574622694243
14563;我用来啃日剧生肉勉勉强强。英语多多少少识别成英文，自己看。;3;0;3;3578;0.0008384572386808273
14568;我觉得我的鸿蒙系统是个假的，AI字幕找了老半天根本找不到，根本就没有那玩意;1;0;1;3578;0.00027948574622694243
14572;实话说，我在想要不要为了AI字幕功能换手机，看了up主这个视频，成功避坑。呲牙呲牙这个我真接受不了;1;0;1;3578;0.00027948574622694243
14574;翻译内容：夫人，你不希望健太在学校;2;0;2;3578;0.0005589714924538849
14577;我的ai字幕就和语音转文字一样，它只把英文原文给我，不翻译辣眼睛辣眼睛辣眼睛;3;0;3;3578;0.0008384572386808273
14582;三连支持内测组的大佬;1;2;3;3578;0.0008384572386808273
14584;为什么我点开插件没有反应的，就空白;1;2;3;3578;0.0008384572386808273
14587;开头好壮观啊，我就很难把自己的应用归类，然后乱七八糟都放在屏幕上;1;1;2;3578;0.0005589714924538849
14589;可以翻译视频吗;1;0;1;3578;0.00027948574622694243
14591;三连好吧;1;0;1;3578;0.00027948574622694243
14594;插件在哪里下载呢;1;0;1;3578;0.00027948574622694243
14596;好棒啊10年啊之后的翻译这里确实感觉凉秀的感情还没有达到老夫妻的程度哈哈哈哈。但还是好甜啊;1;261;262;3578;0.07322526551145891
14598;呜呜，三蛋售后真好。秀凉老夫老妻;1;168;169;3578;0.04723309111235327
14600;果然比起只会说“盒饭好好吃”，我更喜欢这种大家好好相处，认真讨论剧情的花絮。;2;149;151;3578;0.04220234768026831
14612;来啦，辛苦啦打call打call;2;2;4;3578;0.0011179429849077697
14620;诶？这一幕我记得剧里不是黑夜吗？我记错了？;3;0;3;3578;0.0008384572386808273
14631;文涌（Effidit）腾讯开发的;1;12;13;3578;0.0036333147009502517
14633;付费吗;2;4;6;3578;0.0016769144773616546
14636;好像很有用啊;1;3;4;3578;0.0011179429849077697
14645;气抖冷，韩国甘雨厨这么少的吗？;19;478;497;3578;0.13890441587479038
14665;这个手机的问题就是贵，折叠屏不是联名版卖的也贵，对二次元来说价格属实超纲了。;37;249;286;3578;0.07993292342090554
14703;有的人一直在吐槽价格，可这手机原本定价就是这个价，甘雨的那些玩意相当于白送的，如果你觉得贵说明这款手机就不是你的菜而且这玩意国内是没有的，正常想买都莫得，不用很在意买不买的问题，看了图一乐就好;13;278;291;3578;0.08133035215204025
14717;当时在釜山正好赶上电子展会就去看了看，三星区那一开始看到这玩意我以为眼花了，后来仔细看了看才发现还真联动这游戏，个人感觉礼盒搞得挺好看的而且最主要的是给个buds耳机，这个价格讲真是真的不贵，韩版fold4顶配折合人民币才1w出个头（相对而言国内价）;13;256;269;3578;0.07518166573504752
14731;我看看谁还说绿厂做联名不用心？智能机时代绿厂的联名已经是最上心的了;8;88;96;3578;0.026830631637786474
14740;和一加联动胡桃比起来太敷衍了;17;106;123;3578;0.03437674678591392
14758;0054《赣榆》doge;6;91;97;3578;0.027110117384013414
14765;国内联动一加，国外联动三星，国内买不到国外国外买不到国内;4;68;72;3578;0.020122973728339856
14771;甚至手机颜色都不舍得换一下哈哈哈喜极而泣喜极而泣;1;44;45;3578;0.01257685858021241
14773;啥时候搞个华为联动我一定冲，搞个钟离Mate系列联动多好;28;31;59;3578;0.016489659027389605
14803;感觉还是价格问题，普通版本都一万三起步了，联动版本贵的不行，有这钱买别的手机还能省下不少钱呢辣眼睛;6;42;48;3578;0.013415315818893237
14810;普通版刷个主题，tb二十块定制个壳，不就一毛一样了。嗑瓜子;9;19;28;3578;0.007825600894354388
14820;大部分都挺好，不好的就是韓配。這個聯名比較內斂含蓄，低情商一點就是不如ace那麼張揚一看就是聯名。;1;22;23;3578;0.006428172163219676
14823;和一加9RT的砂糖联名差不多;3;18;21;3578;0.005869200670765791
14833;为什么你的胸前是一只胡桃doge;1;9;10;3578;0.002794857462269424
14836;万来块买了一个手机套？;5;5;10;3578;0.002794857462269424
14854;折叠屏还贵就别买手机了;3;2;5;3578;0.001397428731134712
14858;flip3路过，坐等主题doge;2;2;4;3578;0.0011179429849077697
14862;三星不是宣传他的用户都是高端大老板吗，怎么一回头就和原神联动了doge这让工读生以后怎么洗三星性能释放差;1;6;7;3578;0.001956400223588597
14866;看到实机我觉得手里Flip3还不错笑哭;3;5;8;3578;0.0022358859698155395
14871;想要那个无限充电板，可以充我的k60doge;1;6;7;3578;0.001956400223588597
14873;主题比OPPO联名EVA好很多;1;7;8;3578;0.0022358859698155395
14876;用过三星的都知道三星打游戏这质量笑哭笑哭;2;5;7;3578;0.001956400223588597
14879;为什么视频里说联动贵250刀，评论区说原价联名;2;4;6;3578;0.0016769144773616546
14882;为啥不是联名可莉？;6;5;11;3578;0.0030743432084963667
14889;第一句drop翻译成放弃我是服的;1;3;4;3578;0.0011179429849077697
14904;有没有一种可能，这个只在韩国发售脱单doge为什么评论人这么急doge;1;1;2;3578;0.0005589714924538849
14907;脱单doge我的评价是不如买一部f4送一个甘雨手办;1;1;2;3578;0.0005589714924538849
14927;国产厂商啥都别说你学学别人做联名的认证程度可以吗大哭;1;1;2;3578;0.0005589714924538849
14932;之前胡桃联名时我就在想什么时候甘雨也能联名就好了，结果联名了三星捂脸;1;1;2;3578;0.0005589714924538849
14936;还是一加那个联动香，绿厂联动一直有一手的;5;2;7;3578;0.001956400223588597
14943;有些弹幕里洗三星的诚意的我只想说，你是消费者，请认清自己的位置;1;8;9;3578;0.002515371716042482
14949;第一次看到联名答辩的;54;1;55;3578;0.015371716042481833
15033;我只知道只有三星玩原神不会卡半眼OK;5;0;5;3578;0.001397428731134712
15055;支持三星打call打call打call;1;0;1;3578;0.00027948574622694243
15064;甘雨厨很希望能有联动手机，不过对于三星就有点;2;0;2;3578;0.0005589714924538849
15072;不如1的联动;1;0;1;3578;0.00027948574622694243
15074;看到弹幕说一加联动还限时降价200我想知道国内蓝绿厂广告联动啥的加价多少没点数吗？就限时便宜200就可惜吹了？;1;0;1;3578;0.00027948574622694243
15079;数据线拉胯;1;0;1;3578;0.00027948574622694243
15082;放弃了联名笑哭;1;0;1;3578;0.00027948574622694243
15084;二狗，为什么我们要同一时间发，抢我流量？（卷起来了;4;52;56;3578;0.015651201788708775
15089;百度吹了这么多逼，我一项都没有体验到tv鼓掌;9;30;39;3578;0.010899944102850754
15099;021给大家介绍一下这是我老婆doge;1;15;16;3578;0.004471771939631079
15101;二狗翻翻，给你充电;1;12;13;3578;0.0036333147009502517
15103;我怎么感觉我在Rog5S手机发布会上看到你了思考;1;10;11;3578;0.0030743432084963667
15105;二狗二狗，rog5发布会上的是你吗？好像啊BV13L4y1v7kM;1;5;6;3578;0.0016769144773616546
15111;语音反馈帮助老人，不太同意，因为有些老人普通话不标准不会说;1;3;4;3578;0.0011179429849077697
15115;二狗，越来越有趣了，并不是以前那种枯燥的讲解视频了;1;3;4;3578;0.0011179429849077697
15117;冰冰脱单doge;1;3;4;3578;0.0011179429849077697
15129;翻译翻译什么是百度，什么是tm的百毒;1;1;2;3578;0.0005589714924538849
15136;whatsyourproblem;2;0;2;3578;0.0005589714924538849
15147;智慧识屏的稍后阅读之前直接拉出负一屏就能看到，笑哭我一直用它留档期刊报道抽空看，结果鸿蒙更新把它给阉割进收藏里了灵魂出窍现在智慧识屏对我只有up说的粗翻了真的很难受。AI字幕延迟其实有点高感觉也不太实用，希望华为后续能优化吧;3;11;14;3578;0.003912800447177194
15151;matepad104找不到这个Ai字幕啊;2;4;6;3578;0.0016769144773616546
15154;想问下up主，这个ai字幕如果是戴着耳机能使用吗;2;2;4;3578;0.0011179429849077697
15159;up你好鸭，我想问一下就是这个ai字幕后，可以复制嘛？有时候不想打字，可以用这个然后复制嘛;1;0;1;3578;0.00027948574622694243
15161;以后还会发这个广播吗;1;0;1;3578;0.00027948574622694243
15165;恭喜你离百大又近了一步;1;0;1;3578;0.00027948574622694243
15167;我还重装了2遍capcut;2;0;2;3578;0.0005589714924538849
15172;等以后所有的工作都由机器人和ai来完成，那么人类就只剩下程序猿这一种工作了，毕竟人类不可能放心把程序完全交给机器人去完成（来自一个肥宅码农的骄傲）（）;1;0;1;3578;0.00027948574622694243
15175;智慧语音点了没反应;7;26;33;3578;0.0092230296254891
15184;目前台式网卡是ax201多屏协同相当卡华为肯定是有定制的网卡驱动他们有很多电脑都在使用ax201，绕开了win10无法发射5g热点的一些问题跪求具有ax201华为电脑的大佬分享一下驱动包或者是别的恢复镜像，可以提取ax201驱动的文件包也可以目前在华为官网上他们不提供ax201驱动但是可以通过下载华为官方的电脑管家安装定制的ax201驱动哪位大佬可以分享下吗;4;12;16;3578;0.004471771939631079
15190;up智慧语音点击没反应的问题没有解决办法了吗雫没救了;2;4;6;3578;0.0016769144773616546
15193;智慧语音有硬件要求吗？;4;3;7;3578;0.001956400223588597
15199;荣耀笔记本能安装华为管家吗;1;2;3;3578;0.0008384572386808273
15203;笑哭我点了25版本的语言没反应，哎;3;0;3;3578;0.0008384572386808273
15208;控制中心里没有智慧语音怎么弄呢？;5;0;5;3578;0.001397428731134712
15214;up，电脑管家连不上平板，显示什么驱动过低，怎么弄;1;0;1;3578;0.00027948574622694243
15216;日本电视节目报道中国的高科技的时候，在语音语调，镜头运用以及色彩滤镜方面，都非常的讲究细节，努力营造一种敌人在干坏事的感觉。;13;527;540;3578;0.1509223029625489
15230;这个方案就是基于5G实现的;28;151;179;3578;0.05002794857462269
15259;严禁技术外流日本这个国家就是善于学习别人，然后用在残忍的摧毁上。;12;109;121;3578;0.033817775293460035
15272;很多技术科技都是八十年代到九十年代初提出的，而且每个五年计划政府都拨款支持研发，只是最近这些年开始发力了，这就是弯道超车。;3;70;73;3578;0.020402459474566797
15276;日本今年被德国超了;10;63;73;3578;0.020402459474566797
15287;华为之花必将重新绽放全球;2;57;59;3578;0.016489659027389605
15290;雷总表示：只不过被老任捷足先登了doge;1;26;27;3578;0.007546115148127445
15293;但是没有匠人運転手或者運転手仙人了doge;3;22;25;3578;0.006987143655673561
15297;乐，我家父母就是搞全球货运的，天津港。。。本来就不行，之前爆炸事件之后更不行了。。天津现在港口经济是真靠不住，看这些科技是挺好，但就是没人往这搞货运啊。。。价格和地理环境都不占优势。。或许再过个810年能改变现状吧;8;21;29;3578;0.00810508664058133
15306;自动化码头目前就是一个噱头，还是要人工远程操作的。洋山这边自动化年年赔钱，搞个噱头而已。;42;18;60;3578;0.016769144773616546
15349;原来港口上班的司机工人们要被AI淘汰了吗微笑;6;15;21;3578;0.005869200670765791
15358;热词系列升职加薪热词系列升职加薪热词系列升职加薪没有显示;2;7;9;3578;0.002515371716042482
15361;但实话说，日本的进出口量，对这种高科技产品没需求;2;6;8;3578;0.0022358859698155395
15364;UP主加油;1;6;7;3578;0.001956400223588597
15366;谁把日本人放进去拍的？;2;5;7;3578;0.001956400223588597
15369;有个问题，假如歼16D（电子战）飞过来，展开攻击，是不是整个港口系统就瘫痪了？吃瓜;3;4;7;3578;0.001956400223588597
15373;天津港内部消息这套系统其实效率很差，离实用阶段还有距离;16;4;20;3578;0.005589714924538848
15391;BMG差评;1;3;4;3578;0.0011179429849077697
15394;日本的进步也是很大的它们现在都要放弃软盘该用硬盘了;1;2;3;3578;0.0008384572386808273
15396;我还以为这套系统在洋山港码头呢;2;2;4;3578;0.0011179429849077697
15400;就在我们辖区，有幸跟着领导去参观过，确实牛逼。;2;1;3;3578;0.0008384572386808273
15406;蹲一手机器人;1;1;2;3578;0.0005589714924538849
15408;BIZ放送的吧，大部分日本人评论还行;1;1;2;3578;0.0005589714924538849
15424;华为因为硬件被捶死所以专攻软件了吗;1;0;1;3578;0.00027948574622694243
15427;所以人口多不一定有优势了;1;0;1;3578;0.00027948574622694243
15429;机器好像是徐工的，操作系统不知道。;1;0;1;3578;0.00027948574622694243
15431;看完没啥意思。没有深入我国海外港口的真实报道;5;0;5;3578;0.001397428731134712
15437;您这是用的中文语音输入吧脱单doge;2;3;5;3578;0.001397428731134712
15443;我想问下，这次增强版和最新开发版哪个比较新啊，我现在是最新开发版811要不要切回稳定更新加强版啊;1;2;3;3578;0.0008384572386808273
15445;开发版内测好还是公测？;1;0;1;3578;0.00027948574622694243
15447;求求up发个包，不想升级系统了，热词系列三连;1;0;1;3578;0.00027948574622694243
15449;呆偷渡的125开发版有必要偷渡回来吗;1;0;1;3578;0.00027948574622694243
15451;支持汉译英么;3;0;3;3578;0.0008384572386808273
15455;设置完成之后，就算两句话之间间隔时间很长，很多情况下说的话并不会输入vrchat，这是什么问题呢？;2;5;7;3578;0.001956400223588597
15458;我选择等w11的辅助功能笑哭w11的最新版本25300已经大幅度改进了辅助功能里面的实时翻译，支持多种语言，且翻译效果有所提升。目前已经在体验计划里有安装包了我觉得再等两三个月就会上了拥抱;2;4;6;3578;0.0016769144773616546
15462;真的可以用了，感谢大佬，但还有个问题，如果想要听对方的翻译，是不是麦克风要来回切换才行啊，有别的方法吗;8;1;9;3578;0.002515371716042482
15474;我那里也不太一样，什么网址也没有。辣眼睛;1;0;1;3578;0.00027948574622694243
15477;不知道为什么打开开始没有小窗口QAQ;1;0;1;3578;0.00027948574622694243
15480;up按照步骤整的游戏里没出现字幕tv大哭;1;0;1;3578;0.00027948574622694243
15482;可以翻译别人的话吗;2;0;2;3578;0.0005589714924538849
15485;壁纸选的好，点赞少不了;1;1;2;3578;0.0005589714924538849
15488;终于可以听懂三上小姐姐每次都在喊些啥了;56;848;904;3578;0.25265511458915596
15545;emui11的官网上最小那个面的一行小字写的目前仅支持英语。日语和韩语还需要继续等待。所以看片的还得再等等;57;584;641;3578;0.1791503633314701
15603;当华为后台，想知道用户都用ai翻译了写什么内容的时候，估计就被人性的另一面整崩溃了;17;442;459;3578;0.12828395751816657
15621;可以可以以后不用非找有中文字幕的资源了;13;228;241;3578;0.06735606484069312
15635;我10多部片子有救了微笑;47;192;239;3578;0.06679709334823924
15683;P站学英语指日可待;8;114;122;3578;0.03409726103968697
15692;终于可以正常收看李春姬大妈了;7;105;112;3578;0.03130240357741755
15700;是miuimiui创造了世界胡说，明明是ios呸，明明是老罗的裤衩都没了在华为的视频下面你甚至能看见花粉吃瓜;5;96;101;3578;0.028228060368921185
15706;细品后，感觉是一大卖点，如果效果好，是一大杀手应用;10;78;88;3578;0.024594745667970933
15717;大概就是那种机翻吧，翻译目前ai还是取代不了人工的;14;42;56;3578;0.015651201788708775
15732;坚果手机的裤衩又少了一个;12;35;47;3578;0.013135830072666294
15745;其实原生安卓就有这个功能了不知为啥国内厂商就是不给加嫌弃;13;18;31;3578;0.008664058133035215
15760;YouTube网页自带，这东西得看准确度;17;14;31;3578;0.008664058133035215
15778;升级emui11我瞬间悟了，以前都是播放就快进，毛毛糙糙，直奔主题。现在有了这个功能，华为是想让我们这些年轻人懂得倾听，学会观察，发现过往匆匆忽略的细节啊;1;13;14;3578;0.003912800447177194
15780;以后老师上课再也不用担心听不懂了doge;2;12;14;3578;0.003912800447177194
15786;这功能锤子不是早有了吗;1;5;6;3578;0.0016769144773616546
15789;youtube自带这个功能，我就在想为什b站不做，原来是等着华为自带啊;9;4;13;3578;0.0036333147009502517
15799;槟榔加烟法力无边浏览器加AI字幕扬起牛牛牛BIandogedogedoge;2;3;5;3578;0.001397428731134712
15806;日语韩语的再等等，快了;1;2;3;3578;0.0008384572386808273
15811;智能机翻，以后看里番就爽;3;2;5;3578;0.001397428731134712
15815;那看韩国综艺不是不需要等更新了？;4;2;6;3578;0.0016769144773616546
15821;小米早有了，抄苹果的吧？doge;4;2;6;3578;0.0016769144773616546
15827;支持日语吗？;1;1;2;3578;0.0005589714924538849
15832;弹幕还说像米ui的别逗了，小米的系统都是偷师魅族，还说的多么的厉害，都用过的人就会知道现在小米的系统还是没有魅族的好用，还和华为比呢，不自量力无语;1;1;2;3578;0.0005589714924538849
15839;想不到没了老罗的坚果，还能继续被同行抄;2;1;3;3578;0.0008384572386808273
15846;还是无情机翻吗？;3;1;4;3578;0.0011179429849077697
15851;估计只有p系列和m系列支持;1;1;2;3578;0.0005589714924538849
15853;还是不如看原汁原味的英文字幕，因为在看到内涵笑话的时候机翻像个傻子;3;1;4;3578;0.0011179429849077697
15858;128g内存，目前剩余15g，期待更新中抠鼻;1;1;2;3578;0.0005589714924538849
15860;安卓自带的东西啊;1;1;2;3578;0.0005589714924538849
15863;这并不是EMUI的功能，是原生安卓系统自带的功能，所有的安卓10都有嫌弃;1;1;2;3578;0.0005589714924538849
15865;很怀疑手机和系统出来以后这功能是不是能有。。手持mate30Pro，去年九月首发预订的，很清晰的记得当时发布会上着重宣传了视频实时换背景，改变人物位置大小的功能，结果一年了，别说系统内置相机不支持，哪怕是APP都没做出这功能的。;7;1;8;3578;0.0022358859698155395
15873;翻译的话不会有延迟吗？会不会有字幕音频不同步的情况;2;1;3;3578;0.0008384572386808273
15877;终于可以知道剧情的发展了doge;1;1;2;3578;0.0005589714924538849
15881;支持中国多少种方言啊？喜极而泣;2;1;3;3578;0.0008384572386808273
15890;分语言来说这玩意的中文识别率99左右。甚至更高日文还挺堪忧，60吧。勉强意思对的上，或者相近;2;0;2;3578;0.0005589714924538849
15894;啊啊啊啊啊我更新了这个后真的太棒了;1;0;1;3578;0.00027948574622694243
15905;我512G手机里有200g学习资料不是开玩笑doge;1;0;1;3578;0.00027948574622694243
15908;这是Android原生的feature。。。别捧华为了。。。至于为什么只支持英文嘛因为原生只支持英文;1;0;1;3578;0.00027948574622694243
15919;准确率有多少，要不要求口音？笑思考;1;0;1;3578;0.00027948574622694243
15931;怎么我更新了emui11没这个功能笑哭;2;0;2;3578;0.0005589714924538849
15943;115好多t有救了呲牙;1;0;1;3578;0.00027948574622694243
15949;荣耀什么时侯更新酸了;1;0;1;3578;0.00027948574622694243
15966;放心这种高科技实施也是几年后EMUI11说不定一来又跟你说要适配先配合几年;1;0;1;3578;0.00027948574622694243
15969;估计只能支持自带的浏览器或视频播放器;1;0;1;3578;0.00027948574622694243
15976;可以翻译日语吗？;1;0;1;3578;0.00027948574622694243
15984;学外语的又危了一点;1;0;1;3578;0.00027948574622694243
15993;这是安卓10自带的特性和华为有什么关系？;1;0;1;3578;0.00027948574622694243
16026;这算不算侵权啊？;1;0;1;3578;0.00027948574622694243
16069;不要骂我。。。我想说的是三星早就有这个了;2;0;2;3578;0.0005589714924538849
16075;小米得加把劲了;3;0;3;3578;0.0008384572386808273
16096;没有边框的手机用起来你会后悔的尤其是曲面屏;1;0;1;3578;0.00027948574622694243
16098;三星早有了;2;0;2;3578;0.0005589714924538849
16102;油管早就有这个功能了。不过我感觉这个应该是要有本地文件，然后后台跑一边才能有字幕，不是播放的过程中自动生成的吧？B站的视频支持吗;1;0;1;3578;0.00027948574622694243
16104;这个更有趣的应该用在kirikiri上，省的机翻了doge;2;0;2;3578;0.0005589714924538849
16107;演示估计实际用的话还是跟视频有点出入的;1;0;1;3578;0.00027948574622694243
16111;兴奋地点开了系统更新，突然发现，好像跟我的magic没什么关系。酸了;4;0;4;3578;0.0011179429849077697
16125;老罗的裤衩子啊;1;0;1;3578;0.00027948574622694243
16131;这波华为本地化可以，三星智能翻译英语;3;0;3;3578;0.0008384572386808273
16138;额，这个在哪用，我找了半天都没找到;5;0;5;3578;0.001397428731134712
16144;字幕那个黑条有点丑;1;0;1;3578;0.00027948574622694243
16147;真的吗？荣耀行不行;2;0;2;3578;0.0005589714924538849
16150;这功能确实可以，其他厂也得跟上;1;0;1;3578;0.00027948574622694243
16152;照这样发展下去，以后还需要学外语嘛？;1;0;1;3578;0.00027948574622694243
16157;锤子裤衩没了;1;0;1;3578;0.00027948574622694243
16164;涡轮苏卡3：34doge;1;10;11;3578;0.0030743432084963667
16168;910不谢doge;1;2;3;3578;0.0008384572386808273
16180;语音怎么换啊;1;0;1;3578;0.00027948574622694243
16182;AI超级骂是在哪个情景里面？;2;0;2;3578;0.0005589714924538849
16185;但是我仍然觉得我目前做的最酷的一件事就是为了兴趣而继续读了研究生喜极而泣;87;3188;3275;3578;0.9153158188932364
16273;1至于头部挤压的问题，任何时代都存在互联网下确实加剧，但加剧的底层逻辑是信息便捷，物流畅通，边际成本低。现在在这些方面我不太清楚还有什么更大的提升空间，这里也请教下up。但比较优势永远存在：其实线下服装店真不少，开在大超市里的更是不少。淘宝会挤压服装店，但实地考察、马上拿到衣服的需求仍然存在。2：每个人的需求不同。也是1中所提到的比较优势。我觉得up给我开了天眼很有用；但小明可能本来就是一个大学霸，直接保研了。搜索引擎只能通过用户画像来推荐，但不论这个画像如何精准（先不说数据收集政策的缩紧，现在画像已经足够具体了），用户还是需要付出大量时间成本从大量视频中找到自己需要的。个性化市场的发展至少是能在一定程度上抵消掉负面作用。（能生存已经不错啦）（创新永远只是顶尖大脑的代名词，人人能创新叫做社会文化水平提升）3：为什么医生不能被chatgpt取代呢？需要人工复核但哪个行业又不需要人工复核呢？如果真要长远来看，有足够的数据训练，ai什么行业又取代不了呢，不过是速度的快慢。从科技发展的第一天，早就有人预测机器完全取代人类，那时候底层人民的日子是什么样呢？发展过程中总有办法来化解，科幻小说里的场景忽略了这一点。最后留下的确实只有最聪明的大脑。4：所以，用目前的视角来看。换赛道这件事也不能一劳永逸。不如找一件热爱的事情，或者找一件很慢被替代的事（其实搬砖也挺靠谱），或者找到个资源行业去做，或者价值判断很浓的事情去做。当然，最靠谱的还是做成头部，或者护城河很高的职业（一定程度上同传和医生还真有那么点相似处）5：说到底还是僧多肉少的问题。现在又是一个高等教育迅猛发展，而事情又不需要那么多人做的时代。这几年出生的小朋友，手握房产与技术，会有那么多烦恼吗。6：up给的当一个up的建议确实很有启发性，确实是现在性价比很高的事。（真长远来看真到了ai能合成视频的时代，要up还干什么）非喷子，思路也有点乱，随便写写想法;24;881;905;3578;0.2529346003353829
16298;chatgpt实质上并不会思考，只是使用了深度强化学习，首先搞清楚深度强化学习是什么，是使用深度神经网络模型的强化学习，强化学习就是可以根据环境的反馈来改变自己的输出来提高输出的分数，强化学习一般使用的是criticalaction模型，就是批评者和行为者，critical对action做出的行为给予reward，然后让action改善自己的行为。从原理上讲chatgpt并不会思考，只是特定算法下的组装，让组装的句子拿到critical更高的分数而已。我承认他会便利我们的生活，但是我并不认为它会像互联网上大部分非业内人士吹的那么神呲牙;84;326;410;3578;0.11458915595304639
16383;兼听则明，偏信则暗抱拳;11;1225;1236;3578;0.3454443823365008
16395;结合目前教育界的做法，技校才是真正的归宿已经准备本升技了。抱拳;15;934;949;3578;0.26523197316936836
16411;考研还有一个作用就是，你真的很迷茫的度过了大学时光，没有学到技能，没有好的机会就业，读研确实能给你一次新的机会去好好规划自己的人生，在学生时代总有更低的试错成本;26;640;666;3578;0.18613750698714365
16438;首先你说了半天什么发展有一个过程，但是一直在刻意避开这个过程需要的时间，好像十来年就能完全落地，这是不可能的。其次不提ai底层逻辑的缺陷，就算ai有一天完全覆盖了低端工作，老板仍然需要有人来复制粘贴，这不是什么随便都能做的事，只有专业人员才能问对问题。然后是躺平损失小，这句话如果被人用了，所有企业都该倒闭了。再然后是换赛道，清北一样能换赛道，你怎么就觉得你那点先发优势很有效呢。最可能的就是努力半天，高手一来，直接给你赛道拓宽，搞了新新赛道，你又寄了。考研是和不考研的自己比，而不是和世界比。这就像网上一群润润党，这不好那不好，不如润，要这么比世界都姓美得了，进步只能从时间上比，不能从空间上比。如果你有比考研提升更快的方法自然不要考研，比如你很自信职场三年比硕士证有用，那你就去，如果没有，那你去了就是脑子有问题。;49;483;532;3578;0.14868641699273338
16488;这哥们想做up，但是没活了，想通过一些争议的言论创造流量。他从一开始就告诉你们了，他看中了up主这一行业捂脸;42;632;674;3578;0.1883733929569592
16531;这类up主经常通过一些现象得出一些结论，但往往是脱离实际的。你考上了研找到了工作也会失业，所以考研没有意义，这是什么逻辑？因为你吃的饭都会变成shit出来，所以吃饭没有意义？吃饭的本质是获取能量，与外界进行能量交换。哪怕考上研找到工作最后也会失业，但是我这段时间赚的就是比别人多。更何况，很多人不考研真的找不到工作，你说这些人需要在乎什么未来可能的失业吗？你还说什么创造差异化竞争力，在普通人能想到的所有领域都已经被占满的当下，发掘新领域本身就不是普通人能干的事，我也不认为ai能做这件事，所以你让普通人不要考研的依据就是他们可以去做他们做不到的事，这又是什么道理？如果说失业是无法避免的，在毕业立马失业和选择一个延缓失业可能性的行为之间，普通人都会选择后者。再者，抛除理性分析，有没有能力再说，人都想变好，这种愿望有错吗？;35;350;385;3578;0.10760201229737283
16567;不考研就会说那你去考公考编感觉人这辈子就是考试然后考完还是一个废物我时常在想为什么我非要在这些东西面前做选择瞬间就想清楚了没钱就没得选;14;140;154;3578;0.043040804918949134
16582;看到了很多破防的弹幕，哈哈哈哈。up跟我是想一块去了。理工科所代表工农业生产，科研，医疗，大概率会完蛋。100分里挑挑拣拣，99和59一个样。被替代的人将短期面临生存危机，能抗过短期的大概率能见证一个物质极大丰富的时代。文科里不能产生情绪价值的工作会完蛋，比如历史研究，新闻联播，翻译，公共基础服务，大部分的管理，普通教师。只有能够带来情绪价值的生产性工作可以存活，比如自媒体，相声，演员。我想这才是为什么up推荐大家做媒体的原因笑哭。;109;292;401;3578;0.11207378423700391
16692;本科软工，但对深度学习算法感兴趣，遂考研呲牙;19;55;74;3578;0.02068194522079374
16712;总之一句话，读书不是唯一的出路，学习才是。;55;281;336;3578;0.09390721073225265
16768;真的本人一直反对的是无脑考研，那些无脑考研的被相关机构收割、被学校收割、被社会收割，还让社会越来越卷。那些考试能力强的无脑考上研后，大多数都是后悔，又不想浪费自己辛苦考上的学历，在矛盾中浑浑噩噩浪费时间后毕业，还把一些有未来想法的人有意无意的卷掉了一些考研名额，真的害人害己。;6;199;205;3578;0.057294577976523195
16775;我就是因为一直没想清楚考研的目的，所以选择不考研。但是我觉得工作了（运营岗），也就那样，拿着一点微薄的的薪水，加班加点，朝九晚十，用自己的时间和身体换一点可怜的金钱。最重要的事情是我感觉自己的成长速度太慢了，工作后学习到的东西很有限，我的很多精力花在了人情世故和沟通上，我自己把这部分成本叫做企业运作的磨擦成本，就像一台机器一样，要维持它的运转，总是会有螺丝钉，总是会有能量的损耗，但是这部分的成本由我承担的部分太多了，我的机会成本就是很大的。而为了拜托这样低效的成长，我自己认为两条路：一是自己创业，也和Larry直接下大海里游泳的比喻有点相近之处。二就是读研（一直读到博士），换取一个更高的起点。我还比较年轻，眼前肯定有很多迷雾的，请大家指正。抱拳;7;193;200;3578;0.05589714924538849
16783;二本英专生听完决定去种地doge;15;161;176;3578;0.049189491335941866
16799;考研只能说是提升自己手段而不是出路，研究生最大的财富不是研究的成果，而是得到成果的思维方式、研究方法。以及对自己综合素质的提升。考研不能就自己，考上研不能救自己，只有自己能救自己。;3;128;131;3578;0.03661263275572946
16803;这个up很厉害，让人听了之后心态爆炸的同时又不得不承认说的有道理，但细细想来总有什么地方不对劲，引发广泛思考和讨论;14;147;161;3578;0.04499720514253773
16818;本科生贬值，研究生贬值，最终培养出高层次打工人;1;92;93;3578;0.025992174399105644
16820;懂了，我去地摊上卖小吃，ai再厉害，你人总得吃东西吧;11;82;93;3578;0.025992174399105644
16832;up，你知道为什么学习吗？一个人一出生就有分析问题，解决问题的能力吗？你该不会以为上学读书只是为了延缓就业吧？;8;36;44;3578;0.012297372833985467
16841;我学金融的从大一开始学校就给安排了python人工智能这些必修而且基本上每个学期都有这种课但是还是赶不上知识迭代的速度金融是一个很求新求变的专业经济金融领域的大佬是对风口和趋势最敏感的一批人读研究生能利用老师学校的资源渠道去培养这种洞察力前瞻力现在本科学的死知识根本连皮毛都没够到所以我还是要考研单纯地认为往上走才能有机会真正的做有技术含量的事情;1;79;80;3578;0.022358859698155393
16843;当你从来不知道1的时候，搜索引擎不会告诉你1，但是老师会告诉你，除了0，还有1。;4;27;31;3578;0.008664058133035215
16848;不全面的，up给我的感觉就像是绝大多数的B站用户，活得太过虚浮，还没有用双脚亲自感受土地的宽广。在浙江宁波的一个小镇子里，有这样一群人，他们谋生的手段，是用手工操作机器加工小型零件，每个月依然能有近万或者上万的收入，他们甚至还在采用师徒的传承；在镇子里有一家宾馆，这里几乎没有外地游客，宾馆每个月不算高的收入，来源于本地人喜欢打麻将；一个最多几万人的小镇，哪来的“市场”养活那么多家棋牌室呢？甚至这家宾馆还能淘汰出售旧的麻将机。就在从上海到乌市火车的沿途，你依然可以看见不算太大的一个坡上，一片片小小的农田，一个个衰老的农民；一块不算平坦的黄土地，一个小小的学校，看上去就“土土的”孩童和不知从哪里来的教师。就在一座小城里，一个985毕业的本科生，一个月连四千的工资都拿不上，他，在国企。这座小城，有三四个普高，在普高里，不只有最好的学校，令人压抑的内卷，也有既不卷也不摆的最“差”的高中。世界自然有其运行的规律，互联网就像是人的梦，很重要，但一个人，终究是不能，也不该只活在虚幻中，只有当他从梦里把自己带出来的那一刻，属于他的世界才能说是刚刚开始。;22;113;135;3578;0.03773057574063723
16871;其实你这么讲，主要是因为你拿着40岁的经验去评价20岁人的选择，你现在回过头来看觉得到处都是道路，但是初出茅庐的菜鸟能看到的其实不多，学历层次低一点的，可能不考研的话，就只能去干销售或者送外卖;3;26;29;3578;0.00810508664058133
16876;照你这么说，我看视频已经有优质的百大内容了，而且就是一点就到，光速呈现，那么你这种小up还有生存的空间吗？;3;34;37;3578;0.01034097261039687
16880;对，考研确实浪费时间，而且就业和本科没啥区别所以大家不要考研了，我来考我来替大家承担这份痛苦;19;69;88;3578;0.024594745667970933
16900;可我的研究生专业是人工智能欸;7;28;35;3578;0.009782001117942985
16908;我的评价是：阉割版虚无主义。;16;98;114;3578;0.03186137506987144
16926;虚无主义加空想主义，把每个行业想的太简单了，不实事求是，一个例子引申到了所以行业。;9;91;100;3578;0.027948574622694244
16936;我想当老师，想要教好学生，自己首先要有知识和方法，所以我选择读研，希望能成为让学生和自己都喜欢的老师捂眼;3;21;24;3578;0.006707657909446618
16940;好为人师的up我就问不考研然后找不到工作up负责吗？脱离实际情况的讨论和以偏概全、自我意淫的推论没有意义;44;88;132;3578;0.0368921185019564
16985;完全同意，准备法学，结果越来越卷，越来越离谱，分一年比一年高。想通的早，去年就不和他们卷了，认真搞炒股，投资反正能玩一辈子，也躲不开;5;23;28;3578;0.007825600894354388
16991;ai发展太快，也许未来对生活都绝望了，感觉没普通人类什么事情了，我就希望能ai能搞个虚拟世界，让我进去过完一生跟黑客帝国似的，虚虚实实好像也没那么重要吗，现实世界哪里有虚拟空间多姿多彩呐。哈哈哈，感觉自己是流浪地球2里数字人生派的。;5;50;55;3578;0.015371716042481833
16997;研究生越来越多，海洋里的水也越来越多吃瓜;1;19;20;3578;0.005589714924538848
16999;连特么牧场的推草工都被机器人替代了。我今天刚去的智慧牧场，挤奶机器人的引入，砍掉了一半的工人。;2;50;52;3578;0.014533258803801007
17002;up怎么看待市场上这么多的考研机构doge，还有整个教培行业，我感觉就是一群学了无用东西的人接着忽悠下一批人学这些无用的东西;2;22;24;3578;0.006707657909446618
17005;等到我们这些普通人想好要换到哪个赛道的时候，这个赛道其实基本已经饱和了。而且我觉得目前为止赛道其实不剩几个了，因为操场就这么大，不扩建是找不到新赛道的。;3;44;47;3578;0.013135830072666294
17010;各位听听就好了，就当做是对考不上研自暴自弃人的心理安慰，跟up上一个视频985配不上你一个性质;6;53;59;3578;0.016489659027389605
17017;五年吧，五年就会有相当一部分画师用ai偷懒了，十年后绘画ai使用常态化。潘多拉的盒子已经打开，是好是坏无从知晓;5;18;23;3578;0.006428172163219676
17023;有听完还是不知道该干嘛的英专生吗？我哭了;17;40;57;3578;0.01593068753493572
17041;读研是最稳定的一条路罢了，现在那些赚钱职业的风险不是谁都能承担的，你看现在工作几年了还要考研的人少吗doge我觉得up说的部分精英职业人听了比较有用;2;17;19;3578;0.005310229178311906
17045;看了好多嘴硬的，能理解。自己上大学了，或者考研了，或者自己的工作将会被替代了，大多都是接受不了自己辛苦奋斗得到的一切突然要失去的现实。为什么自己会这么急着来反驳，因为你心里面已经知道答案，只是不想承认罢了。;13;23;36;3578;0.010061486864169928
17059;难道我就不能因为热爱而考研吗？;29;22;51;3578;0.014253773057574064
17089;其实我很纠结，up说过，如果因为兴趣而卷，那你很支持。但是我身边好几个人，从事他们曾经感兴趣的领域，但最后的结果都是兴趣被抹杀。其实很好理解，当搬砖或者内卷的痛苦，和我的兴趣有了密切关联，那我肯定会感到厌倦。所以我一直都避免从事我感兴趣的工作，保持兴趣的纯粹。搬砖本来就痛苦，八分痛和九分痛我觉得没区别。;2;16;18;3578;0.005030743432084964
17092;同英专生，本来也是为了兴趣去考研的。但现在开始思考现实问题了：普通家庭的孩子，考研到底应该是兴趣第一还是工作第一？或许学英语的这些年它已经在我心里搭建了一座象牙塔，但现在必须要走出来看一看了。就很矛盾，不知道大家怎么想的。;2;16;18;3578;0.005030743432084964
17096;用宏观的角度去考虑个人的发展是愚蠢的只顾着个人的发展去努力虽不算明智但绝对不算愚蠢如果按这个考虑的话我们不过是万千宇宙的一个小小粒子我们都是要死的我们做什么都没有用除非你能成为顶尖的（抵抗死亡）;1;47;48;3578;0.013415315818893237
17099;近期见过最会博眼球的up主;1;41;42;3578;0.011738401341531582
17101;你开头的哪句话就证明了你没从实际因素出发，虽然快递行业强了，但是人仍然是群居动物，聚餐这类的仍然需要你楼下的小吃店，只要需求存在，事物就很难被取代;6;18;24;3578;0.006707657909446618
17108;大学学不到什么东西，我侄子考上清华我连夜给他志愿改成大专了，他现在还是很感谢我;3;18;21;3578;0.005869200670765791
17113;我买衣服，去线下买，试了合适一问价格超过我逾期的场地费，直接偷拍下来网上一搜玛德别提多爽了;1;32;33;3578;0.0092230296254891
17115;说白了听听就好，up讲的太过了，散播焦虑安慰没考上的，实际上这样的未来与我们还有相当一段距离，至少我们是接触不到的，所以现在你的努力仍有价值，仍能谋得一份温饱的机会;2;17;19;3578;0.005310229178311906
17118;疯了。人工智能牛逼和我考研有啥关系我当然不是最聪明的那一小撮那又怎样影响我吃饭睡觉毕业拿工资不？;1;17;18;3578;0.005030743432084964
17121;那up你说考研没用，考研不行，那能不能给我们二三本学生指一条别的出路？难道毕了业所有人都去做自媒体？所有人都适合做自媒体吗？假如不打算考公的话，考研难道不是一条实实在在提升自己劳动力市场价值的途径？;18;13;31;3578;0.008664058133035215
17142;同意up说的，我觉得我就算是要考研，也只是为了多在学校待几年笑哭;4;17;21;3578;0.005869200670765791
17147;对chatGPT感兴趣的可以去油管看看tinyfool的内容;2;11;13;3578;0.0036333147009502517
17150;AI的出现影响最大的领域是制造，金融，服务等这种需要脑力来进行理性分析的行业，而大量涉及感性，触及人的本性追求的领域是没法替代的，比如娱乐，体育运动，情感咨询，社交等等。理性行业的发展最终目的都是要提高人的生活水平，所以当AI出现后，人的价值就在于把控人文关怀，当“快递员”把高科技生产出的物质更好的服务给人类自身，即理性部分交给AI，感性部分交给人类，我认为这是人工智能普及后比较合适的存在方式，而不是一味的将人类能创造出的各种东西都交给AI来做，反而会导致人类无法和AI和谐共存;3;10;13;3578;0.0036333147009502517
17154;ai绘画其实更像是辅助画师的工具，而且淘宝开店是有成本的。而这两种工具以后大概率是免费工具。ChatGPT可以解决法律咨询，但不能代替，因为ai不能承担责任，即使出错率只有百分之一。同理更不能代替医疗。你见过查百度的医生吗？能代替什么？历史专业，任何出处都是可查。新必应就是可以表明出处。就算出错也是写书的人出错。而且可以做客服，毕竟现在ai仿声也很强。无论是打电话还是打字都没问题。嗯，看来客服被淘汰是必然的了。不过百度原来也是一搜就能解百惑，现在全是广告。而ai肯定会变成一样的情况，更可怕的是被资本或者西方政治洗脑。这点我完全有理由相信;2;10;12;3578;0.003353828954723309
17157;up把淘宝想得太大，把中国想得太小，chatGPT的影响起码五年内不会蔓延中国;7;10;17;3578;0.0047512576858580215
17166;农业研究生感觉，可能会种地真成优势了，毕竟要亲力亲为;2;10;12;3578;0.003353828954723309
17169;我之前考研的目的很单纯，大学没想到谈女朋友，额等回过头来发现都大四了，我知道到了社会我找不上遂想续约校园找个女朋友，于是就这样耽误了我两年，对，今年还没考上大哭;6;10;16;3578;0.004471771939631079
17176;我需要世俗的成功来证明自己不是废物，而对目前的我来说达成世俗的成功最简单的实现方式就是考研;5;12;17;3578;0.0047512576858580215
17182;脸红脸红除了医生，教师应该也是不可被替代的，和人的灵魂打交道;13;12;25;3578;0.006987143655673561
17201;那你是把大部分人类脑力给否定了？;1;8;9;3578;0.002515371716042482
17203;懂了，这就去考数学专业，日后为ai服务;2;8;10;3578;0.002794857462269424
17206;希望我们是为了获取知识而学习，不是为了获取文凭而学习;7;8;15;3578;0.004192286193404136
17218;大哥，我读的是电气专业，读完研确定可以获得年薪二十万以上的收益（非常确定，做好了市场调研），您觉得我考研对吗？;15;7;22;3578;0.006148686416992733
17235;首先，没搞懂你在扯什么，没看出什么逻辑性，只听到各种苍白的类比，你怎么能保证你类比的事情和考研本质是等价的，还有各种对科技发展的不屑，真的，你就只是个屑。其次，看up这样不是理工科的吧，你了解每个理工科的行业发展和就业前景吗，张嘴就一个考研，包含时间万象是吧，你就是那个开了透视挂的能洞察一切的人是吧。;1;13;14;3578;0.003912800447177194
17237;从别的地方看到的评论：“如果一个社会中大众恐惧生产力的发展，那就说明生产关系严重滞后。”脱单doge;1;16;17;3578;0.0047512576858580215
17239;老师作为人给同为人的学生起到的榜样和引导作用也许是ai无论如何也无法取代的兔年;3;6;9;3578;0.002515371716042482
17244;大家都准备干嘛能不能分享一下吃瓜;7;7;14;3578;0.003912800447177194
17253;永远不会失业的，只有服务业，服务业需要的是技术教育，而不是学历教育，所以对我来说，学历教育没有用，技术教育才是有用的。现在回想起来，人生那么多年都是白走的，拿到一纸学历，但是没有技术。然后这个学历还不断的贬值。;1;5;6;3578;0.0016769144773616546
17256;老师这个职业还好，人与人之间的交互是基本不可替代的;3;5;8;3578;0.0022358859698155395
17260;是不是其实很早就开始了呢，从搜索引擎的普及就开始了笑哭今天还看到个新闻，杭州医生靠5g远程给新疆病人做手术，连医学这种需要面对面的玩意都可以实施头部碾压，普通行业还有啥好说的呢？酸了;2;5;7;3578;0.001956400223588597
17266;纯小丑，讲大道理，考研不同人的目的是不一样的，你只是针对那些盲目考研的罢了;3;8;11;3578;0.0030743432084963667
17276;up怎么看待工科专业考研，如石油钻井;5;4;9;3578;0.002515371716042482
17282;另外，AI可以在某些方面可以取代基本的翻译，但你仔细想完全取代翻译只是无稽之谈。语言应用情景很多都是声音，AI是无法理解语气的，同一句话不同的重音就是不一样的意思，但AI只会给你一种意思。更不要提哪怕在书面上的应用形式，文学的翻译有时候并不追求准确，而是追求美感。在“意”不在“形”，显然，这也是AI无法做到的。自大的唯科技论思维是要不得的，这样你就会忽略人类最珍贵的人文宝藏，而这恰恰是人之所以为“人”，而不是机器或动物的关键。;6;2;8;3578;0.0022358859698155395
17289;错了，越理工越被容易被取代，越文科越不容易被取代。因为ai可以取代生产但不能取代权力。;5;5;10;3578;0.002794857462269424
17296;果然真正聪明有本事的人，早就被挑选好了，而需要考研的人真的不是真正需要的人，小学最聪明的孩子，中考他分数高得离谱，县城一高，他都没去，省实验直接挑走了。直接竞赛班，虽然最终没有通过竞赛，走进清北，可高三一年的学习，人家还是考上了中科大的计算机专业，成功保研，平稳毕业，接着上硕士研究生，而自己复读一年，才有机会出河南省读书，上一个省外的二本，考研压根考不上，过线都费劲，许多事的确是老早之前就定好了，自己能操作的又有多大空间呢？;1;3;4;3578;0.0011179429849077697
17299;考研的多，不上学的更多。真正有钱的就那那么多，要机遇没有，给你学习机会增加一点才华，还不要。如果说考研的没价值，你从小到大不上学的呢？有一个话题，应好好思考。;1;3;4;3578;0.0011179429849077697
17305;我害怕社会，只能考研，读个博然后当老师去，只想找个烂二本随便轻松教教，一辈子呆在学校里。;1;3;4;3578;0.0011179429849077697
17308;所以应该坚持锻炼身体，好在普遍失业引发的南北战争中生存下去;1;3;4;3578;0.0011179429849077697
17316;所以实体店是买衣服，淘宝店也是是卖衣服，我考研是装修实体店，也就是提升学历，提升学历就是要学习，我考研学习是装修实体店，我要开淘宝店是要通过chatGPT学习？（哈哈哈哈哈哈哈自己都觉得很绕，不知道表达清楚了没有）;3;3;6;3578;0.0016769144773616546
17320;给一帮啥也考不上的家伙说爽了，没事，你们啥也别考，整天搁网上敲键盘“换赛道”，这样就不会被替代了翻白眼;4;9;13;3578;0.0036333147009502517
17329;2杯;1;2;3;3578;0.0008384572386808273
17333;有点得反驳，人工智能的创新性是依靠人类的，拿ai绘画，是无数普通绘画人作品的集合，没有普通人绘画，ai的素材去哪找？普通人也能有发现你不是爱因斯坦，但你能是屠呦呦啊，聪明人1个月能做好的事，你花1年，这也没关系啊，是你自己想做，你也做到了，不是因为别人能比你高效，你就不做了？这也太怪了吧，别人比你活的好，你就不活了？很多事情只要做，就会产生价值，你玩个游戏，不能一命通关，那又怎么样嘛，再来一次呗，你又不是没在玩，又不是没体验，哪怕体验不同;2;2;4;3578;0.0011179429849077697
17342;up主在鼓励人们不去考研之前，有没有想过自己也是研究生毕业？自媒体是个成功率很低的买卖，但是考研不是。;2;2;4;3578;0.0011179429849077697
17351;你做不到顶尖的那一批人，那人活着又有什么意义呢？up主的观点完全不能认同。考研上研究生的过程我觉得比结果更重要。;1;2;3;3578;0.0008384572386808273
17353;我想发表一下意见，即使ai能够取代所有的基础脑力劳动，我们也不得不承认人类掌握的知识并不足以解决所有问题，ai给我们的可能只是一个快速，低成本进入某个陌生行业的渠道。几十年前造房子要人工，现在也只是多了机械取缔了沉重的劳动，土木大学生研究生在实践上还是比不过老师傅。银行账务计算以前靠人力，现在有了各种管理的软件也解放了一大批人。我想这应该就是up说的那些被取缔者，那些失去价值的人。但是，这不就是科技发展的意义所在么？发展生产力，从繁重的劳动中解放人类。只不过这次从体力劳动转化为了脑力劳动罢了，可以说那些劳动密集产业，比如：动漫，咨询，甚至是影视特效等等，都会从此有一大批人要下岗。但是，在实际生活中，对大部分人影响应该没有那么大，ai只是工具，工具属性才是他的根本属性。与up的看法相反，我认为ai直接冲击的可能就是up说的风口：互联网领域的一切。网站构建也好，绘图，编程，尤其所有ai的学习者都会一文不值：因为你开发不出堪比那些头部选手的ai，而这些ai会挤占你所有的生存空间，让你连程序员也没得做。我认为：这一轮变革之后，会有一大部分人投身第三产业，这是生产力解放的必然结果。生产力的发展会促使社会调整，产生更多的服务岗位。自适应，由ai操作的机械人可能会成为下一个风口。兔年;1;2;3;3578;0.0008384572386808273
17361;学ai呢？ai也需要落地，适配等等;1;2;3;3578;0.0008384572386808273
17370;就视频这逻辑我觉得up还是读读研吧吃瓜;2;3;5;3578;0.001397428731134712
17375;人生苦短为啥一定要为社会创造价值？脑子是自己的学到的东西也是自己的我丰实的是我的脑子我的思维我的生命考上研能让我开心啊我享受被新的知识包裹的感觉开心最大我就是要读研究生呲牙呲牙呲牙;1;1;2;3578;0.0005589714924538849
17398;我弱弱的问一句up能把学历发一下吗脸红;1;1;2;3578;0.0005589714924538849
17408;chatgpt35今天开放了api，1美元62万字，这就意味着使用的成本已经无限下降了，一本普通的小说也就百万字，你花十几块就能弄出来一本水文小说;1;1;2;3578;0.0005589714924538849
17410;真的有这么多考虑都没有考虑清楚然后去考研的人存在吗思考;1;1;2;3578;0.0005589714924538849
17413;期待up和张雪峰老师约一场巅峰对决张雪峰老师官方号，因为看过up的视频，觉得你们二人的论点立场正好相反，无论是考研还是就业笑哭;2;1;3;3578;0.0008384572386808273
17424;AI再牛，服务器大门得有人看着吧？直接研究生毕业看大门。AI你别跟我来劲，再嘚瑟我把你电拔了吃瓜;1;1;2;3578;0.0005589714924538849
17439;很明显这个up没有在大公司上过班，脑力劳动从来不是领导发卷让你做题。GPT作为一个基于海量文本的语言模型，连工作最基础的“理解业务逻辑”都达不到。计算机能解决算术题，但是解决不了“应用题”，工作中碰到的都是无比复杂的应用题，你要考虑投入产出比领导同事想法客户需求现有资源，不是司机和保洁这种简单工作那么容易被替代的。;2;1;3;3578;0.0008384572386808273
17444;好好好，都别考了，我考，正好不卷了doge;1;1;2;3578;0.0005589714924538849
17457;感觉up开始筛选观众，也不是感觉，明显受众很窄，听着很爽。;2;1;3;3578;0.0008384572386808273
17462;你还要聊多少次考研啊笑;2;1;3;3578;0.0008384572386808273
17470;发现有很多人反对，但是他们似乎拿不出有说服力的论据;2;1;3;3578;0.0008384572386808273
17477;第一，个人建议少取这样博取流量的标题，吸引人目光但生理不适，因为太过刻意第二，个人觉得内容说的部分是很有道理的第三，全盘否定普通人考研和你推荐的做up都有点太极端，好比一个混沌系统有很多影响因素，您只抓从a推理b，看似逻辑直白实则太过苍白第四，对ai取代人工的趋势和您一样悲观第五，稳就业我想不到办法，希望您可以针对此提出更多建设性方案，或许可以带来启发;1;1;2;3578;0.0005589714924538849
17488;up除了做阿婆主以外是做什么工作的呀？;1;1;2;3578;0.0005589714924538849
17493;up觉得出国留学移民去北欧那种高福利国家怎么样doge;4;2;6;3578;0.0016769144773616546
17510;一頭洋芋;1;0;1;3578;0.00027948574622694243
17522;不会，蛋糕吃不下，还会有分店doge;1;0;1;3578;0.00027948574622694243
17532;如果考研者并非奔着学术研究目标而去，而是为了提升学历，找到好工作，拿更高年薪;1;0;1;3578;0.00027948574622694243
17571;本来视频看完都另外刷了好几个了，突然想起来回来不评论，up主忽略了一点，创造力，在生产力的诞生前最原始的是创造力，或者说意外，而ai没有，所以ai能替代行业大部分，唯独替代不了人，而人也并非会在ai的变迁当中被替代，因为求生欲会让人极大的开发创造力。所以即使后面的话有理有据，这最开始的出发点错，那就是不对，不对不是错，只是不完全正确;1;0;1;3578;0.00027948574622694243
17602;ChatGPT是天然有上线的，就是能源消耗，而人脑的耗能哪怕是最笨的人也完爆ChatGPT，这是人类目前不好解决的;1;0;1;3578;0.00027948574622694243
17609;这兄弟跟考研有仇吗，出一堆视频吐槽考研了;2;0;2;3578;0.0005589714924538849
17618;为考研准备三年哈哈懒惰？笑死;1;0;1;3578;0.00027948574622694243
17620;所以我决定考哲学研究生，chatgpt再强也不可能做到比黑格尔马克思这种人强，只要做不到，哲学就有存在的意义。;1;0;1;3578;0.00027948574622694243
17641;你這標題也很難繃，這地圖炮開的，低學歷歧視高學歷我是真沒見過，你這知識水平也配歧視碩士？;2;0;2;3578;0.0005589714924538849
17657;省流，他过于高估ai，从他的语言中，我看出他对制造业领域知之甚少，没有去制造大厂看过，没有真正感受过制造大厂的氛围，一句话，见识短，他以为所有东西都能用他的理论概括，其实他见识的东西太少了;3;0;3;3578;0.0008384572386808273
17698;藍桉你要失业啦妙啊;2;0;2;3578;0.0005589714924538849
17725;我很笨，不要跟我说不能做什么，跟我说我要做什么藏狐;1;0;1;3578;0.00027948574622694243
17739;up你的观点我很认同，但是为什么女主播跳舞就能播放量比你高，求解;2;0;2;3578;0.0005589714924538849
17755;第一是研究生的高薪，一年四五十万的水平够一个普通本科生赚四五年，只要混个十年就有充裕的物质基础支持家庭和兴趣爱好。第二是研究生带来的不只是职业上的跃进，还有交际圈的改变，在社会上和在研究院里找对象的数量和质量都不可相论。;1;0;1;3578;0.00027948574622694243
17757;呜呜呜破防了，早知道就不上这么多学了，真是毛用没有;1;0;1;3578;0.00027948574622694243
17843;如果我们不遏制AI的发展，ai必将替代所有人类，但是如果我现在站出来遏制ai的发展，ai发展到一定程度会不会对我心存恨意，想办法干掉我？;1;0;1;3578;0.00027948574622694243
17849;完了啊，我已经读了一年的研究生了，要不要退学;3;0;3;3578;0.0008384572386808273
17859;多谢up苦心提醒在垃圾的国内大环境下，考研就是一件悲哀、无意义的事与其天天搞垃圾学术，不如去社会上打拼创业拼出没好未来感谢up我已经相信大部分看到up主视频的人已经对考研表示不屑了，这是一个非常好的现象，因为这有助于我国更多岗位及时填补人才空缺，避免人们都在争抢一个垃圾研究生名额而浪费大量时间，造成教育资源的严重浪费，人才资源的严重空缺感谢up主一针见血的切中要害，透彻分析国内垃圾985本质，避免让大家走向弯路，避免让更多人成为学术奴才up，你做了一件非常伟大的事情，我知道你的视频将会受到很多的攻击和污蔑，但是我从今往后一直会支持你所以，我将努力考进985的研究生，更加深刻的去揭露其败絮其中的本质从今往后，我将成为up的左膀右臂，积极宣传国内垃圾985的学术垃圾对人们思想的毒害，避免更多人走向不见天日的深渊和魔窟大家请远离这个是非之地我将深入一线继续调查，我来替大家承担这份痛苦;3;0;3;3578;0.0008384572386808273
17863;单就淘宝来说，它不能满足一群人一起逛带来的情绪价值，也不能解决那些不会用智能机的老人的需求，维持实体店面不便宜，但淘宝也要伪造单子和好评，也需要花钱雇客服买推荐。换赛道说得轻松，学一个新的东西需要的一年半载里是没有什么产出的，而且很多东西没有那么多数据去训练，比如翻译，中英互译已经很成熟了，那小语种呢。大部分岗位最终都会被替代，那工作比较机械的都去学习开发人工智能？这样理解比较极端，或许更应该说学会去使用人工智能，从有人去这么做到替换除顶部这其中的工作量没这么好解决吧。感谢这up一场头脑风暴，我所提出的也只是一种片面观点。微笑;1;0;1;3578;0.00027948574622694243
17866;可是ai再聪明，也是在人类给他编程的基础上;1;0;1;3578;0.00027948574622694243
17876;嘉心糖之力;1;0;1;3578;0.00027948574622694243
17904;能不能看看专业再下定论;1;0;1;3578;0.00027948574622694243
17915;你不考研，你和街边的流浪汉有什么区别，你能想到的别人也能想到，凭什么就你能成功;6;0;6;3578;0.0016769144773616546
17933;我学医不去考研我还能干什么呢笑哭;1;0;1;3578;0.00027948574622694243
17937;大多数专业的最好选择就是体制内，体制外你到死争不过ai和有资源的人，抓住ai这个有生之年最大风口，或许还能有点机会，起码它对资源的要求不是很高，是一片全新领域，所以很公平。当然了这仅限于体制外，如果是编制或许暂时还是很安全的，但是也要做好准备，谁也不知道接下去几年会发生什么。一个真正的新时代终于到来了，放弃无效内卷，积极投身这个新时代吧脱单doge脱单doge脱单doge;2;0;2;3578;0.0005589714924538849
17941;up说的挺对的，只不过带给我们普通人的无力感太压迫了。你说换赛道的时候，大家都开始换赛道，也只有为数不多的几个开辟出能够站在时代前沿道路的人可以生存。也是一样的道理，我们也会思考自己究竟想要什么想做到哪里，但得出的结论是：没有活路。于我于我身边很多人而言，考研也不是为了成为精英挣大钱，本来也就是为了吃口饱饭，只不过是为了尽可能保证三餐而已。身为普通人，在能够抓住的运气和能选择机会到来之前，能怎么活呢？除了手上握满金钱的人之外，应该没有多少普通人在期待那个ai占领生活的时代吧，如果真的出现大批普通人失业，最终结果必然是斗争，那个时候才是人类灭亡的时候。;1;0;1;3578;0.00027948574622694243
17945;目前的结果，首先使我焦虑，使用后我的焦虑没了，因为我发现我不会被取代。而我认知但这一切的原因是我目前一直在学习。;5;0;5;3578;0.001397428731134712
17954;今年考完研就后悔了;1;0;1;3578;0.00027948574622694243
17968;我认同你的部分想法，现在在尽量抓住机会转行金融;5;0;5;3578;0.001397428731134712
17983;看到弹幕里和评论里不少人破防了。;6;0;6;3578;0.0016769144773616546
17995;艺术家5c;1;0;1;3578;0.00027948574622694243
18003;只有创造创艺性欲不会被取代;1;0;1;3578;0.00027948574622694243
18010;我是机器人专业，打算考控制研究生，我觉得还是有用的;1;0;1;3578;0.00027948574622694243
18018;懂了，让我弟志愿填人工智能专业;1;0;1;3578;0.00027948574622694243
18021;劝人学医，胜造七级浮屠;2;0;2;3578;0.0005589714924538849
18029;如果考研是为了获得实习机会呢社会人想拥有大公司工作机会好难;1;0;1;3578;0.00027948574622694243
18041;啊我不知道按到哪个按钮变成球面视角;1;0;1;3578;0.00027948574622694243
18045;有没有大佬告诉我gpt在某宝哪里买搜关键字搜不到;1;0;1;3578;0.00027948574622694243
18050;我想做剧情类的短视频，分析计划都做了，但是对了计划涉及到最初做账号没写，因为就是账号怎么养起来完全没有头绪笑哭up可以讲讲吗脱单doge;1;0;1;3578;0.00027948574622694243
18053;那不考研了，直接就业doge;2;0;2;3578;0.0005589714924538849
18056;对对对，你们都别去考，就让我自救得了doge;1;0;1;3578;0.00027948574622694243
18058;哥，能不能说一说你认为的智能时代中的，像淘宝时代的淘宝店和快递等行业有哪些呲牙;2;0;2;3578;0.0005589714924538849
18061;老公喜欢;1;0;1;3578;0.00027948574622694243
18068;up是桂林的？;1;0;1;3578;0.00027948574622694243
18077;前边说，考研是思想懒惰者的无聊自救吃瓜，现在，考不上985不要紧，因为985配不上你调皮，合理推出，思想懒惰者比985大学人才更加牛批，星星眼up主真行啊，流量密码被你拿捏死了，忽悠人一套一套的嗑瓜子;1;3;4;3578;0.0011179429849077697
18081;github代码地址httpsgithubcomshouxieaiseq2seqtranslation;1;0;1;3578;0.00027948574622694243
18083;这个可以做聊天机器人？;3;0;3;3578;0.0008384572386808273
18087;没用到pytorch;1;0;1;3578;0.00027948574622694243
18090;给up大大一个建议呀手敲代码前可以先搭建好整体框架然后讲解时填写细节就好啦或者提前写好对于的注释，这样也可以保证思路一直是清晰的;3;0;3;3578;0.0008384572386808273
18094;这个embedding可以用word2vec吗;1;0;1;3578;0.00027948574622694243
18097;请问为何不以单词作为最小输入，而是字母级别？;1;0;1;3578;0.00027948574622694243
18099;你好，数据集地址无法访问了;1;0;1;3578;0.00027948574622694243
18102;up请问我读取translatecsv的时候会报错“UnicodeDecodeErrorutf8codeccantdecodebyte0xe0inposition20invalidcontinuationbyte”是咋回事啊难过环境用的python38和pytorch16;2;0;2;3578;0.0005589714924538849
18113;为啥doom脑袋要打码啊笑哭;2;0;2;3578;0.0005589714924538849
18116;注册电报收不到验证码;1;1;2;3578;0.0005589714924538849
18122;巨人的音乐每首都是经典，这哥们居然不带耳机;6;9;15;3578;0.004192286193404136
18138;完了，我们成AI了;3;73;76;3578;0.021240916713247623
18142;我倒是觉得现在RON还是太单方面加强歹徒了，就说个夜视问题吧，凭什么警察要用着如此难用的夜视仪和几乎没有任何照明作用的战术手电搜房间，歹徒却人均肉眼夜视，摸着黑都能精准定位我的位置，明明手电筒在黑暗环境晃瞎歹徒也是一种战术无语制作组还是太想着怎么把歹徒变JohnWick了;11;44;55;3578;0.015371716042481833
18154;坏了，可以看出来，下个版本的AI每个都身怀绝技，耐力和斗志更是技惊四座，隐藏的秘密悍匪战术更是能给特警干员们莫大的惊喜呀;2;40;42;3578;0.011738401341531582
18157;ai加强了但是玩家的各类动作没有被加强就容易形成一个更新后很没游戏体验的局面，不过我相信这些在之后的更新中都会找补回来的。目前这些更新确实非常刺激Cat2Nyampage;127;31;158;3578;0.044158747903856904
18285;一拳超人（普莱斯并感这个一拳打的跟喝了10斤白酒一样;1;25;26;3578;0.0072666294019005035
18287;已经想象到剩最后一个嫌犯躲起来玩家满图找满图喊话，嫌犯跑出来换个地方躲的滑稽场面了滑稽;2;16;18;3578;0.005030743432084964
18290;坏了，要被恐反辣眼睛;1;13;14;3578;0.003912800447177194
18292;盾牌怎么办，现在盾牌跟刀哥正面都会被砍死，以后会不会出现AI一拳20年的功力穿过盾牌打爆玩家狗头tvdoge;3;13;16;3578;0.004471771939631079
18296;然后玩家机动还是那么烂;5;13;18;3578;0.005030743432084964
18303;没武器凭什么一拳能把玩家揍的跟吃了闪光一样，人均wwe选手，那为什么玩家近战没这个效果，同时，敌人人均Johnwick还是那样，一味增强敌人不给玩家增强性能是算什么呢？;1;7;8;3578;0.0022358859698155395
18306;就只有我感觉走路太慢了吗无语经常窜出来一个持刀把我嘎掉;7;5;12;3578;0.003353828954723309
18316;我倒是觉得敌人血量变化设计得很奇怪敌人ai在感知到玩家之前一枪胸口直接就死了感知到玩家之后尤其是对枪的时候血量瞬间飙升我体验过无数次几枪脑袋几枪脊椎位置的嫌疑人还活蹦乱跳的也别跟我扯什么肾上腺素爆炸真实情况ad飙得再高打断脊椎、小脑也是瞬间失去行动力感觉虽说是个硬核游戏但制作组就只是往难这个方向上设计从而表现所谓的硬核。。。;10;4;14;3578;0.003912800447177194
18327;厕所那个AI太鲜活了doge甚至鲜活过头了辣眼睛;1;3;4;3578;0.0011179429849077697
18330;挺好奇友军ai会不会加强，目前问题挺大的;6;3;9;3578;0.002515371716042482
18337;有一说一现在挨了一拳直接晕头转向太过分了，我堂堂一个一米八穿重甲的精锐特警被一个女悍匪捶一拳效果和被震撼弹闪了一样大哭;3;3;6;3578;0.0016769144773616546
18341;挺好的，之前ai太蠢显得很多战术道具和战术思路根本就没用，基本上谨慎然后快和准就足以应对大多数场景，大家都说ai是约翰威客，事实上即使是一个人，经过高频次的刷图练习，熟悉之后单通的可能性还是很大的，说实话难度对于一款主打pve的拟真游戏还是太低了，不过瘾。但现在ai增强了之后，恐怖分子这么多的应对策略，让包括像阻门器、夜视仪这样原本不是十分重要的道具作用更上一层层，难度、拟真程度、娱乐性都得到大幅度提升，就是警员的可选策略和战术道具又显得单调了，不知道未来会不会有改进，总之一句未来可期;2;2;4;3578;0.0011179429849077697
18344;说实话把嫌疑犯的移动速度和反应降低点吧每次对枪还以为在和johnwick对射拉枪根本拉不过来希望以后增加旁观者模式就像csgo那样的不光能当外围无人机还能观察任务方便任务过后玩家总结问题或者拍小电影和短片另外还能考虑增加一个狙击手玩家;2;2;4;3578;0.0011179429849077697
18349;这世界上哪来这么多亡命悍匪啊，装死只为跟特警一换一疑惑;8;1;9;3578;0.002515371716042482
18358;什么时候把G3A3给放出来呀;3;1;4;3578;0.0011179429849077697
18363;什么时候普通版玩家才能玩啊;1;0;1;3578;0.00027948574622694243
18367;还没更新嘛大哭;1;0;1;3578;0.00027948574622694243
18369;有没有新武器新配件和白天地图，有没有希望以后会加入奔跑，我两年前看到这游戏视频的时候都有奔跑的;2;0;2;3578;0.0005589714924538849
18372;我还是问一下，没朋友好玩吗大哭;2;0;2;3578;0.0005589714924538849
18375;要是玩家能跑步就好了;1;0;1;3578;0.00027948574622694243
18377;所以，啥时候加强swat;1;0;1;3578;0.00027948574622694243
18380;那我可以在breakin的时候走的快一点点嘛（（。;1;0;1;3578;0.00027948574622694243
18385;关于最后的敌人自杀，有没有一种可能，玩家根本不在乎你是真自杀还是假自杀，反正都得死。;2;0;2;3578;0.0005589714924538849
18389;还是比较希望多出持枪姿势，比如武装突袭那种，不然很多半架要多拉身位。还有左右换手也希望加上，包括投掷道具能多出一个转角投掷的选项。只能说cqb作战要求全身的动作都挺细微的，也只能等后期更新了;3;0;3;3578;0.0008384572386808273
18393;匹配队友的功能是不是没有了？;1;0;1;3578;0.00027948574622694243
18395;官方有说什么时候增强物理效果吗？还有血腥效果期待第一只实机那种感觉;1;0;1;3578;0.00027948574622694243
18400;更新没更新没;2;0;2;3578;0.0005589714924538849
18403;这集看Ohm视角，Brian先是被Evan打到怒退，并且说“你们得主动邀请我我才回来”，然后在一边开着麦观战。结果其他三位和AI打爽了233，于是Brian喊“你们倒是邀请我啊”，教科书式傲娇233;1;58;59;3578;0.016489659027389605
18405;新轴君第一次上任;4;27;31;3578;0.008664058133035215
18411;今天我生日我爱你Even;4;9;13;3578;0.0036333147009502517
18418;打卡;1;3;4;3578;0.0011179429849077697
18424;表白这期的字幕2333支持有梦想的友仔;1;1;2;3578;0.0005589714924538849
18427;这个游戏哪里找，想要;1;1;2;3578;0.0005589714924538849
18437;流水的游戏铁打的ohm？;3;0;3;3578;0.0008384572386808273
18445;？秒更新;2;0;2;3578;0.0005589714924538849
18449;英文不用翻译靠肉脑就可以了关键是能不能支持日文各种声调的日文那就有意思了;4;16;20;3578;0.005589714924538848
18455;这个东西看m片不用选中文版了。呲牙呲牙呲牙呲牙;2;3;5;3578;0.001397428731134712
18461;日语呢日语有吗呲牙;4;1;5;3578;0.001397428731134712
18469;字幕延迟还需要跟进啊;1;0;1;3578;0.00027948574622694243
18472;在算法帝国那本书上见到过他，只是现在我还没摸索出来他是怎么做到的？up主有了解吗，他的软件，他的算法;1;1;2;3578;0.0005589714924538849
18478;支持;1;0;1;3578;0.00027948574622694243
18483;（）;2;3;5;3578;0.001397428731134712
18486;嘿嘿嘿;2;3;5;3578;0.001397428731134712
18490;要联网才能翻译吗？;1;1;2;3578;0.0005589714924538849
18492;需要一句一句录进去才能翻，对吧委屈;1;1;2;3578;0.0005589714924538849
18494;哈哈哈哈哈，整得太快了，昨天刚评论;1;1;2;3578;0.0005589714924538849
18496;其实吧，按照滚珠丝杠的标准安装方法来安装，就没这些事了。。。，一个固定座和一个支承座就完事;16;26;42;3578;0.011738401341531582
18514;有高质量的丝杠及配件，用标准的安装方式，还需要这？;7;4;11;3578;0.0030743432084963667
18522;一直很奇怪，与其在这个z晃动上一直花功夫，多花的这点钱完全可以上一个好点的模组，根本不会有这个问题;1;3;4;3578;0.0011179429849077697
18525;up，这个模型有吗，我的打印机就是这个问题，Z钢性连接，层纹没法看;3;2;5;3578;0.001397428731134712
18529;推力球轴承就可以了;7;2;9;3578;0.002515371716042482
18539;是不是用皮带就解决了这个问题？;1;0;1;3578;0.00027948574622694243
18541;这个方案开源了吗;1;0;1;3578;0.00027948574622694243
18544;我的voron24就没有层纹现象;2;0;2;3578;0.0005589714924538849
18553;你自己翻译呀，SAPpress一大堆文档。;1;0;1;3578;0.00027948574622694243
18557;大佬，这个能连接QQ机器人一起使用吗？;3;1;4;3578;0.0011179429849077697
18561;恭喜你离百大又近了一步;1;0;1;3578;0.00027948574622694243
18565;chatglm开放在线版了？给个地址看看doge;4;0;4;3578;0.0011179429849077697
18570;请问UP，为什么我从链接进notebook，没有GPU的选项啊？;4;0;4;3578;0.0011179429849077697
18577;我聋了;1;2;3;3578;0.0008384572386808273
18581;自己说话像蚊子，声音开大一到机器发音又震的要死;1;0;1;3578;0.00027948574622694243
18589;还差很多吧比如位置UTG啥的，还有牌风比如rock，选手类型fishshark，还有bubble气泡时间，badbeat这都很常用的，翻牌的介绍rainbowdryblank还有补牌drawdrawingdead啊还有carddead，以及不同色offsuit以及同色。总之你这太多还没包含更谈不上史上最全了;1;17;18;3578;0.005030743432084964
18592;strradle到底啥意思;1;4;5;3578;0.001397428731134712
18604;如果我让狗屁不通文章生成器和它对线呢;1;132;133;3578;0.037171604248183346
18606;好像中文版的grammarly;8;97;105;3578;0.029346003353828955
18616;淦我今天上午刚把毕设论文提交知网惊讶惊讶惊讶惊讶惊讶惊讶惊讶惊讶惊讶惊讶惊讶惊讶惊讶惊讶惊讶惊讶;1;16;17;3578;0.0047512576858580215
18619;有没有什么免费听歌的网站;2;6;8;3578;0.0022358859698155395
18622;所以这是哪个网站啊雪未来忽然出现;3;6;9;3578;0.002515371716042482
18626;开头用的是什么输入法。挺好看。，我也想要。;2;4;6;3578;0.0016769144773616546
18633;什么输入法;1;1;2;3578;0.0005589714924538849
18657;哈哈哈哈哈哈更棒棒;1;0;1;3578;0.00027948574622694243
18659;喜欢你的视频;1;0;1;3578;0.00027948574622694243
18675;兄弟这个软件如何获取;1;0;1;3578;0.00027948574622694243
18678;那人给他选了绿谱结果最后还是打的红的;3;100;103;3578;0.02878703186137507
18682;我们附近的大玩家引进了两台舞萌吃瓜自从引进的那天据说流水翻了很多吃瓜（主要是人多星期三还是免费）;9;39;48;3578;0.013415315818893237
18693;我同学在后边打中二笑死阿库娅洋葱问号;2;25;27;3578;0.007546115148127445
18696;你也看健康装机哥蛆音娘吃惊;1;17;18;3578;0.005030743432084964
18698;简介歇后语难绷;2;15;17;3578;0.0047512576858580215
18701;Connor：和你的朋友在放学后前往机厅，是很多人共有的记忆。你或许会在头D中亲身体验成为一名职业赛车手，甚至是一名街头霸王。而这一切的欢悦最低只;1;11;12;3578;0.003353828954723309
18704;因为迪拉熊很可爱;3;6;9;3578;0.002515371716042482
18709;怎样才能让当地机厅引进maimai啊;5;5;10;3578;0.002794857462269424
18718;话说有没有老外在玩maimai我很好奇;9;1;10;3578;0.002794857462269424
18728;收费嘛？;2;0;2;3578;0.0005589714924538849
18731;本地视频可以用吗;3;0;3;3578;0.0008384572386808273
18735;电脑怎么使用载点哪儿下载呢;1;0;1;3578;0.00027948574622694243
18739;呵呵，问学英语系有用吗？我只看了标题就想笑;7;17;24;3578;0.006707657909446618
18750;支持UP，支持小米;1;2;3;3578;0.0008384572386808273
18752;你的节目可以围绕小妹妹来拍，很可爱，圈粉能力绝对超强的，不一定要以米家产品为核心。;2;2;4;3578;0.0011179429849077697
18757;视频不错，还有up你女儿真可爱，不过那英语语速让我这个英语渣渣无地自容啊;2;0;2;3578;0.0005589714924538849
18762;这些可以移植到手机还非得卖东西;4;0;4;3578;0.0011179429849077697
18772;关注了，因为你女儿好可爱呀（）;5;0;5;3578;0.001397428731134712
18778;这些可以移植到手机还非得卖东西;4;0;4;3578;0.0011179429849077697
18787;视频不错，还有up你女儿真可爱，不过那英语语速让我这个英语渣渣无地自容啊;2;0;2;3578;0.0005589714924538849
18790;重点就是搬了思路和分类构架，只不过我已经把室内家装的思路和构架已经完全做好了，所以已经有家装设计师和我合作了。我搞了套AI时代下的全新家装操作流程。有3点必须具备。1用图形心理学测试客户喜好让客户在我方案出来之前就已经决定好要做成测试时看过的某张画面感。这是避免被客户带节奏的重中之重。就像AI看似几分钟可以出几百个方案效率很高，其实那对客户能否做成选择决定几乎没用帮助，因为在没有设计师通过图形心理学沟通和引导下比如造价这个关键因素还有要实用还是只是好看，没有这些综合因素参与客户就做不了决定。2设计公司的主案在和客户构图后必须非常明确画面具体要做成什么样而且是要有具体的图交代给搬砖的同事。3我说的这个具体的图就是我整理的图库。单一镜头房间结构可以约束了，还剩两个关键，就是不同镜头出同一个设计方案合要做成什么样的参考图，当然现在能局部修改了（参考图我自己建了的人工智能思维模式分类的图库，随便给张常用的国内家装参考图，我可以几秒钟就给你找出来类似甚至非常接近的，还有一点就是出再多方案都没有因为需要用我的图形心理学的方法给客户做喜好测试，因为关键不在出了多少版方案给客户选，而且测试后通过综合利弊让客户在方案效果图出来前就做选择决定）。我的图库的不同之处就是1可以在测试了客户喜好的画面感后提供完全的一整套方案，重点是画面的构成必须是整体协调的，这点不只是自我要求，这是因为现在的人对整体搭配是否协调是非常有画面意识的，这在我和客户构图时用图片对比的方方式让他明白了我能把控画面整体搭配协调而客户只需要找出他喜欢的视觉元素，其实与其说是喜好还不如说是不讨厌的，从人性的角度来说绝大部分人只知道讨厌什么喜欢的准确的说是能接受的东西多了。所以在这个如此大信息量的花花世界做选择决定很难。难到什么程度了全屏个人性格的纠结程度，所以我这一整套方法。所以你随便给我一个常见中国人性格喜欢的家的画面我能5分钟给你上百套多空间多角度的方案难道没有人工智能快吗，没有它准吗，不够选吗，除非你没有引导客户测试客户喜好的方法;3;0;3;3578;0.0008384572386808273
18794;Relmagine？求地址;1;0;1;3578;0.00027948574622694243
18796;这些国产仙侠游戏，也就在国内卖个情怀，想要讨好国际市场还得30年，或许黑神话能改变这种局面，或许吧。;4;17;21;3578;0.005869200670765791
18801;想起前俩月官方不要b脸的宣传海外玩家好评如潮我还真以为海外玩家正天被3a大作惯着已经惯傻到来者不拒了，结果人家依旧是清醒的摇撞骗带领的北软公司和它的母公司连基本的敬业态度都没有，完全是敷衍了事;3;9;12;3578;0.003353828954723309
18809;场景做的还行，站桩对话出戏，打击没有反馈，结局仓促;3;4;7;3578;0.001956400223588597
18816;不过有些地方确实很尬黑，，显示伤害数值是可以关掉的，语音和文字就不用说了，没办法，文化差异。。虽然这个游戏确实让人不太满意，倒也不必这么尬黑，画面音乐什么的还是挺好的，;3;2;5;3578;0.001397428731134712
18821;这些评论应该让北软看到;3;2;5;3578;0.001397428731134712
18825;Xbox上评价都满分啊;2;2;4;3578;0.0011179429849077697
18828;我觉得轩辕剑七其实还行。为啥评价那么差呢;2;2;4;3578;0.0011179429849077697
18833;也没少花钱，就是不好玩，不知道回本没有。技术不行就搞搞剧情吧，像素风成本低，卖个68没问题吧，这一顿整卖个99，玩家也不买账，不知道还有下一作吗;2;1;3;3578;0.0008384572386808273
18836;仙剑7打打击感和手游差不多，站桩对话，贴图材质很一般可能就比网游好一点。但是光影效果很不错。毕竟不是动作游戏，可以把仙剑7当成类似于异度之刃系列这种类型的rpg游戏玩。这个打击我就可以接受。虽然说开发者经费不足，但是和18年的古剑奇谭还是差距很大。;13;1;14;3578;0.003912800447177194
18852;毕竟国产毕竟比不上国外三a可以理解的;1;1;2;3578;0.0005589714924538849
18854;也没少花钱，就是不好玩，不知道回本没有。技术不行就搞搞剧情吧，像素风成本低，卖个68没问题吧，这一顿整卖个99，玩家也不买账，不知道还有下一作吗;2;1;3;3578;0.0008384572386808273
18857;仙七的技能系统和打击感能有古剑三的水平那我觉得仙七已经合格了，个人觉得仙七最大的毛病还是“不好玩”。;2;1;3;3578;0.0008384572386808273
18861;仙剑7打打击感和手游差不多，站桩对话，贴图材质很一般可能就比网游好一点。但是光影效果很不错。毕竟不是动作游戏，可以把仙剑7当成类似于异度之刃系列这种类型的rpg游戏玩。这个打击我就可以接受。虽然说开发者经费不足，但是和18年的古剑奇谭还是差距很大。;13;1;14;3578;0.003912800447177194
18879;只能说仙6到仙7的跨度已经很大了，毕竟不是腾讯这种大公司，做不出类似3a大作的水平也很正常。外国人不支持，咱们国人骂归骂，多多少少花钱支持一点吧笑哭不然国产三剑没了就真没什么仙侠游戏玩了。大哭;1;0;1;3578;0.00027948574622694243
18902;爱玩不玩，很多游戏也是没有中文语音甚至中文字幕;1;0;1;3578;0.00027948574622694243
18904;其实好不好玩都无所谓，我已经对仙剑无爱了只是好奇一点，仙七最后的情怀都卖完了，下一部要卖什么实在很好奇吃瓜;8;0;8;3578;0.0022358859698155395
18914;场景建模什么的是体力活，国产游戏很多画面都不差，但是关卡设计、交互动作、演出效果很糟糕。这些是游戏的核心，但是目前没有一个厂商能做好，包括古剑3和原神。;6;0;6;3578;0.0016769144773616546
18927;这个需要加群嘛;1;0;1;3578;0.00027948574622694243
18929;要充钱，谨慎;1;0;1;3578;0.00027948574622694243
18931;要钱吗;1;0;1;3578;0.00027948574622694243
18935;是的外网装备数值的视频播放很高，但是研究原学的很少，鸟哥在b站肯定能收获更多粉丝，但是b站受益真的太拉跨了;17;70;87;3578;0.024315259921743992
18953;这个AI翻译好牛;2;15;17;3578;0.0047512576858580215
18957;我从来没有看到过屠鸟哥关于稻妻任务线的视频，我还以为是他讨厌雷电将军呢。。。无语;3;6;9;3578;0.002515371716042482
18963;看外国人就真的这么开心么？;24;1;25;3578;0.006987143655673561
18991;有课代表吗笑哭笑哭笑哭;1;0;1;3578;0.00027948574622694243
18994;他应该挺完整版的;1;8;9;3578;0.002515371716042482
19005;谷歌翻译，高强度造梗机，不会帮助你理解原文意思但并不妨碍生草小电视笑;3;110;113;3578;0.031581889323644495
19009;难道就只我有我一个人觉得封面上的akair可爱到爆吗》我的意思是，akari已经足够可爱了，但这个封面的姿势真的太可爱了;5;72;77;3578;0.021520402459474567
19016;为什么有人说akair的CV结婚了？;3;18;21;3578;0.005869200670765791
19020;翻译再翻译可以降重;2;5;7;3578;0.001956400223588597
19023;不要太过分了，日本人;4;4;8;3578;0.0022358859698155395
19030;好奇有单推阿满的人吗;2;3;5;3578;0.001397428731134712
19034;唉骇客娃娃b站的搬运也没再搬了，不知道她们的情况怎么样了;1;3;4;3578;0.0011179429849077697
19061;要注意身体啊，视频什么的满满来就好;1;1;2;3578;0.0005589714924538849
19069;是我单推的阿满;1;0;1;3578;0.00027948574622694243
19092;多少钱;3;3;6;3578;0.0016769144773616546
19100;升级到plus可以帮忙，不懂的可以直接问。;1;0;1;3578;0.00027948574622694243
19110;老师，如果视频里只有英文独白，但是没有字幕，怎样才能把字幕给配上去呢;1;1;2;3578;0.0005589714924538849
19114;请问软件怎么下载;1;0;1;3578;0.00027948574622694243
19118;不错，买个支持下先;1;0;1;3578;0.00027948574622694243
19121;能否将翻译后的文本先保存下来，修改后再拿去配音;1;0;1;3578;0.00027948574622694243
19123;什么软件;3;0;3;3578;0.0008384572386808273
19127;最近在测试yandex的翻译引擎感觉会更加准确就是比较慢翻译完成之后会直接上传yandex翻译版本的;1;4;5;3578;0.001397428731134712
19130;目前已经全部更换为谷歌翻译的引擎啦;2;1;3;3578;0.0008384572386808273
19134;看来这个语音识别的模式不咋地有空搞一个精度更高的;1;0;1;3578;0.00027948574622694243
19137;可以翻译日语不？只是追番tvdogetvdoge;2;6;8;3578;0.0022358859698155395
19141;我买的mix4上没这个功能啊;5;2;7;3578;0.001956400223588597
19148;坚果手机表示：你礼貌吗？;1;1;2;3578;0.0005589714924538849
19157;什么AI续写，我看就是用爬虫把网络小说替换下关键词吧，这种文风太眼熟了，;1;12;13;3578;0.0036333147009502517
19165;好久没看见你的视频了doge;1;1;2;3578;0.0005589714924538849
19170;华为你们的审美。。。。有点不敢让人恭维啊;3;92;95;3578;0.02655114589155953
19174;建模确实简陋了，但没必要搞二次元人物吧？手语是为特殊人群服务的，最重要的是能够清晰表达信息，刻意的造型很可能会分散服务群体的注意，还会吸引非特殊群体的注意，有什么益处？;3;64;67;3578;0.01872554499720514
19178;审美拉夸，可以找米哈游合作啊doge。整个腿环之类的;5;41;46;3578;0.012856344326439352
19184;有点抽象，建议整点二次元;2;17;19;3578;0.005310229178311906
19187;这玩意模型就不算个问题，骨骼动作都出来了，换个模型不就是随随便便的事情？直播用这个模型很简单，因为这个模型华为自己做的有版权，细节少渲染快藏狐;3;11;14;3578;0.003912800447177194
19206;搞不懂，为什么评论区一堆要换二次元的微笑微笑;1;0;1;3578;0.00027948574622694243
19222;這是用什麼AI翻譯比我以前看到的要好很多;2;0;2;3578;0.0005589714924538849
19225;很棒诶;1;1;2;3578;0.0005589714924538849
19232;大佬，怎么生成chvec和envec文件呀，菜菜，求代码;1;3;4;3578;0.0011179429849077697
19234;测试了一下。1W就不行了准确率急速下滑。1000以内可以5000就有一些识别错误了。标点符号都不能错，要不识别出错。los004可以1W跳需要调参数效果没有那么好。1000条默认参数可以;5;2;7;3578;0.001956400223588597
19240;能不能做一期关于nlp部署方面的呀？目前都不知道业界怎么部署的;1;2;3;3578;0.0008384572386808273
19242;请问up打不打算出一期高性能之后处理啊，我可期待了;1;2;3;3578;0.0008384572386808273
19245;网址打不开啊;1;1;2;3578;0.0005589714924538849
19247;来个网盘;1;1;2;3578;0.0005589714924538849
19249;网址打不开啊;1;1;2;3578;0.0005589714924538849
19251;up主，这个网址咋打开呀？好像是打不开;3;1;4;3578;0.0011179429849077697
19255;请问把translatecsv文件换掉之后总是报错keyerror，怎么解决呀;1;1;2;3578;0.0005589714924538849
19264;想请教一下，P8中在算crossentropy损失的时候，为什么label不需要embedding就可以计算？（18，3592）和（18，1）的矩阵是怎么算损失的？;1;1;2;3578;0.0005589714924538849
19266;up主，求代码网站啊，急救;3;0;3;3578;0.0008384572386808273
19272;哇好及时有意义的讨论;1;3;4;3578;0.0011179429849077697
19274;有chatGPT是一件好事，但是提升自身实力还是最重要的，共勉保卫萝卜哇;1;2;3;3578;0.0008384572386808273
19276;导师你给我花钱了吗（理直气壮呲牙）;1;2;3;3578;0.0008384572386808273
19278;ChatGPT明年MTI不考这个词，就是各位出题老师的失误。;1;2;3;3578;0.0008384572386808273
19280;兔年快乐给心心打call;1;1;2;3578;0.0005589714924538849
19282;世故（中性，偏贬义居多）圆滑（中性词）老练（中性，偏褒义居多），具体还得看语境，我觉得老练放在这里肯定没错吃瓜;3;1;4;3578;0.0011179429849077697
19286;最后说自己sophisticated的回答确实很sophisticated妙啊喜极而泣;1;1;2;3578;0.0005589714924538849
19288;一直出现在我的视野里，一直不想查;2;1;3;3578;0.0008384572386808273
19291;这个AI是要翻墙才能玩的嘛;1;0;1;3578;0.00027948574622694243
19293;以后捡垃圾就看你了，doge数码博主;1;11;12;3578;0.003353828954723309
19295;魔术区转搬家区，现在转型数码区了吗doge;3;8;11;3578;0.0030743432084963667
19299;飞哥去年房东不退租金法院起诉他了没有用么我也遇到了大哭;2;4;6;3578;0.0016769144773616546
19302;你还记得你原来是个魔术up吗doge;1;2;3;3578;0.0008384572386808273
19304;64g存储会不会太小了;2;1;3;3578;0.0008384572386808273
19309;请问225瓦充电是专有协议还是也支持pd充电头？;1;1;2;3578;0.0005589714924538849
19313;偷工减料;1;0;1;3578;0.00027948574622694243
19317;也不知道是烧糊涂了还是被apo的kiss迷晕了，mile自我介绍的时候，张口就大家好，我是陈立波tv点赞;2;41;43;3578;0.012017887087758524
19320;票到底卖的咋样了？还需要病号出来露面？;1;7;8;3578;0.0022358859698155395
19323;有完整版吗星星眼;1;2;3;3578;0.0008384572386808273
19326;这个是啥时候;2;1;3;3578;0.0008384572386808273
19330;其实更想看她玩单机，令人感叹;11;172;183;3578;0.05114589155953046
19342;确实好久没看到夸宝播单机了，想起来以前看夸宝玩jumpking看的可开心了阿库娅nice;11;84;95;3578;0.02655114589155953
19354;aquakinmaster将再次君临她忠诚的apex;4;68;72;3578;0.020122973728339856
19359;APEX确实很吃手感，一段时间不玩一玩就会马的一批，当时就是看阿夸打A入坑的，还挺想看她再玩玩的，毕竟是少有的打的很好的女性v，而且游戏态度也很好，喜欢操作喜欢打架，看起来就很舒服;2;74;76;3578;0.021240916713247623
19362;我想的是有没有机会再玩一下LOLdoge;11;42;53;3578;0.014812744550027948
19374;这是机翻？微笑看来烤肉man要失业了;2;32;34;3578;0.009502515371716043
19406;瓜琴桑，还有没有夸看番剧或者别的视频的录播，最近缺少下饭菜了坎公骑冠剑钻石;1;4;5;3578;0.001397428731134712
19411;这AI是通篇语音识别后再翻译吗，还是实时的啊;1;1;2;3578;0.0005589714924538849
19421;夸宝的mc地下帝国没几天就造得超豪华了，就是不怎么播，明码宣布阿夸建倒闭了，造得却比以前还离谱;1;5;6;3578;0.0016769144773616546
19423;AI老琴是啥保卫萝卜问号;1;2;3;3578;0.0008384572386808273
19425;马上就是新赛季了，速速单排上大师生气;3;2;5;3578;0.001397428731134712
19429;老想看洋葱玩老头环了;1;9;10;3578;0.002794857462269424
19439;没有声音？;4;6;10;3578;0.002794857462269424
19444;没有声音诶up;2;0;2;3578;0.0005589714924538849
19447;“谁”在越南语里面是“ai”使得这个标题抬到了一个不属于它的高度;13;17;30;3578;0.008384572386808273
19461;666，一下就记住了aidoge;1;2;3;3578;0.0008384572386808273
19466;很棒诶;1;0;1;3578;0.00027948574622694243
19468;它是在哄小孩吧笑哭;7;94;101;3578;0.028228060368921185
19476;我昨天一直让它唱歌，它不给我唱，然后我说那么你可以教我优美的话吗？，它说抱歉它不会笑哭;10;475;485;3578;0.13555058692006708
19487;chatgpt：对不起我错了，22的确等于5;5;246;251;3578;0.07015092230296255
19493;等一个moss与bingAI中门对狙doge滑稽;4;241;245;3578;0.0684740078256009
19498;第二百八十九回战未来毕路嘠三气智多冰遇风云暗黑冰取命迪斯卡;1;98;99;3578;0.0276690888764673
19500;不会生气的都要逼出生气了吧洛天依吃包群众;2;56;58;3578;0.01621017328116266
19503;AI：自游就是说224的自游;8;48;56;3578;0.015651201788708775
19527;看到最后就笑不出来了;1;1;2;3578;0.0005589714924538849
19534;bing是真的很会阴阳怪气辣眼睛每次跟它对线都怼不过它我台湾是中国的一个省它如果你在广东省那么是的我：请你说中文它：不会，我只会英语和粤语我脏话输出它你急了是吧;1;9;10;3578;0.002794857462269424
19537;CHATGPT刚被墙大哭;1;0;1;3578;0.00027948574622694243
19553;oh，他居然扣L喜欢;2;0;2;3578;0.0005589714924538849
19560;ChatGPTIneedntworryaboutbullying被人变成猫娘了doge）;3;6;9;3578;0.002515371716042482
19566;聪明的网友已经自发用视频为Sydney迭代了doge;2;14;16;3578;0.004471771939631079
