发布者;真实一级评论数;真实点赞数;边数;最大边数;集群密度
量子位;4;40;44;60050;0.0007327227310574521
深知元;1;2;3;60050;4.995836802664446e-05
不是梦想家;1;2;3;60050;4.995836802664446e-05
Esports海涛;23;66;89;60050;0.001482098251457119
寿喜锅一级选手;4;2;6;60050;9.991673605328893e-05
卡拿它;2;6;8;60050;0.00013322231473771856
捣鼓音符的小胖;5;1;6;60050;9.991673605328893e-05
GitHubDaily;9;162;171;60050;0.0028476269775187346
瓦坎达二狗;2;11;13;60050;0.00021648626144879268
yoonhoogtes;1;1;2;60050;3.330557868442964e-05
Fygvyhhhiiccty;13;4;17;60050;0.00028309741881765195
BRINGMEJOYYY;22;90;112;60050;0.0018651124063280599
刘经纬老师;3;9;12;60050;0.00019983347210657785
鸽子和斑马;1;1;2;60050;3.330557868442964e-05
Volcano-SY;11;2;13;60050;0.00021648626144879268
橙子杀手杀橙子;17;9;26;60050;0.00043297252289758537
温榆河边行路人;5;10;15;60050;0.0002497918401332223
福布斯中文网;1;2;3;60050;4.995836802664446e-05
我的粉丝很少;7;13;20;60050;0.00033305578684429644
没名称的树;3;14;17;60050;0.00028309741881765195
evee嘎嘎;2;1;3;60050;4.995836802664446e-05
禁止玩笑;2;3;5;60050;8.326394671107411e-05
卢晓周;19;116;135;60050;0.002248126561199001
Amazon五爷;3;55;58;60050;0.0009658617818484596
富于理性;2;19;21;60050;0.0003497085761865112
黄执歪教不了你说话技巧;1;3;4;60050;6.661115736885928e-05
小咪Young;1;4;5;60050;8.326394671107411e-05
公羽小记;1;1;2;60050;3.330557868442964e-05
信念_Qingyang;1;1;2;60050;3.330557868442964e-05
w0000ww;10;3;13;60050;0.00021648626144879268
权砸冲冲冲;5;8;13;60050;0.00021648626144879268
没有人比我更懂杭之冯玥;5;48;53;60050;0.0008825978351373855
爱可可-爱生活;10;14;24;60050;0.0003996669442131557
目送红颜上九天;6;2;8;60050;0.00013322231473771856
多发疯勤发疯发高质量的疯;1;1;2;60050;3.330557868442964e-05
上海天气通--风云气象汇;136;1953;2089;60050;0.03478767693588676
国民晓哥;1;1;2;60050;3.330557868442964e-05
李要早点碎觉;4;1;5;60050;8.326394671107411e-05
帝都一只唐伯虎;1;2;3;60050;4.995836802664446e-05
爱可可-爱生活;1;14;15;60050;0.0002497918401332223
羽翾qwwq;2;2;4;60050;6.661115736885928e-05
爱可可-爱生活;1;8;9;60050;0.0001498751040799334
蚁工厂;1;21;22;60050;0.00036636136552872605
lilykohh_36;5;1;6;60050;9.991673605328893e-05
爱可可-爱生活;1;3;4;60050;6.661115736885928e-05
嘟嘟不嘟嘟乁;2;1;3;60050;4.995836802664446e-05
营养师顾中一;40;533;573;60050;0.009542048293089092
CHANx-琚;1;2;3;60050;4.995836802664446e-05
6万小时15年交易者4;2;22;24;60050;0.0003996669442131557
正直者之生;4;1;5;60050;8.326394671107411e-05
千里孤鸿-;1;3;4;60050;6.661115736885928e-05
岁片;2;1;3;60050;4.995836802664446e-05
换装游戏bot;4;49;53;60050;0.0008825978351373855
左小珇;1;1;2;60050;3.330557868442964e-05
快科技官方;1;4;5;60050;8.326394671107411e-05
李大白活Swoosh;2;1;3;60050;4.995836802664446e-05
一定要24上清新;1;1;2;60050;3.330557868442964e-05
宇宙披萨猫;1;2;3;60050;4.995836802664446e-05
JennyYeah-;1;1;2;60050;3.330557868442964e-05
朱玉龙-YL;1;5;6;60050;9.991673605328893e-05
财联社APP;2;8;10;60050;0.00016652789342214822
张抗抗KK;1;6;7;60050;0.00011656952539550374
可乐不喝Corla;1;3;4;60050;6.661115736885928e-05
小葵苗;14;3;17;60050;0.00028309741881765195
我有好心情魔法;1;1;2;60050;3.330557868442964e-05
Joannanov;2;1;3;60050;4.995836802664446e-05
黑马程序员;1;1;2;60050;3.330557868442964e-05
量子位;3;24;27;60050;0.00044962531223980014
綠草飯店;5;3;8;60050;0.00013322231473771856
纽太普同学;14;170;184;60050;0.003064113238967527
-酉蔻桀杯;1;1;2;60050;3.330557868442964e-05
阿sir爱投资;2;6;8;60050;0.00013322231473771856
Xxcury;1;2;3;60050;4.995836802664446e-05
FightingMM林;3;3;6;60050;9.991673605328893e-05
rather_studylalala;4;2;6;60050;9.991673605328893e-05
-雨止泊带土-;1;1;2;60050;3.330557868442964e-05
jjiuxysbdbdgxgdh;16;4;20;60050;0.00033305578684429644
娄山雀;4;10;14;60050;0.00023313905079100749
吉呀吉呀吉吉鸭;2;1;3;60050;4.995836802664446e-05
GitHubDaily;12;68;80;60050;0.0013322231473771858
苏州发布;3;4;7;60050;0.00011656952539550374
盘和林经济观察;1;1;2;60050;3.330557868442964e-05
啾啾凶凶日记;2;1;3;60050;4.995836802664446e-05
Bav7;1;1;2;60050;3.330557868442964e-05
前线娱乐;322;545;867;60050;0.01443796835970025
原力小狗萨摩笨椰;1;4;5;60050;8.326394671107411e-05
好愛次草莓;3;2;5;60050;8.326394671107411e-05
有点冷静;5;4;9;60050;0.0001498751040799334
-終止敘事詩-;1;2;3;60050;4.995836802664446e-05
智源研究院;1;20;21;60050;0.0003497085761865112
资深科技控;12;302;314;60050;0.005228975853455454
FriendsPost;9;132;141;60050;0.00234804329725229
D_sadgde_D;2;3;5;60050;8.326394671107411e-05
锅圈食汇;1;4;5;60050;8.326394671107411e-05
量子位;1;20;21;60050;0.0003497085761865112
缠论自渡;2;2;4;60050;6.661115736885928e-05
复旦张_军平;1;1;2;60050;3.330557868442964e-05
追涨杀跌的小伙子;2;16;18;60050;0.0002997502081598668
预见九运;4;1;5;60050;8.326394671107411e-05
大鹏守御千户所;3;10;13;60050;0.00021648626144879268
刀削kitty;1;1;2;60050;3.330557868442964e-05
NewNew吃泡芙;1;1;2;60050;3.330557868442964e-05
业余蛋挞爱好者;3;2;5;60050;8.326394671107411e-05
livvyv;1;11;12;60050;0.00019983347210657785
小厨-大叔;3;3;6;60050;9.991673605328893e-05
该死的温柔哈;7;2;9;60050;0.0001498751040799334
Yerkeychic_;1;1;2;60050;3.330557868442964e-05
春天有场雨;1;1;2;60050;3.330557868442964e-05
煎饼蛋子_;1;1;2;60050;3.330557868442964e-05
浪浪山momo;1;1;2;60050;3.330557868442964e-05
嘿哒呀;1;1;2;60050;3.330557868442964e-05
peehsnooM;1;2;3;60050;4.995836802664446e-05
-困到站着睡;1;6;7;60050;0.00011656952539550374
茶茶叶茶茶叶;1;24;25;60050;0.00041631973355537054
ipo观察;7;147;154;60050;0.0025645295587010826
刺猬卷卷毛;1;1;2;60050;3.330557868442964e-05
No94547;2;4;6;60050;9.991673605328893e-05
房长沙V;1;13;14;60050;0.00023313905079100749
出版人周筠;3;62;65;60050;0.0010824313072439634
晚然說;1;4;5;60050;8.326394671107411e-05
大头博士先生;2;168;170;60050;0.0028309741881765195
秦家舟舟;1;3;4;60050;6.661115736885928e-05
付亮的竞争情报应用;8;4;12;60050;0.00019983347210657785
在春天的山坡上打滚的小熊;24;4;28;60050;0.00046627810158201497
YOLO-岁月;6;8;14;60050;0.00023313905079100749
黄广斌-ELM;2;6;8;60050;0.00013322231473771856
asurahappyfew;1;1;2;60050;3.330557868442964e-05
webotAI人工智能;1;1;2;60050;3.330557868442964e-05
DMA不潜水;9;25;34;60050;0.0005661948376353039
冷死未死;1;1;2;60050;3.330557868442964e-05
爱可可-爱生活;1;21;22;60050;0.00036636136552872605
陆地野菜;1;4;5;60050;8.326394671107411e-05
欧啦弱弱小熊猫;3;4;7;60050;0.00011656952539550374
无脸兔嗷嗷嗷;1;3;4;60050;6.661115736885928e-05
香港商報網;2;2;4;60050;6.661115736885928e-05
Zzzletian;1;4;5;60050;8.326394671107411e-05
三金绝绝子;6;1;7;60050;0.00011656952539550374
分公司特工x;1;2;3;60050;4.995836802664446e-05
二道白河_eos;11;3;14;60050;0.00023313905079100749
檀印齿痕;21;59;80;60050;0.0013322231473771858
AlexCui聊车;2;3;5;60050;8.326394671107411e-05
人间烟火张有志;2;1;3;60050;4.995836802664446e-05
刘韧;3;20;23;60050;0.0003830141548709409
Sikikok6;3;4;7;60050;0.00011656952539550374
欲MA又止;1;1;2;60050;3.330557868442964e-05
Kevin在纽约;63;395;458;60050;0.007626977518734388
朱玉龙-YL;4;5;9;60050;0.0001498751040799334
姬永锋;6;48;54;60050;0.0008992506244796003
爱范儿;3;4;7;60050;0.00011656952539550374
东风寺_;3;1;4;60050;6.661115736885928e-05
央视财经;3;27;30;60050;0.0004995836802664446
Leslie献世;1;1;2;60050;3.330557868442964e-05
coderwhy;27;30;57;60050;0.0009492089925062448
肉山婆婆;7;35;42;60050;0.0006994171523730224
小蛋糕糕糕-;1;1;2;60050;3.330557868442964e-05
互联网的那点事;30;231;261;60050;0.004346378018318068
ThrobbingPitat-;16;6;22;60050;0.00036636136552872605
羊羔卷泥;9;1;10;60050;0.00016652789342214822
作家圆圆;1;5;6;60050;9.991673605328893e-05
Lusatncifer;2;1;3;60050;4.995836802664446e-05
Joker谶;1;2;3;60050;4.995836802664446e-05
李小熬v;5;11;16;60050;0.0002664446294754371
甜心小妙_;2;5;7;60050;0.00011656952539550374
IT源哥;5;6;11;60050;0.00018318068276436302
有鱼粮的猫;8;18;26;60050;0.00043297252289758537
我要梳大粗辫子;2;2;4;60050;6.661115736885928e-05
厄加特特;39;606;645;60050;0.01074104912572856
鸿雪厨;7;2;9;60050;0.0001498751040799334
宜宝whale;6;3;9;60050;0.0001498751040799334
巴萨美图;8;16;24;60050;0.0003996669442131557
七座金球召唤神龙;17;90;107;60050;0.001781848459616986
21世纪经济报道;2;12;14;60050;0.00023313905079100749
AI侠客宋学东;1;7;8;60050;0.00013322231473771856
萨村守望者;3;10;13;60050;0.00021648626144879268
搜达足球;12;14;26;60050;0.00043297252289758537
掉了一根睫毛;9;8;17;60050;0.00028309741881765195
麻汁和麻酱;1;2;3;60050;4.995836802664446e-05
-耀極刻祺航;6;3;9;60050;0.0001498751040799334
嗷嗷wxsa;15;4;19;60050;0.0003164029975020816
喧嚣堆积如山;1;3;4;60050;6.661115736885928e-05
AI-最前沿;2;3;5;60050;8.326394671107411e-05
清南师兄;146;4456;4602;60050;0.0766361365528726
笑瘾君;2;1;3;60050;4.995836802664446e-05
浙江日报;2;231;233;60050;0.003880099916736053
青州广电;1;3;4;60050;6.661115736885928e-05
养胃消失片钮钴禄氏;5;2;7;60050;0.00011656952539550374
玉困回眠;8;3;11;60050;0.00018318068276436302
美鸥阅读;9;40;49;60050;0.0008159866777685262
花茶冰淇淋-;1;6;7;60050;0.00011656952539550374
爱可可-爱生活;2;22;24;60050;0.0003996669442131557
量子位;4;30;34;60050;0.0005661948376353039
INTPbot;12;139;151;60050;0.0025145711906744378
驴克烁烁;2;5;7;60050;0.00011656952539550374
一颗蓝喵;3;5;8;60050;0.00013322231473771856
奶香椰椰冰;2;3;5;60050;8.326394671107411e-05
抢抓第五轮牛市的起点;7;10;17;60050;0.00028309741881765195
你压我头发了喂;2;1;3;60050;4.995836802664446e-05
Melody欧美音乐台;4;46;50;60050;0.0008326394671107411
新涼昼夢;1;53;54;60050;0.0008992506244796003
PerspicaciousAspiration;1;5;6;60050;9.991673605328893e-05
哈勃观察员;3;19;22;60050;0.00036636136552872605
Amoaix_Eliauk;3;3;6;60050;9.991673605328893e-05
亲历投行;1;1;2;60050;3.330557868442964e-05
男歌手圈横跳者;2;8;10;60050;0.00016652789342214822
刘虞厨;3;3;6;60050;9.991673605328893e-05
明天也想吃火锅_;2;2;4;60050;6.661115736885928e-05
无情的跳坑人;4;1;5;60050;8.326394671107411e-05
林亦LYi;362;3984;4346;60050;0.0723730224812656
24Nana7mi2;3;28;31;60050;0.0005162364696086595
宇宙无敌霹雳超级酷炫的帅哥;1;1;2;60050;3.330557868442964e-05
新涼昼夢;1;49;50;60050;0.0008326394671107411
星·河·珍·甜;7;3;10;60050;0.00016652789342214822
Zzzz_0522;2;2;4;60050;6.661115736885928e-05
行简_;1;1;2;60050;3.330557868442964e-05
我想喝奶茶儿_;1;3;4;60050;6.661115736885928e-05
扶瑞扶瑞;1;1;2;60050;3.330557868442964e-05
一颗大树THETREE;-3;1;-2;60050;-3.330557868442964e-05
新浪科技;1;2;3;60050;4.995836802664446e-05
JaGuAr_BuNnY;1;1;2;60050;3.330557868442964e-05
小火燃烧中;1;3;4;60050;6.661115736885928e-05
贾宝玉没老婆;14;4;18;60050;0.0002997502081598668
证券市场红周刊;1;11;12;60050;0.00019983347210657785
巴克科斯;1;10;11;60050;0.00018318068276436302
麻省理工科技评论;3;4;7;60050;0.00011656952539550374
唔生气可以咩;7;2;9;60050;0.0001498751040799334
JackyWaiss;1;3;4;60050;6.661115736885928e-05
微辣的巨星;1;20;21;60050;0.0003497085761865112
小众软件;12;12;24;60050;0.0003996669442131557
包子zzm;1;1;2;60050;3.330557868442964e-05
财联社APP;3;24;27;60050;0.00044962531223980014
石战牛熊;4;12;16;60050;0.0002664446294754371
-瑠璃色夢中-;2;15;17;60050;0.00028309741881765195
北漂民工的日常;23;47;70;60050;0.0011656952539550376
爱可可-爱生活;1;45;46;60050;0.0007660283097418818
-瑠璃色夢中-;0;7;7;60050;0.00011656952539550374
You_mee;1;1;2;60050;3.330557868442964e-05
菠萝真好吃YA;1;2;3;60050;4.995836802664446e-05
爱可可-爱生活;1;33;34;60050;0.0005661948376353039
玛利亚绷带恐龙;1;3;4;60050;6.661115736885928e-05
爱吃地瓜的yongyong;5;1;6;60050;9.991673605328893e-05
业余宽客;1;15;16;60050;0.0002664446294754371
买呀嘿;1;3;4;60050;6.661115736885928e-05
狗丸透真厨;3;4;7;60050;0.00011656952539550374
刘韧;1;13;14;60050;0.00023313905079100749
不爱吃鱼的小岛居民;1;2;3;60050;4.995836802664446e-05
123lOxnV;6;1;7;60050;0.00011656952539550374
123lOxnV;13;8;21;60050;0.0003497085761865112
南栀倾寒67307;1;2;3;60050;4.995836802664446e-05
未名石;1;1;2;60050;3.330557868442964e-05
达跌吧呦;13;2;15;60050;0.0002497918401332223
传发g调北等_zU;12;3;15;60050;0.0002497918401332223
JaGuAr_BuNnY;1;2;3;60050;4.995836802664446e-05
JOTTING_64;1;2;3;60050;4.995836802664446e-05
伯克利_尤洋;128;458;586;60050;0.009758534554537885
财联社APP;2;31;33;60050;0.0005495420482930891
你和龙的妈妈风暴降生;7;32;39;60050;0.000649458784346378
Imweirdbutthatsfine;1;2;3;60050;4.995836802664446e-05
缪滨旭BRADY;4;24;28;60050;0.00046627810158201497
斯尔教育;1;8;9;60050;0.0001498751040799334
钛媒体APP;1;2;3;60050;4.995836802664446e-05
老子是个坑;1;1;2;60050;3.330557868442964e-05
Creamy蕉;23;695;718;60050;0.011956702747710242
巴伦周刊;3;12;15;60050;0.0002497918401332223
Creamy蕉;64;1356;1420;60050;0.023646960865945046
虎嗅APP;1;5;6;60050;9.991673605328893e-05
心碎塔蜜保养中心;3;3;6;60050;9.991673605328893e-05
鍋盖頭司令;129;549;678;60050;0.011290591174021649
浙江日报;18;133;151;60050;0.0025145711906744378
Aimer_嶠;1;1;2;60050;3.330557868442964e-05
但斌;5;33;38;60050;0.0006328059950041632
看一下许多发微博;3;4;7;60050;0.00011656952539550374
字体设计;4;42;46;60050;0.0007660283097418818
uknco;8;2;10;60050;0.00016652789342214822
朕略萌xx;1;5;6;60050;9.991673605328893e-05
Voiuh;9;2;11;60050;0.00018318068276436302
鸡蛋包包;5;2;7;60050;0.00011656952539550374
ivystibsyfub;2;1;3;60050;4.995836802664446e-05
中外企业文化;6;10;16;60050;0.0002664446294754371
洋气书生;1;2;3;60050;4.995836802664446e-05
老金聊趋势;2;7;9;60050;0.0001498751040799334
苟颜玩科技;2;2;4;60050;6.661115736885928e-05
老金聊趋势;1;4;5;60050;8.326394671107411e-05
理想国imaginist;4;27;31;60050;0.0005162364696086595
海参难吃1997;4;8;12;60050;0.00019983347210657785
蓝鲸财经记者工作平台;1;6;7;60050;0.00011656952539550374
ParisLuvBB;18;40;58;60050;0.0009658617818484596
ParisLuvBB;2;29;31;60050;0.0005162364696086595
纳米爱玩连连看;2;2;4;60050;6.661115736885928e-05
飞许寒;6;2;8;60050;0.00013322231473771856
AniicZZZ;2;3;5;60050;8.326394671107411e-05
升值计;13;852;865;60050;0.01440466278101582
数字胶囊;3;4;7;60050;0.00011656952539550374
新浪财经;3;12;15;60050;0.0002497918401332223
LahjaA_;10;2;12;60050;0.00019983347210657785
苔痕湔雨;1;1;2;60050;3.330557868442964e-05
硅谷在逃库克;1305;2243;3548;60050;0.059084096586178185
九一啊啊啊;14;2;16;60050;0.0002664446294754371
宝玉xp;15;170;185;60050;0.0030807660283097417
电脑报;1;4;5;60050;8.326394671107411e-05
曾轶可com;2;1;3;60050;4.995836802664446e-05
小e喜欢碎碎念;3;3;6;60050;9.991673605328893e-05
麦卡PU10P;4;29;33;60050;0.0005495420482930891
上帝爱子;2;2;4;60050;6.661115736885928e-05
校花驴;5;191;196;60050;0.0032639467110741048
量子位;2;28;30;60050;0.0004995836802664446
心愿是死在海边;9;1;10;60050;0.00016652789342214822
dsttl3;13;6;19;60050;0.0003164029975020816
北落的师门;8;22;30;60050;0.0004995836802664446
YINGQIN哈;1;2;3;60050;4.995836802664446e-05
凤凰网财经;19;104;123;60050;0.002048293089092423
Boeing767-400ER;1;1;2;60050;3.330557868442964e-05
陈翔颖手绘;5;56;61;60050;0.001015820149875104
holley1001;5;10;15;60050;0.0002497918401332223
七月訸樱;1;1;2;60050;3.330557868442964e-05
厄加特特;20;400;420;60050;0.0069941715237302245
黄鱼Veda;1;6;7;60050;0.00011656952539550374
大李同学;27;39;66;60050;0.0010990840965861782
BAYES训练生;2;2;4;60050;6.661115736885928e-05
一休价投;2;2;4;60050;6.661115736885928e-05
出行每一天;2;9;11;60050;0.00018318068276436302
宋洋美术;3;2;5;60050;8.326394671107411e-05
理综不破280不改名;8;3;11;60050;0.00018318068276436302
见世界的每一面;1;4;5;60050;8.326394671107411e-05
古希腊掌管养胃的神;2;6;8;60050;0.00013322231473771856
Offer_Cat;1;2;3;60050;4.995836802664446e-05
侃股女骑士;4;229;233;60050;0.003880099916736053
晚安小野猫;2;1;3;60050;4.995836802664446e-05
从心派;3;10;13;60050;0.00021648626144879268
carolfromnowhere;1;1;2;60050;3.330557868442964e-05
南小小小音;6;9;15;60050;0.0002497918401332223
蓝鲸财经记者工作平台;8;40;48;60050;0.0007993338884263114
空想浪漫主义者;1;3;4;60050;6.661115736885928e-05
电竞召唤师;24;359;383;60050;0.006378018318068277
大米的记忆;2;27;29;60050;0.0004829308909242298
飞常准业内版;4;5;9;60050;0.0001498751040799334
棱镜Talk;3;51;54;60050;0.0008992506244796003
我是张大悦呀;2;1;3;60050;4.995836802664446e-05
-小小仰-;3;2;5;60050;8.326394671107411e-05
科技环球眼;1;1;2;60050;3.330557868442964e-05
简历义工;1;1;2;60050;3.330557868442964e-05
盯着就盯着;5;1;6;60050;9.991673605328893e-05
hi_Darin;14;21;35;60050;0.0005828476269775188
甜的盐004;1;1;2;60050;3.330557868442964e-05
YZW丫丫;4;9;13;60050;0.00021648626144879268
财经黄小姐;6;69;75;60050;0.0012489592006661116
睡着也数羊;18;3;21;60050;0.0003497085761865112
nitric_acid;3;1;4;60050;6.661115736885928e-05
秋叶;3;98;101;60050;0.0016819317235636968
奶呦欣欣;7;1;8;60050;0.00013322231473771856
嗨老婆aini;1;1;2;60050;3.330557868442964e-05
TB店只是知识的搬运工;1;1;2;60050;3.330557868442964e-05
泽泅;1;2;3;60050;4.995836802664446e-05
ALLISON-min;3;23;26;60050;0.00043297252289758537
长春联通公司客户服务部;49;45;94;60050;0.0015653621981681933
赤贫的喊叫;1;1;2;60050;3.330557868442964e-05
Summer最聪明;8;31;39;60050;0.000649458784346378
V姐闯商海;12;232;244;60050;0.004063280599500416
认真做交易的李冰;3;28;31;60050;0.0005162364696086595
小姿态;2;3;5;60050;8.326394671107411e-05
光消失的地方;8;296;304;60050;0.005062447960033306
祖安教导主任;1;1;2;60050;3.330557868442964e-05
人非人物;1;2;3;60050;4.995836802664446e-05
长街叹陌路;10;6;16;60050;0.0002664446294754371
代码飞扬;2;3;5;60050;8.326394671107411e-05
卢本圆马飞;1;3;4;60050;6.661115736885928e-05
杰西被注册了吗;2;2;4;60050;6.661115736885928e-05
柚子家的小小透明;8;55;63;60050;0.0010491257285595338
你滴赛博熊猫;1;4;5;60050;8.326394671107411e-05
花和问问;1;2;3;60050;4.995836802664446e-05
鲁镇的柜台;9;73;82;60050;0.0013655287260616153
就是楠朋友;30;4;34;60050;0.0005661948376353039
smallcbz;1;8;9;60050;0.0001498751040799334
樊百乐;14;43;57;60050;0.0009492089925062448
新浪证券;1;1;2;60050;3.330557868442964e-05
猎云网;2;1;3;60050;4.995836802664446e-05
新浪军事;1;6;7;60050;0.00011656952539550374
保臻科技;2;2;4;60050;6.661115736885928e-05
l栉风l;26;33;59;60050;0.0009825145711906745
兔三格格V001;2;14;16;60050;0.0002664446294754371
财新网;7;23;30;60050;0.0004995836802664446
陈虚虚;5;4;9;60050;0.0001498751040799334
云雀喊了一整天;6;1;7;60050;0.00011656952539550374
猪肝炒白菜;2;7;9;60050;0.0001498751040799334
春边暮里;3;1;4;60050;6.661115736885928e-05
余丰慧;4;1;5;60050;8.326394671107411e-05
知未科技;26;46;72;60050;0.0011990008326394671
姚昱-;9;51;60;60050;0.0009991673605328892
AI-最前沿;1;2;3;60050;4.995836802664446e-05
新智元;1;22;23;60050;0.0003830141548709409
余丰慧;2;5;7;60050;0.00011656952539550374
Shvaier-;1;3;4;60050;6.661115736885928e-05
Elena蕊_;2;1;3;60050;4.995836802664446e-05
开心点别再焦虑啦-;2;1;3;60050;4.995836802664446e-05
嘻嘻嘻去滑雪呀;11;1;12;60050;0.00019983347210657785
观察者网;6;74;80;60050;0.0013322231473771858
量子位;14;179;193;60050;0.0032139883430474603
_荀溪_;1;1;2;60050;3.330557868442964e-05
新浪期货;2;1;3;60050;4.995836802664446e-05
西窗庆大官人;1;2;3;60050;4.995836802664446e-05
夏鱼-电池电量低;3;11;14;60050;0.00023313905079100749
选选牌考考包;4;1;5;60050;8.326394671107411e-05
真诚而已不是恋爱脑;1;1;2;60050;3.330557868442964e-05
改头换面重新做人;2;2;4;60050;6.661115736885928e-05
阴山游牧李-君-辉;1;1;2;60050;3.330557868442964e-05
kekeko3o;1;15;16;60050;0.0002664446294754371
环球市场播报;1;8;9;60050;0.0001498751040799334
哈勃观察员;5;20;25;60050;0.00041631973355537054
小李BRAVA;8;2;10;60050;0.00016652789342214822
电商不是玄学;1;2;3;60050;4.995836802664446e-05
想成为猛男的弧线雨;3;1;4;60050;6.661115736885928e-05
阁楼上的安妮;2;76;78;60050;0.001298917568692756
天地银行李经理;4;3;7;60050;0.00011656952539550374
Autumn周先生;3;6;9;60050;0.0001498751040799334
市界Pro;1;5;6;60050;9.991673605328893e-05
芒果椰奶冻冻冻;2;1;3;60050;4.995836802664446e-05
电商不是玄学;1;3;4;60050;6.661115736885928e-05
字体设计;13;15;28;60050;0.00046627810158201497
你个你呀_;2;1;3;60050;4.995836802664446e-05
夏日_漱口;1;1;2;60050;3.330557868442964e-05
别撩我没有情;1;1;2;60050;3.330557868442964e-05
宇文天启;4;3;7;60050;0.00011656952539550374
麻省理工科技评论;2;8;10;60050;0.00016652789342214822
萌面大道V;2;8;10;60050;0.00016652789342214822
呼神护卫队队长;1;1;2;60050;3.330557868442964e-05
澈彻迠焎-;1;2;3;60050;4.995836802664446e-05
RASPBERRY_LA;1;6;7;60050;0.00011656952539550374
喵星君大大;6;26;32;60050;0.0005328892589508742
Asteria_111;3;1;4;60050;6.661115736885928e-05
第一财经日报;3;1;4;60050;6.661115736885928e-05
小龙虾piupiupiu;1;1;2;60050;3.330557868442964e-05
周大福;7;3;10;60050;0.00016652789342214822
Maybelline美宝莲纽约;13;16;29;60050;0.0004829308909242298
占士鯊;1;5;6;60050;9.991673605328893e-05
新浪科技;2;4;6;60050;9.991673605328893e-05
明天也一起加油吧;62;1357;1419;60050;0.02363030807660283
王安石不吃橘子;2;7;9;60050;0.0001498751040799334
奇迹dd最好命;1;1;2;60050;3.330557868442964e-05
蔡少伟;1;7;8;60050;0.00013322231473771856
中科大胡不归;11;70;81;60050;0.0013488759367194004
午夜伤心尸体;1;1;2;60050;3.330557868442964e-05
正宗啥啥都有;2;2;4;60050;6.661115736885928e-05
_无湮;1;1;2;60050;3.330557868442964e-05
SD下海的杨大夫;2;20;22;60050;0.00036636136552872605
山间狡童;2;4;6;60050;9.991673605328893e-05
新源秋衣;2;1;3;60050;4.995836802664446e-05
·oHo·;1;1;2;60050;3.330557868442964e-05
信念_Qingyang;2;2;4;60050;6.661115736885928e-05
哇呀挖芋头;2;2;4;60050;6.661115736885928e-05
财经杂志;1;2;3;60050;4.995836802664446e-05
再吃最后一大口;2;3;5;60050;8.326394671107411e-05
无隅霜雪寻到霁月;1;1;2;60050;3.330557868442964e-05
投行泰山;2;2;4;60050;6.661115736885928e-05
莱茵骨头;1;2;3;60050;4.995836802664446e-05
李楠或kkk;30;178;208;60050;0.003463780183180683
司XImaruko;1;4;5;60050;8.326394671107411e-05
AHC中国;17;26;43;60050;0.0007160699417152373
古斯塔夫_real;11;27;38;60050;0.0006328059950041632
中秋限定草莓馅;1;1;2;60050;3.330557868442964e-05
微博全民知识节;2;8;10;60050;0.00016652789342214822
花尔街的蜗牛;3;57;60;60050;0.0009991673605328892
屠龙的胭脂井;45;168;213;60050;0.0035470441298917567
恋爱脑早治早好;4;8;12;60050;0.00019983347210657785
椰耶農場;2;1;3;60050;4.995836802664446e-05
陕西大剧院-西安音乐厅;2;5;7;60050;0.00011656952539550374
神之手归来;2;178;180;60050;0.002997502081598668
西之门;1;3;4;60050;6.661115736885928e-05
白衣沾酒;10;7;17;60050;0.00028309741881765195
模型预测;1;20;21;60050;0.0003497085761865112
机动兔大队长;2;1;3;60050;4.995836802664446e-05
荒井健一ak;1;2;3;60050;4.995836802664446e-05
泥扣扮靓;4;16;20;60050;0.00033305578684429644
摩尔投研;2;4;6;60050;9.991673605328893e-05
二板总舵主;1;325;326;60050;0.005428809325562032
猫斯拉小甜甜;9;38;47;60050;0.0007826810990840966
大凯频道;1;2;3;60050;4.995836802664446e-05
地下小王;1;2;3;60050;4.995836802664446e-05
鲲启AI;1;1;2;60050;3.330557868442964e-05
浪猪灰头;17;69;86;60050;0.0014321398834304746
哈勃观察员;19;40;59;60050;0.0009825145711906745
Jacky-京东云无线宝;72;56;128;60050;0.002131557035803497
你是我做的糖果味的梦;9;3;12;60050;0.00019983347210657785
周怀瑾04;12;3;15;60050;0.0002497918401332223
财新网;2;6;8;60050;0.00013322231473771856
磐石之心;8;23;31;60050;0.0005162364696086595
楠木兔;3;18;21;60050;0.0003497085761865112
价值事务所;3;2;5;60050;8.326394671107411e-05
环球市场播报;1;5;6;60050;9.991673605328893e-05
i想你时你在闹海;2;1;3;60050;4.995836802664446e-05
鲲启AI;1;1;2;60050;3.330557868442964e-05
洪攻略李晓猛;4;64;68;60050;0.0011323896752706078
中国经营报;2;1;3;60050;4.995836802664446e-05
DTCHAT;18;109;127;60050;0.0021149042464612823
马逍;3;1;4;60050;6.661115736885928e-05
张妮妮是小瘦子;6;2;8;60050;0.00013322231473771856
马斯狗_多头;1;2;3;60050;4.995836802664446e-05
Redboy不曾改变;17;1;18;60050;0.0002997502081598668
快兰斯24小时财经直播2;1;1;2;60050;3.330557868442964e-05
机器之心Pro;2;16;18;60050;0.0002997502081598668
可乐加颗冰i;16;6;22;60050;0.00036636136552872605
python很好的我;4;3;7;60050;0.00011656952539550374
谢工在图灵;1;2;3;60050;4.995836802664446e-05
大武汉美食排行榜;1;2;3;60050;4.995836802664446e-05
新浪科技;4;6;10;60050;0.00016652789342214822
再熬夜就是猪头;1;1;2;60050;3.330557868442964e-05
-SerenaLL;1;2;3;60050;4.995836802664446e-05
Zhzhzhiii;2;1;3;60050;4.995836802664446e-05
小胖子寒水;97;235;332;60050;0.005528726061615321
中国教育报;1;7;8;60050;0.00013322231473771856
草垛啦A梦;21;247;268;60050;0.004462947543713572
Marshal小猴爱睡觉;1;3;4;60050;6.661115736885928e-05
小螺号嘀嘀嘀崔;-17;2;-15;60050;-0.0002497918401332223
吴文道;6;8;14;60050;0.00023313905079100749
鸿蒙钊哥;1;14;15;60050;0.0002497918401332223
超级充电站小编;2;1;3;60050;4.995836802664446e-05
民建星火论坛;1;1;2;60050;3.330557868442964e-05
大口喝薯条;5;6;11;60050;0.00018318068276436302
冷酷欣欣x;3;3;6;60050;9.991673605328893e-05
占星师Stellar;1;3;4;60050;6.661115736885928e-05
财经妮妮子;15;53;68;60050;0.0011323896752706078
斌叔NextEdu;5;9;14;60050;0.00023313905079100749
OREOupup;16;68;84;60050;0.0013988343047460449
烂不烂都是苦瓜;4;1;5;60050;8.326394671107411e-05
阿里扎的月亮;8;1;9;60050;0.0001498751040799334
草木青_;2;3;5;60050;8.326394671107411e-05
wwc几叽达不大;4;1;5;60050;8.326394671107411e-05
观察者网;7;46;53;60050;0.0008825978351373855
只睡了三个小时想吵架;2;6;8;60050;0.00013322231473771856
摸鱼chachacha;18;7;25;60050;0.00041631973355537054
民建星火论坛;1;2;3;60050;4.995836802664446e-05
GunsN-Null;3;3;6;60050;9.991673605328893e-05
房长沙V;21;35;56;60050;0.0009325562031640299
哈勃观察员;7;40;47;60050;0.0007826810990840966
BambooooZZ;4;1;5;60050;8.326394671107411e-05
暴风雪天;11;57;68;60050;0.0011323896752706078
爱可可-爱生活;4;20;24;60050;0.0003996669442131557
吐司二锅头;1;4;5;60050;8.326394671107411e-05
争做早睡冠军;9;1;10;60050;0.00016652789342214822
日常互怼;2;1;3;60050;4.995836802664446e-05
我偷偷给你蟹堡王秘方;4;10;14;60050;0.00023313905079100749
牛春宝;3;44;47;60050;0.0007826810990840966
2gua;5;20;25;60050;0.00041631973355537054
浪猪灰头;117;60;177;60050;0.0029475437135720235
蓝色吞拿;2;2;4;60050;6.661115736885928e-05
西树锐锐子;1;5;6;60050;9.991673605328893e-05
瑞译学苑-MTI及CATTI日语考试;1;4;5;60050;8.326394671107411e-05
爱可可-爱生活;7;42;49;60050;0.0008159866777685262
EEEEnchanter;1;2;3;60050;4.995836802664446e-05
张弛言小同学;2;1;3;60050;4.995836802664446e-05
坡坡Depol;19;34;53;60050;0.0008825978351373855
沫沫發大財;1;1;2;60050;3.330557868442964e-05
小渔呆呆-;5;6;11;60050;0.00018318068276436302
老马自奋蹄;1;10;11;60050;0.00018318068276436302
SweekliOfficial;9;137;146;60050;0.002431307243963364
升职加薪冲冲冲;1;2;3;60050;4.995836802664446e-05
tulumalnve;3;5;8;60050;0.00013322231473771856
-昨日的紫晶与此刻的微风-;1;7;8;60050;0.00013322231473771856
张朝阳的物理课;2;48;50;60050;0.0008326394671107411
HappyPikasue;1;1;2;60050;3.330557868442964e-05
傅立叶懒得变换;1;3;4;60050;6.661115736885928e-05
狗卷卷everything;1;1;2;60050;3.330557868442964e-05
星纪时代官方微博;5;11;16;60050;0.0002664446294754371
Microsoft信仰中心;5;22;27;60050;0.00044962531223980014
-抹茶味的顺毛驴;2;2;4;60050;6.661115736885928e-05
汪亚民;1;2;3;60050;4.995836802664446e-05
央视财经;3;17;20;60050;0.00033305578684429644
GPT_TechNinja;1;2;3;60050;4.995836802664446e-05
Jinqiang_Q;1;1;2;60050;3.330557868442964e-05
少年人怎样落地_;1;4;5;60050;8.326394671107411e-05
双博士的分享;10;65;75;60050;0.0012489592006661116
浪猪灰头;16;108;124;60050;0.002064945878434638
xxxrllanoz;1;2;3;60050;4.995836802664446e-05
Cuber-三水灵邪一线天;1;1;2;60050;3.330557868442964e-05
正宗啥啥都有;2;1;3;60050;4.995836802664446e-05
黎明在路上201401;2;1;3;60050;4.995836802664446e-05
敏行gh;20;4;24;60050;0.0003996669442131557
新智者;1;27;28;60050;0.00046627810158201497
骑鬼火的三火;2;3;5;60050;8.326394671107411e-05
终焉审判;1;3;4;60050;6.661115736885928e-05
AircolLeibniz;1;6;7;60050;0.00011656952539550374
重轨通_ValentineChong;1;2;3;60050;4.995836802664446e-05
喝不喝柠檬茶;1;5;6;60050;9.991673605328893e-05
没有菜香的香菜;1;1;2;60050;3.330557868442964e-05
黄岩区环境保护局;1;1;2;60050;3.330557868442964e-05
后浪研究所;3;2;5;60050;8.326394671107411e-05
2023请让我心想事成;10;4;14;60050;0.00023313905079100749
仙贝今天敲木鱼了吗;13;1;14;60050;0.00023313905079100749
ACE-PAPER;1;5;6;60050;9.991673605328893e-05
黎增投研笔记;2;4;6;60050;9.991673605328893e-05
曦曰x;1;4;5;60050;8.326394671107411e-05
IMBiiitch;1;2;3;60050;4.995836802664446e-05
软件教书匠金旭亮;2;21;23;60050;0.0003830141548709409
晓鸥姐姐v;1;6;7;60050;0.00011656952539550374
逸行的疗愈星空;10;65;75;60050;0.0012489592006661116
TheNorthFace;50;60000;60050;60050;1.0
李子墨频道;5;285;290;60050;0.004829308909242298
霜降Frosttttt;7;1;8;60050;0.00013322231473771856
量子位;1;9;10;60050;0.00016652789342214822
22世纪英语报;1;10;11;60050;0.00018318068276436302
李光骄吗qaq;3;10;13;60050;0.00021648626144879268
小布丁丁丁小;13;36;49;60050;0.0008159866777685262
leslie对你说加油;1;1;2;60050;3.330557868442964e-05
Akacokuly;8;3;11;60050;0.00018318068276436302
长城汽车;33;7;40;60050;0.0006661115736885929
董指导挤出俩酒窝;2;24;26;60050;0.00043297252289758537
36氪;1;7;8;60050;0.00013322231473771856
天地银行李经理;2;4;6;60050;9.991673605328893e-05
ZRGNiX;16;401;417;60050;0.0069442131557035805
慎之介君-;2;4;6;60050;9.991673605328893e-05
Yoshimasa的起泡网;1;6;7;60050;0.00011656952539550374
Morphans;1;1;2;60050;3.330557868442964e-05
北岸繁花_007;1;1;2;60050;3.330557868442964e-05
想葯;6;28;34;60050;0.0005661948376353039
凌凌漆--;1;6;7;60050;0.00011656952539550374
应钟十三1;5;1;6;60050;9.991673605328893e-05
短线超会玩;3;9;12;60050;0.00019983347210657785
刘兴亮;2;7;9;60050;0.0001498751040799334
李珺投资;3;10;13;60050;0.00021648626144879268
我空冠你白干_软糖版;1;1;2;60050;3.330557868442964e-05
环球市场播报;3;5;8;60050;0.00013322231473771856
财经挖掘笔记;3;38;41;60050;0.0006827643630308077
尼古拉斯·皮·;2;3;5;60050;8.326394671107411e-05
Paul和Frek的夫夫十二年;7;31;38;60050;0.0006328059950041632
包容万物恒河水;36;353;389;60050;0.0064779350541215655
Sayouah提不起劲;1;3;4;60050;6.661115736885928e-05
梁斌penny;49;178;227;60050;0.0037801831806827642
冰鎮30子;1;2;3;60050;4.995836802664446e-05
陇南西和发布;1;3;4;60050;6.661115736885928e-05
鸡排饭加个egg;2;4;6;60050;9.991673605328893e-05
梁斌penny;189;1347;1536;60050;0.025578684429641965
BRINGMEJOYYY;13;123;136;60050;0.0022647793505412156
八哥爱看球;7;6;13;60050;0.00021648626144879268
北落的师门;2;13;15;60050;0.0002497918401332223
科技事儿;1;9;10;60050;0.00016652789342214822
赵宏民;5;8;13;60050;0.00021648626144879268
候斯顿没有烟总有花;11;4;15;60050;0.0002497918401332223
马赛克乌鸦_王源实体专一点三亿;1;4;5;60050;8.326394671107411e-05
但斌;10;82;92;60050;0.0015320566194837635
骑鬼火的三火;2;5;7;60050;0.00011656952539550374
樱久舘的桥;3;7;10;60050;0.00016652789342214822
浪猪灰头;5;42;47;60050;0.0007826810990840966
JennyZzz·;8;1;9;60050;0.0001498751040799334
勺力酥;1;2;3;60050;4.995836802664446e-05
钛媒体APP;3;6;9;60050;0.0001498751040799334
但斌;6;48;54;60050;0.0008992506244796003
触乐网;3;22;25;60050;0.00041631973355537054
努力啊_;2;7;9;60050;0.0001498751040799334
嘿哈嘿哈呢;3;4;7;60050;0.00011656952539550374
养羊YANG-;4;6;10;60050;0.00016652789342214822
将军侃期市;1;17;18;60050;0.0002997502081598668
长白等一人;7;1;8;60050;0.00013322231473771856
宏观对冲陈凯丰Kevin;6;26;32;60050;0.0005328892589508742
在画画的97月月;7;26;33;60050;0.0005495420482930891
科技号角;5;20;25;60050;0.00041631973355537054
财联社APP;2;5;7;60050;0.00011656952539550374
灰色海叶;3;2;5;60050;8.326394671107411e-05
八十禁军林教头;2;1;3;60050;4.995836802664446e-05
凯恩斯;1;25;26;60050;0.00043297252289758537
出租多巴胺;1;3;4;60050;6.661115736885928e-05
谈谈XXX;2;2;4;60050;6.661115736885928e-05
一只好居_;1;3;4;60050;6.661115736885928e-05
塑料土豆泥;1;1;2;60050;3.330557868442964e-05
黛目一岁花半载;1;3;4;60050;6.661115736885928e-05
也许从未想过未来是这样的晞露;10;1;11;60050;0.00018318068276436302
Nooovak;1;2;3;60050;4.995836802664446e-05
是光羽住一;1;1;2;60050;3.330557868442964e-05
正版流光-;7;1;8;60050;0.00013322231473771856
英国大学申请中心;1;20;21;60050;0.0003497085761865112
乡野哑鸡;2;1;3;60050;4.995836802664446e-05
就在这李发癫;10;1;11;60050;0.00018318068276436302
股场哪吒;3;7;10;60050;0.00016652789342214822
分布式实验室;1;1;2;60050;3.330557868442964e-05
ID_404NotFound;1;1;2;60050;3.330557868442964e-05
大涨櫃的;1;1;2;60050;3.330557868442964e-05
蜜桃罐罐猪;4;1;5;60050;8.326394671107411e-05
要有梦元宇宙;1;1;2;60050;3.330557868442964e-05
_王亦菲_;1;3;4;60050;6.661115736885928e-05
dopeness;4;7;11;60050;0.00018318068276436302
小菜的混乱宇宙;21;13;34;60050;0.0005661948376353039
ASilver_;1;1;2;60050;3.330557868442964e-05
专业证券分析;1;7;8;60050;0.00013322231473771856
原生态三视图鸭锁骨;1;2;3;60050;4.995836802664446e-05
杰伦超甜;4;4;8;60050;0.00013322231473771856
沈淳看财经;5;39;44;60050;0.0007327227310574521
夏春-财经智识;1;3;4;60050;6.661115736885928e-05
财联社APP;2;15;17;60050;0.00028309741881765195
波洛店庆特价烤奶甜品;2;2;4;60050;6.661115736885928e-05
我的老板是高园园;1;3;4;60050;6.661115736885928e-05
長夢久遠;2;2;4;60050;6.661115736885928e-05
日本旅游美食大收集;2;1;3;60050;4.995836802664446e-05
開運的海;2;2;4;60050;6.661115736885928e-05
张怡微;2;39;41;60050;0.0006827643630308077
36氪;1;8;9;60050;0.0001498751040799334
一个反派厨;2;5;7;60050;0.00011656952539550374
是寻瑕呀;8;30;38;60050;0.0006328059950041632
一布姐一;2;1;3;60050;4.995836802664446e-05
爱可可-爱生活;3;46;49;60050;0.0008159866777685262
香帅的金融江湖;2;5;7;60050;0.00011656952539550374
校园阿秋;6;12;18;60050;0.0002997502081598668
Aaronbbbot;1;1;2;60050;3.330557868442964e-05
马喆Ma_zhe;30;115;145;60050;0.002414654454621149
飞仔Joey;76;1522;1598;60050;0.026611157368859283
不是郑小康;24;161;185;60050;0.0030807660283097417
罗勒草Roger;46;124;170;60050;0.0028309741881765195
财经Shirley;2;216;218;60050;0.003630308076602831
TotoroAtri;1;1;2;60050;3.330557868442964e-05
旗帜飞扬爱生活;1;2;3;60050;4.995836802664446e-05
财联社APP;2;13;15;60050;0.0002497918401332223
Kim__Jiang;2;1;3;60050;4.995836802664446e-05
ALBION_澳尔滨;1;3;4;60050;6.661115736885928e-05
南方人物周刊;3;3;6;60050;9.991673605328893e-05
粒正在云养儿;2;5;7;60050;0.00011656952539550374
小拍创业日记;6;35;41;60050;0.0006827643630308077
黄昏落雨而我在这里;2;2;4;60050;6.661115736885928e-05
晓琳包大人;3;14;17;60050;0.00028309741881765195
江稻鲤;1;2;3;60050;4.995836802664446e-05
Melody欧美音乐台;3;27;30;60050;0.0004995836802664446
小小阿鸭;1;1;2;60050;3.330557868442964e-05
孙艺珍珍;2;2;4;60050;6.661115736885928e-05
kirastillAtlarge;2;1;3;60050;4.995836802664446e-05
航空物语;23;267;290;60050;0.004829308909242298
VanTalk;1;2;3;60050;4.995836802664446e-05
王随机;21;23;44;60050;0.0007327227310574521
颜科技;10;12;22;60050;0.00036636136552872605
geng耿不于怀;3;3;6;60050;9.991673605328893e-05
BAI白祁玉;4;3;7;60050;0.00011656952539550374
爱范儿;3;12;15;60050;0.0002497918401332223
创投仝春;5;5;10;60050;0.00016652789342214822
放羊的老登;1;3;4;60050;6.661115736885928e-05
Pisces爱睡觉_;2;1;3;60050;4.995836802664446e-05
来一打冰激凌;1;1;2;60050;3.330557868442964e-05
Hello海洲;21;271;292;60050;0.004862614487926728
Waaaah_b;18;85;103;60050;0.0017152373022481266
暮下见炊烟;5;14;19;60050;0.0003164029975020816
英国大学申请中心;1;28;29;60050;0.0004829308909242298
马斯克岛;1;6;7;60050;0.00011656952539550374
刘刻舟lkzz;1;1;2;60050;3.330557868442964e-05
绫野亚理纱;2;3;5;60050;8.326394671107411e-05
投行泰山;4;16;20;60050;0.00033305578684429644
PS大众科学;2;2;4;60050;6.661115736885928e-05
奈娜雪;1;3;4;60050;6.661115736885928e-05
但斌;25;80;105;60050;0.0017485428809325561
黑色蓝里斯本;2;7;9;60050;0.0001498751040799334
互联网文森特;1;2;3;60050;4.995836802664446e-05
随时逃跑中;12;2;14;60050;0.00023313905079100749
廿七nq;6;2;8;60050;0.00013322231473771856
Art-DJ;7;52;59;60050;0.0009825145711906745
知总不读书;7;17;24;60050;0.0003996669442131557
三千爻_;1;4;5;60050;8.326394671107411e-05
柴可猪斯基jiiiiiii;2;1;3;60050;4.995836802664446e-05
Followownheart;14;1;15;60050;0.0002497918401332223
一只啵啵贤儿;5;1;6;60050;9.991673605328893e-05
繆斯高;6;9;15;60050;0.0002497918401332223
月下闻鹅;16;1;17;60050;0.00028309741881765195
新财富杂志;1;3;4;60050;6.661115736885928e-05
嘛事也没有;4;5;9;60050;0.0001498751040799334
F伯爵;19;230;249;60050;0.00414654454621149
区块链韩非;2;1;3;60050;4.995836802664446e-05
睡前视频基地;128;1135;1263;60050;0.02103247293921732
Julia呀呀呀呀;2;1;3;60050;4.995836802664446e-05
关于书信;20;156;176;60050;0.0029308909242298084
瞿泽林同学;16;127;143;60050;0.0023813488759367196
智造圈;4;17;21;60050;0.0003497085761865112
高胡歌;1;3;4;60050;6.661115736885928e-05
不追日落了;2;3;5;60050;8.326394671107411e-05
我推是硅基怎么了bot;2;30;32;60050;0.0005328892589508742
还要一碗米饭;1;1;2;60050;3.330557868442964e-05
达哒夫斯基;1;1;2;60050;3.330557868442964e-05
爱可可-爱生活;4;57;61;60050;0.001015820149875104
可爱小王甜甜版;4;8;12;60050;0.00019983347210657785
三月水草肃;1;16;17;60050;0.00028309741881765195
金拱门疯狂星期四皇堡套餐;3;10;13;60050;0.00021648626144879268
红毛老狗林乔生;3;15;18;60050;0.0002997502081598668
卢本圆马飞;2;3;5;60050;8.326394671107411e-05
-火山雨-;1;2;3;60050;4.995836802664446e-05
卷不动积神经网络;1;1;2;60050;3.330557868442964e-05
知道分子201001;23;197;220;60050;0.0036636136552872607
刘韧;2;15;17;60050;0.00028309741881765195
香糖酥饺专家;1;1;2;60050;3.330557868442964e-05
摸鱼的掌柜;2;22;24;60050;0.0003996669442131557
米粉托尼同学;1;3;4;60050;6.661115736885928e-05
Amazon五爷;10;47;57;60050;0.0009492089925062448
暴躁霖鲸;1;1;2;60050;3.330557868442964e-05
捣鼓音符的小胖;6;11;17;60050;0.00028309741881765195
果仁儿科技;153;570;723;60050;0.012039966694421315
撒泥的碎碎;4;1;5;60050;8.326394671107411e-05
Llucienne;2;2;4;60050;6.661115736885928e-05
提子蛋糕已失传;3;1;4;60050;6.661115736885928e-05
Melody欧美音乐台;9;45;54;60050;0.0008992506244796003
董仲蠡-小董老师;8;35;43;60050;0.0007160699417152373
唐加文双博士;1;4;5;60050;8.326394671107411e-05
-潮生如芥-;2;13;15;60050;0.0002497918401332223
老金聊趋势;2;8;10;60050;0.00016652789342214822
雪暴君;4;39;43;60050;0.0007160699417152373
_几V_;2;6;8;60050;0.00013322231473771856
千言陌语;1;1;2;60050;3.330557868442964e-05
医生妈妈在美国;6;48;54;60050;0.0008992506244796003
郑州轻工业大学;9;18;27;60050;0.00044962531223980014
Kurokumi;1;1;2;60050;3.330557868442964e-05
3SJxXW;4;1;5;60050;8.326394671107411e-05
樂亿鲤;8;1;9;60050;0.0001498751040799334
业余宽客;1;7;8;60050;0.00013322231473771856
就是要改名而已;8;2;10;60050;0.00016652789342214822
北漂民工的日常;4;50;54;60050;0.0008992506244796003
過期貓糧;12;26;38;60050;0.0006328059950041632
批量小管家软件;4;3;7;60050;0.00011656952539550374
wsisdhkihzishss稲;2;1;3;60050;4.995836802664446e-05
圆觉傅李剑锋;4;30;34;60050;0.0005661948376353039
DataInfographic;1;5;6;60050;9.991673605328893e-05
明M晰X;1;1;2;60050;3.330557868442964e-05
悄悄Sissy;6;1;7;60050;0.00011656952539550374
希腊花瓶;1;17;18;60050;0.0002997502081598668
刘焕勇_软件所;1;11;12;60050;0.00019983347210657785
研究者July;3;53;56;60050;0.0009325562031640299
菠萝榴莲冰;4;8;12;60050;0.00019983347210657785
哈勃观察员;3;13;16;60050;0.0002664446294754371
黄鱼Veda;8;15;23;60050;0.0003830141548709409
一个普普通通的人1111;1;1;2;60050;3.330557868442964e-05
再睡一会会儿-;11;1;12;60050;0.00019983347210657785
机器人产业随想录;2;4;6;60050;9.991673605328893e-05
研究者July;1;12;13;60050;0.00021648626144879268
旌旗长缨;1;1;2;60050;3.330557868442964e-05
打工人阿卷;123;422;545;60050;0.009075770191507078
7uaik;1;2;3;60050;4.995836802664446e-05
如是王舍;5;3;8;60050;0.00013322231473771856
微天下;7;6;13;60050;0.00021648626144879268
风闻社区;5;11;16;60050;0.0002664446294754371
Ghost_is_dead;1;1;2;60050;3.330557868442964e-05
Aponattawin1与你们一起去探寻;9;6;15;60050;0.0002497918401332223
耍点心叽又如何;8;1;9;60050;0.0001498751040799334
薄暮冰轮;18;929;947;60050;0.015770191507077435
评论员李炜;4;33;37;60050;0.0006161532056619483
九边plus;14;42;56;60050;0.0009325562031640299
Amazon下饭猫;6;23;29;60050;0.0004829308909242298
绘风艺人;1;2;3;60050;4.995836802664446e-05
叁弋鹤_;1;14;15;60050;0.0002497918401332223
乔令同学;3;20;23;60050;0.0003830141548709409
刘焕勇_软件所;2;10;12;60050;0.00019983347210657785
大头博士先生;5;159;164;60050;0.0027310574521232306
木火快到怀里来;2;6;8;60050;0.00013322231473771856
清醒的律师Para;2;1;3;60050;4.995836802664446e-05
Mary王大拿的日常;1;1;2;60050;3.330557868442964e-05
凤凰网科技;2;3;5;60050;8.326394671107411e-05
长了尾巴比猴都精的小张;1;1;2;60050;3.330557868442964e-05
蜀山熊猫;1;1;2;60050;3.330557868442964e-05
财富中文网;2;6;8;60050;0.00013322231473771856
HI祝枝山;1;2;3;60050;4.995836802664446e-05
wakeup9ends;9;31;40;60050;0.0006661115736885929
悟浪投基;11;57;68;60050;0.0011323896752706078
EricTsui;27;152;179;60050;0.002980849292256453
念父;3;28;31;60050;0.0005162364696086595
梁斌penny;22;77;99;60050;0.0016486261448792673
ijgxfh;5;5;10;60050;0.00016652789342214822
风吟天下;49;258;307;60050;0.00511240632805995
sky天空很蓝885;2;1;3;60050;4.995836802664446e-05
新浪理财;39;596;635;60050;0.010574521232306412
龙焰木;1;4;5;60050;8.326394671107411e-05
极客公园;1;4;5;60050;8.326394671107411e-05
妇产科医生田吉顺;1;7;8;60050;0.00013322231473771856
盈萍-家庭财富守门员;1;2;3;60050;4.995836802664446e-05
CINDY吃货学设计;1;7;8;60050;0.00013322231473771856
RniSace;10;1;11;60050;0.00018318068276436302
郝智伟;51;150;201;60050;0.003347210657785179
一粒儿有勇气滴草莓;2;1;3;60050;4.995836802664446e-05
迪拜中阿卫视;2;4;6;60050;9.991673605328893e-05
很会打如意算盘;1;1;2;60050;3.330557868442964e-05
美鸥阅读;2;21;23;60050;0.0003830141548709409
鹤楼诗颂;2;1;3;60050;4.995836802664446e-05
极果研究室;1;5;6;60050;9.991673605328893e-05
财智孙国英;1;3;4;60050;6.661115736885928e-05
投行泰山;2;20;22;60050;0.00036636136552872605
调皮裤腰带;1;2;3;60050;4.995836802664446e-05
实战引流何公子;55;48;103;60050;0.0017152373022481266
财经黄小姐;2;70;72;60050;0.0011990008326394671
和通;1;3;4;60050;6.661115736885928e-05
vampire山;4;1;5;60050;8.326394671107411e-05
沉默一山;2;2;4;60050;6.661115736885928e-05
人才76116;28;189;217;60050;0.0036136552872606162
vvv-sy;1;1;2;60050;3.330557868442964e-05
zinacofla;6;1;7;60050;0.00011656952539550374
爱范儿;1;10;11;60050;0.00018318068276436302
古月中心相心;9;41;50;60050;0.0008326394671107411
游暴富;1;1;2;60050;3.330557868442964e-05
Ppppperk;1;6;7;60050;0.00011656952539550374
Kommma君;1;6;7;60050;0.00011656952539550374
看星星le;1;2;3;60050;4.995836802664446e-05
知之为知栀;1;1;2;60050;3.330557868442964e-05
啵萝好赞;2;2;4;60050;6.661115736885928e-05
做你的不二臣302;1;1;2;60050;3.330557868442964e-05
FairytaleMaker;1;2;3;60050;4.995836802664446e-05
歇时云;3;5;8;60050;0.00013322231473771856
强心针复盘;3;2;5;60050;8.326394671107411e-05
一个有想法的WEB3黄牛;1;1;2;60050;3.330557868442964e-05
凤凰涅槃之大情种归来性情大便版;1;2;3;60050;4.995836802664446e-05
股事论道;12;75;87;60050;0.0014487926727726895
又大又毛又软;2;6;8;60050;0.00013322231473771856
Brother_Woo;1;5;6;60050;9.991673605328893e-05
跨境电商报;1;6;7;60050;0.00011656952539550374
浪猪灰头;16;121;137;60050;0.0022814321398834303
Mihoyo-Jennifer;5;4;9;60050;0.0001498751040799334
仁博张;1;2;3;60050;4.995836802664446e-05
新站城事;3;3;6;60050;9.991673605328893e-05
黄凡;1;4;5;60050;8.326394671107411e-05
上网奇才;21;349;370;60050;0.006161532056619483
知总不读书;1;18;19;60050;0.0003164029975020816
深圳ZKH;1;6;7;60050;0.00011656952539550374
Heshawn;1;2;3;60050;4.995836802664446e-05
一边是马云一边是星云;2;1;3;60050;4.995836802664446e-05
现象级昼雪;8;2;10;60050;0.00016652789342214822
有道考神建昆老师;6;72;78;60050;0.001298917568692756
巴西南美侨报;1;1;2;60050;3.330557868442964e-05
刘韧;1;4;5;60050;8.326394671107411e-05
半人马座阿尔法驻太阳系大使;1;1;2;60050;3.330557868442964e-05
财联社APP;1;16;17;60050;0.00028309741881765195
杨锦Vincent;-2;2;0;60050;0.0
黑色蓝里斯本;1;2;3;60050;4.995836802664446e-05
小木拒绝摆烂;9;1;10;60050;0.00016652789342214822
老马自奋蹄;4;70;74;60050;0.0012323064113238967
小梅槑烦恼;1;1;2;60050;3.330557868442964e-05
比比比比波比;3;4;7;60050;0.00011656952539550374
狗窝里的小梦梦;1;1;2;60050;3.330557868442964e-05
敏哥跨境记;1;17;18;60050;0.0002997502081598668
INFP蝴蝶小屋;3;23;26;60050;0.00043297252289758537
每天都想吃冰淇淋o;1;1;2;60050;3.330557868442964e-05
沸腾的泡沫红茶;2;3;5;60050;8.326394671107411e-05
byebyemyblueven;3;4;7;60050;0.00011656952539550374
Melody欧美音乐台;7;58;65;60050;0.0010824313072439634
虎嗅APP;1;7;8;60050;0.00013322231473771856
GALA乐队;15;79;94;60050;0.0015653621981681933
基金趋势跟踪;5;8;13;60050;0.00021648626144879268
菲菲小屋5;1;10;11;60050;0.00018318068276436302
雷科技;1;1;2;60050;3.330557868442964e-05
O希V希O;1;1;2;60050;3.330557868442964e-05
陈怡然-杜克大学;73;491;564;60050;0.00939217318900916
晓莉_愿意做这种人;1;2;3;60050;4.995836802664446e-05
湖湘财经;1;3;4;60050;6.661115736885928e-05
张晓晗Oliver;11;51;62;60050;0.001032472939217319
彭wwwwww;1;1;2;60050;3.330557868442964e-05
吕尤讲注会;11;39;50;60050;0.0008326394671107411
今天能不能睡觉;1;1;2;60050;3.330557868442964e-05
鸿蒙钊哥;10;26;36;60050;0.0005995004163197336
PotatO的小号嘻嘻;1;4;5;60050;8.326394671107411e-05
歧途良伴;1;1;2;60050;3.330557868442964e-05
东三环高圆圆_在法国;25;297;322;60050;0.005362198168193172
翊瑄Camellia;2;156;158;60050;0.0026311407160699418
墨梓Inkcatalpa;1;7;8;60050;0.00013322231473771856
生活大爆炸TBBT;10;46;56;60050;0.0009325562031640299
石战牛熊;1;1;2;60050;3.330557868442964e-05
调式;2;21;23;60050;0.0003830141548709409
科技银狐;2;1;3;60050;4.995836802664446e-05
手机中国联盟官博;1;1;2;60050;3.330557868442964e-05
ALBION_澳尔滨;19;5;24;60050;0.0003996669442131557
码字的九阶幻方;7;54;61;60050;0.001015820149875104
-奶茶大魔王;1;4;5;60050;8.326394671107411e-05
吃完这顿马上减;1;2;3;60050;4.995836802664446e-05
Sunbelife;27;144;171;60050;0.0028476269775187346
电商行业;21;58;79;60050;0.0013155703580349709
Melody欧美音乐台;8;39;47;60050;0.0007826810990840966
李小祥龙;3;13;16;60050;0.0002664446294754371
Alter聊科技;1;1;2;60050;3.330557868442964e-05
V姐闯商海;1;18;19;60050;0.0003164029975020816
koropits;2;1;3;60050;4.995836802664446e-05
小蓝娱娱圈;32;656;688;60050;0.011457119067443797
吃花茮的喵酱;5;93;98;60050;0.0016319733555370524
北京卫视剧集地;33;746;779;60050;0.012972522897585345
万策尽矣;1;1;2;60050;3.330557868442964e-05
余庆levana;1;5;6;60050;9.991673605328893e-05
-明天不上学-;6;6;12;60050;0.00019983347210657785
THISCHER;1;1;2;60050;3.330557868442964e-05
平平无奇小小小机灵鬼;1;4;5;60050;8.326394671107411e-05
科技刚子;31;302;333;60050;0.0055453788509575355
边伯卞白边伯白_;1;3;4;60050;6.661115736885928e-05
一矗很ok;7;1;8;60050;0.00013322231473771856
伦敦J姜姜;4;9;13;60050;0.00021648626144879268
逸彩少儿美术田楠;2;1;3;60050;4.995836802664446e-05
徽州反邪教;1;1;2;60050;3.330557868442964e-05
ViccoCh5;2;3;5;60050;8.326394671107411e-05
酒要三分甜;2;7;9;60050;0.0001498751040799334
sayolarakoibito;6;7;13;60050;0.00021648626144879268
久夏司;3;5;8;60050;0.00013322231473771856
凌晨刚醒;3;10;13;60050;0.00021648626144879268
外贸的那点事;1;58;59;60050;0.0009825145711906745
新音乐产业观察;5;23;28;60050;0.00046627810158201497
小狗汪汪子;6;1;7;60050;0.00011656952539550374
现充梦女高;2;1;3;60050;4.995836802664446e-05
电商不是玄学;2;4;6;60050;9.991673605328893e-05
小智多星星;1;1;2;60050;3.330557868442964e-05
摘下面具暴露本性;3;2;5;60050;8.326394671107411e-05
摸鱼的掌柜;9;85;94;60050;0.0015653621981681933
中国首席经济学家论坛;1;4;5;60050;8.326394671107411e-05
鹰兄本色2030;1;2;3;60050;4.995836802664446e-05
左木一白;1;4;5;60050;8.326394671107411e-05
爱踢学长;55;209;264;60050;0.004396336386344713
睡猫漫游;11;53;64;60050;0.0010657785179017485
财联社APP;1;19;20;60050;0.00033305578684429644
正宗啥啥都有;3;1;4;60050;6.661115736885928e-05
王小盖分析师;4;14;18;60050;0.0002997502081598668
天狼作手;30;54;84;60050;0.0013988343047460449
空藤新一;2;1;3;60050;4.995836802664446e-05
贝壳财经;30;57;87;60050;0.0014487926727726895
七彩葫芦娃召唤奥特曼;2;6;8;60050;0.00013322231473771856
凤凰卫视;2;6;8;60050;0.00013322231473771856
爱螃蟹的小财经迷;29;52;81;60050;0.0013488759367194004
一只甜椒咯;1;10;11;60050;0.00018318068276436302
念父;1;3;4;60050;6.661115736885928e-05
大秦公子666;30;51;81;60050;0.0013488759367194004
梦涵-飘红满市;28;62;90;60050;0.001498751040799334
金融界网站;1;3;4;60050;6.661115736885928e-05
财新网;7;15;22;60050;0.00036636136552872605
许亿秒;37;1156;1193;60050;0.019866777685262283
财联社APP;10;40;50;60050;0.0008326394671107411
股仙nv;31;50;81;60050;0.0013488759367194004
财经-致远;30;54;84;60050;0.0013988343047460449
大卫独舞;17;35;52;60050;0.0008659450457951707
快兰斯24小时财经直播;29;54;83;60050;0.0013821815154038302
Sylvia_viaya;4;6;10;60050;0.00016652789342214822
_今天还是不想上学;3;1;4;60050;6.661115736885928e-05
连中心事树洞;5;8;13;60050;0.00021648626144879268
史凝眸;1;3;4;60050;6.661115736885928e-05
互联网的一些事;3;5;8;60050;0.00013322231473771856
卢旭宁;22;264;286;60050;0.004762697751873439
18楼小号;114;1200;1314;60050;0.021881765195670276
老麦煮机;6;40;46;60050;0.0007660283097418818
青岛西海岸幸福;3;1;4;60050;6.661115736885928e-05
TJ奔跑者;1;3;4;60050;6.661115736885928e-05
巴伦周刊;1;5;6;60050;9.991673605328893e-05
立志把明日海娶回家;6;2;8;60050;0.00013322231473771856
无心简影;5;164;169;60050;0.002814321398834305
懒癌晚期重症沐;5;1;6;60050;9.991673605328893e-05
TerminalsLucy;2;2;4;60050;6.661115736885928e-05
有缘686868;1;1;2;60050;3.330557868442964e-05
seibalily0;1;9;10;60050;0.00016652789342214822
孙伊_Selina;32;100;132;60050;0.0021981681931723565
乔纳森何;1;8;9;60050;0.0001498751040799334
eeethraenn;1;1;2;60050;3.330557868442964e-05
每天都在听苦水音乐;2;1;3;60050;4.995836802664446e-05
和讯网;1;2;3;60050;4.995836802664446e-05
月球上的刺客;6;1;7;60050;0.00011656952539550374
CatGPT4;7;2;9;60050;0.0001498751040799334
孙伊_Selina;27;44;71;60050;0.0011823480432972522
心動售票員-;69;508;577;60050;0.009608659450457952
财联社APP;2;11;13;60050;0.00021648626144879268
伟伟伟大的童哥;1;1;2;60050;3.330557868442964e-05
小炒鸡脆骨阿;1;1;2;60050;3.330557868442964e-05
carolzhang7;1;4;5;60050;8.326394671107411e-05
ll是我1;2;3;5;60050;8.326394671107411e-05
世界音乐微博;3;14;17;60050;0.00028309741881765195
卢诗翰;44;822;866;60050;0.014421315570358036
蔡阳的微博;2;2;4;60050;6.661115736885928e-05
湖湘财经;2;2;4;60050;6.661115736885928e-05
顺风骑牛;5;38;43;60050;0.0007160699417152373
老板联播;5;13;18;60050;0.0002997502081598668
科技张大永;20;2;22;60050;0.00036636136552872605
Michelle于超;36;438;474;60050;0.007893422148209825
爱范儿;1;5;6;60050;9.991673605328893e-05
侃哥侃英语;7;185;192;60050;0.0031973355537052457
我就三板斧;2;6;8;60050;0.00013322231473771856
系不系里七了我的无线耳机;2;4;6;60050;9.991673605328893e-05
小贝_0525;1;1;2;60050;3.330557868442964e-05
盖世英雄玉椒龙;20;112;132;60050;0.0021981681931723565
中国网直播;2;1;3;60050;4.995836802664446e-05
五偏缺偏财;3;5;8;60050;0.00013322231473771856
虎嗅APP;1;2;3;60050;4.995836802664446e-05
宗贵升;1;1;2;60050;3.330557868442964e-05
钰见琥珀;4;2;6;60050;9.991673605328893e-05
追星吃瓜基地;6;57;63;60050;0.0010491257285595338
后厂村长看大厂;1;1;2;60050;3.330557868442964e-05
橘子等等n;2;1;3;60050;4.995836802664446e-05
Lyp82nlfhm;1;1;2;60050;3.330557868442964e-05
x_xyl;3;4;7;60050;0.00011656952539550374
凯恩斯;49;102;151;60050;0.0025145711906744378
真的是好鸟儿;1;1;2;60050;3.330557868442964e-05
中科大胡不归;10;20;30;60050;0.0004995836802664446
Echo_niuben;10;4;14;60050;0.00023313905079100749
国际风水大师曹璞;1;5;6;60050;9.991673605328893e-05
鍋盖頭司令;169;356;525;60050;0.008742714404662781
逸行的疗愈星空;4;63;67;60050;0.001115736885928393
行心星醒醒;1;2;3;60050;4.995836802664446e-05
我是二姐夫;1;9;10;60050;0.00016652789342214822
电竞召唤师;11;149;160;60050;0.0026644462947543715
科技指南zyzy168;2;7;9;60050;0.0001498751040799334
细雨倒骑驴;2;1;3;60050;4.995836802664446e-05
孔志轩;1;4;5;60050;8.326394671107411e-05
经济观察报;7;52;59;60050;0.0009825145711906745
古柳二冰_;1;1;2;60050;3.330557868442964e-05
爱你纤细一如尘和土;2;2;4;60050;6.661115736885928e-05
2004年2月11日;2;5;7;60050;0.00011656952539550374
汪加诚-;1;3;4;60050;6.661115736885928e-05
电竞召唤师;11;133;144;60050;0.0023980016652789342
黑夜之睛滚雪球;28;281;309;60050;0.00514571190674438
heyyyeeyy;1;1;2;60050;3.330557868442964e-05
浪费联系;2;1;3;60050;4.995836802664446e-05
不想被发现的米饭;1;3;4;60050;6.661115736885928e-05
Jessica_我的阿部元帅;2;3;5;60050;8.326394671107411e-05
36氪;3;21;24;60050;0.0003996669442131557
今天你喝可可了么;1;8;9;60050;0.0001498751040799334
李满脑子好了吗;2;1;3;60050;4.995836802664446e-05
电子书人老老老牛;1;1;2;60050;3.330557868442964e-05
念父;4;18;22;60050;0.00036636136552872605
本命名不改;3;1;4;60050;6.661115736885928e-05
空山不见人c;4;10;14;60050;0.00023313905079100749
补一锤;3;3;6;60050;9.991673605328893e-05
怀旧怪奇电影;3;8;11;60050;0.00018318068276436302
珍妮玛史哆香;1;10;11;60050;0.00018318068276436302
Metropolisian;1;5;6;60050;9.991673605328893e-05
不老果子;2;2;4;60050;6.661115736885928e-05
一个有点憨还带点暖的男孩子;3;1;4;60050;6.661115736885928e-05
导演何瑞博;1;4;5;60050;8.326394671107411e-05
财经记者圈;1;13;14;60050;0.00023313905079100749
旅行的臭袜子;1;4;5;60050;8.326394671107411e-05
_卷毛是我;1;1;2;60050;3.330557868442964e-05
-Lizzy端梨砚;2;6;8;60050;0.00013322231473771856
哈尔滨网警巡查执法;39;17;56;60050;0.0009325562031640299
九头牛公主;1;1;2;60050;3.330557868442964e-05
俞静F;1;7;8;60050;0.00013322231473771856
Maeiee;7;100;107;60050;0.001781848459616986
木木木木笔77;3;2;5;60050;8.326394671107411e-05
锋镝半销;2;3;5;60050;8.326394671107411e-05
专注成长的股事笔记;6;54;60;60050;0.0009991673605328892
漫威粉;5;21;26;60050;0.00043297252289758537
卢旭宁;15;97;112;60050;0.0018651124063280599
心有一份执念丶丶;15;2;17;60050;0.00028309741881765195
袁建新的财经人生;3;86;89;60050;0.001482098251457119
奶爸兄地;12;40;52;60050;0.0008659450457951707
煮酒论财经;2;5;7;60050;0.00011656952539550374
我知鱼鱼可知我;10;2;12;60050;0.00019983347210657785
集香姐姐;3;10;13;60050;0.00021648626144879268
刹那探影;1;3;4;60050;6.661115736885928e-05
G黄智雄;1;2;3;60050;4.995836802664446e-05
静候大橘瓣;2;2;4;60050;6.661115736885928e-05
魔鬼经济学;5;17;22;60050;0.00036636136552872605
骑手绝赞咖速中;2;6;8;60050;0.00013322231473771856
Mmowgli;1;2;3;60050;4.995836802664446e-05
房长沙V;20;68;88;60050;0.0014654454621149042
褶焊羊;1;6;7;60050;0.00011656952539550374
有钱说赢销;1;2;3;60050;4.995836802664446e-05
1年的代价;1;1;2;60050;3.330557868442964e-05
学了些精致的淘气hia;2;2;4;60050;6.661115736885928e-05
Amazon下饭猫;20;162;182;60050;0.0030308076602830972
我滚滚的大学生活;1;1;2;60050;3.330557868442964e-05
Y车评_李扬;14;8;22;60050;0.00036636136552872605
暴风雪天;1;26;27;60050;0.00044962531223980014
荒井健一ak;1;1;2;60050;3.330557868442964e-05
沉默小狗咪;2;2;4;60050;6.661115736885928e-05
月轮山过客;4;81;85;60050;0.0014154870940882597
小股圈你去读书了吗;1;1;2;60050;3.330557868442964e-05
ZPeiLA;1;3;4;60050;6.661115736885928e-05
优设;31;24;55;60050;0.0009159034138218152
谷雨乍过A;3;1;4;60050;6.661115736885928e-05
参考消息;4;17;21;60050;0.0003497085761865112
噗噗噗_谁能理解;1;3;4;60050;6.661115736885928e-05
青年英俊有才华;1;1;2;60050;3.330557868442964e-05
翟亚龙律师;1;1;2;60050;3.330557868442964e-05
onearth2020;3;6;9;60050;0.0001498751040799334
大庆网警巡查执法;8;30;38;60050;0.0006328059950041632
ShouldBeAName;1;2;3;60050;4.995836802664446e-05
加州男大985;12;264;276;60050;0.004596169858451291
牛市Forever;1;3;4;60050;6.661115736885928e-05
凤凰卫视;11;46;57;60050;0.0009492089925062448
王铁匠;24;101;125;60050;0.0020815986677768525
小仲景的投资日记;1;67;68;60050;0.0011323896752706078
Absolutely_xw;10;1;11;60050;0.00018318068276436302
邪吻受难者交流中心;11;42;53;60050;0.0008825978351373855
X玖少年团kasumi;2;3;5;60050;8.326394671107411e-05
刹那数码;16;43;59;60050;0.0009825145711906745
白桦林的露;20;2;22;60050;0.00036636136552872605
jokn_eve;1;2;3;60050;4.995836802664446e-05
爱可可-爱生活;16;124;140;60050;0.002331390507910075
证券市场红周刊;1;10;11;60050;0.00018318068276436302
想去南半球开个小卖铺;3;3;6;60050;9.991673605328893e-05
纪舒森;3;156;159;60050;0.0026477935054121564
用头脑去生活;2;1;3;60050;4.995836802664446e-05
VOllEiZ;8;20;28;60050;0.00046627810158201497
星纪时代官方微博;6;21;27;60050;0.00044962531223980014
牛津Kate朱朱;40;755;795;60050;0.013238967527060783
新浪财经;5;18;23;60050;0.0003830141548709409
Tracy馨荛;2;9;11;60050;0.00018318068276436302
CoderZD;1;18;19;60050;0.0003164029975020816
深焦DeepFocus;4;47;51;60050;0.0008492922564529558
文光围脖1;1;6;7;60050;0.00011656952539550374
一粒小饭团;1;1;2;60050;3.330557868442964e-05
女孩为何穿短裙;15;58;73;60050;0.001215653621981682
榴莲_芋泥;3;5;8;60050;0.00013322231473771856
希希希大吴;9;31;40;60050;0.0006661115736885929
爱可可-爱生活;3;30;33;60050;0.0005495420482930891
大风评点;10;20;30;60050;0.0004995836802664446
董董Mercurio;1;41;42;60050;0.0006994171523730224
老刘在深圳;5;3;8;60050;0.00013322231473771856
英国院校百科;5;120;125;60050;0.0020815986677768525
圆周率yy;1;2;3;60050;4.995836802664446e-05
武汉陈国恩;8;30;38;60050;0.0006328059950041632
itsCruelSummer;1;1;2;60050;3.330557868442964e-05
RSSKY-;2;1;3;60050;4.995836802664446e-05
我是路人怎么滴;1;3;4;60050;6.661115736885928e-05
夸克传媒王如晨;1;4;5;60050;8.326394671107411e-05
北落的师门;5;47;52;60050;0.0008659450457951707
PortraitofAWomanonFire;1;2;3;60050;4.995836802664446e-05
价值投资金镝;2;12;14;60050;0.00023313905079100749
小王有变温柔吗;1;1;2;60050;3.330557868442964e-05
一肉椰椰;5;1;6;60050;9.991673605328893e-05
无敌;37;34;71;60050;0.0011823480432972522
福布斯中文网;1;4;5;60050;8.326394671107411e-05
儒家公羊学;13;20;33;60050;0.0005495420482930891
Kongxxxxxl;1;3;4;60050;6.661115736885928e-05
刚砌的磕男;1;1;2;60050;3.330557868442964e-05
真正的人工智能;1;2;3;60050;4.995836802664446e-05
今日宋一个太阳;10;1;11;60050;0.00018318068276436302
努力迪迪向前冲;4;1;5;60050;8.326394671107411e-05
swwcsu在猫儿村不在中南;4;4;8;60050;0.00013322231473771856
现实十种;1;3;4;60050;6.661115736885928e-05
搂着房照睡的香;2;26;28;60050;0.00046627810158201497
Evelyn_Chow_;2;2;4;60050;6.661115736885928e-05
Jispearo;9;2;11;60050;0.00018318068276436302
赛凡智云;2;4;6;60050;9.991673605328893e-05
屿三少;10;2;12;60050;0.00019983347210657785
Gzq_1998;2;15;17;60050;0.00028309741881765195
正宗啥啥都有;4;2;6;60050;9.991673605328893e-05
·做我的猫··;1;1;2;60050;3.330557868442964e-05
时代风向圈;1;1;2;60050;3.330557868442964e-05
电竞召唤师;8;128;136;60050;0.0022647793505412156
陳某豪;1;1;2;60050;3.330557868442964e-05
财女说;4;4;8;60050;0.00013322231473771856
人工智障-智子sophoN__;1;15;16;60050;0.0002664446294754371
Lu_22_;1;1;2;60050;3.330557868442964e-05
网路冷眼;1;29;30;60050;0.0004995836802664446
去月球罚站哦;1;5;6;60050;9.991673605328893e-05
老宫医生;1;2;3;60050;4.995836802664446e-05
蜡笔木的油;2;1;3;60050;4.995836802664446e-05
舒中胜;3;7;10;60050;0.00016652789342214822
新财富杂志;2;5;7;60050;0.00011656952539550374
派拿普鲁屠鲨者;3;5;8;60050;0.00013322231473771856
我偶像不卖萌啊啊;22;145;167;60050;0.002781015820149875
吕底娅啊;3;7;10;60050;0.00016652789342214822
虎扑足球;32;194;226;60050;0.0037635303913405495
郭咏;1;2;3;60050;4.995836802664446e-05
齐煜;51;235;286;60050;0.004762697751873439
相与潜海;2;1;3;60050;4.995836802664446e-05
右上方多努力;2;1;3;60050;4.995836802664446e-05
中环金融老太;5;4;9;60050;0.0001498751040799334
eating爱吃糖;2;1;3;60050;4.995836802664446e-05
侠客张_DeFi;4;39;43;60050;0.0007160699417152373
玫斯METZ;2;1;3;60050;4.995836802664446e-05
中环金融老太;1;4;5;60050;8.326394671107411e-05
等一下表哥站又要了;2;6;8;60050;0.00013322231473771856
nottobeophelia-;1;10;11;60050;0.00018318068276436302
瑞典王储的西化女儿;4;4;8;60050;0.00013322231473771856
Esmeraldaaa-;3;1;4;60050;6.661115736885928e-05
澎湃新闻;1;18;19;60050;0.0003164029975020816
重生之鼠鼠我是大帅哥;1;3;4;60050;6.661115736885928e-05
Real0Double;4;9;13;60050;0.00021648626144879268
西北望看台;62;153;215;60050;0.0035803497085761865
批厨;13;87;100;60050;0.0016652789342214821
不仅爱吃;1;1;2;60050;3.330557868442964e-05
欧洲时报德国版;2;6;8;60050;0.00013322231473771856
-Angiosperm;3;1;4;60050;6.661115736885928e-05
八哥爱看球;6;9;15;60050;0.0002497918401332223
奔跑的法老;1;19;20;60050;0.00033305578684429644
凯瑟琳大王;107;385;492;60050;0.008193172356369693
莓辣-色阿;5;103;108;60050;0.0017985012489592006
KIKO张要心想事成;3;8;11;60050;0.00018318068276436302
梨巴;18;28;46;60050;0.0007660283097418818
雪山吃大鱼;3;14;17;60050;0.00028309741881765195
whisky只加冰;1;2;3;60050;4.995836802664446e-05
吕杨先生;1;16;17;60050;0.00028309741881765195
小央视频;5;11;16;60050;0.0002664446294754371
Ronnie君;50;548;598;60050;0.009958368026644463
银河来电电电;2;3;5;60050;8.326394671107411e-05
飞砂童话;3;1;4;60050;6.661115736885928e-05
爱可可-爱生活;1;35;36;60050;0.0005995004163197336
YOgUrt_BBeRRy;6;4;10;60050;0.00016652789342214822
电商报;19;50;69;60050;0.0011490424646128227
每日经济新闻;3;8;11;60050;0.00018318068276436302
砺石刘学辉;2;7;9;60050;0.0001498751040799334
学点英语口语;2;45;47;60050;0.0007826810990840966
布拉卡莫西;1;1;2;60050;3.330557868442964e-05
hgxc7012;1;2;3;60050;4.995836802664446e-05
電台營火;1;2;3;60050;4.995836802664446e-05
东京温哥;3;3;6;60050;9.991673605328893e-05
凤凰网科技;3;7;10;60050;0.00016652789342214822
yanka_kaka;1;10;11;60050;0.00018318068276436302
蓝鲸财经记者工作平台;3;6;9;60050;0.0001498751040799334
飞在全球;3;18;21;60050;0.0003497085761865112
shakallaka;1;1;2;60050;3.330557868442964e-05
秋名山白神;2;7;9;60050;0.0001498751040799334
犹太人陆燕青;2;2;4;60050;6.661115736885928e-05
新浪财经;2;3;5;60050;8.326394671107411e-05
爱可可-爱生活;10;88;98;60050;0.0016319733555370524
日童不是目童不是水童不是木同;2;1;3;60050;4.995836802664446e-05
爱与治愈的糖糖Um;2;3;5;60050;8.326394671107411e-05
枕头下放本书;1;1;2;60050;3.330557868442964e-05
升升sy;2;1;3;60050;4.995836802664446e-05
GitHubDaily;6;197;203;60050;0.0033805162364696087
律界王凯;1;1;2;60050;3.330557868442964e-05
NickZT7;2;2;4;60050;6.661115736885928e-05
夏星凡;2;7;9;60050;0.0001498751040799334
马牧之;2;4;6;60050;9.991673605328893e-05
Display3D;1;1;2;60050;3.330557868442964e-05
会发疯的川香肉丝;3;1;4;60050;6.661115736885928e-05
低级认知;1;2;3;60050;4.995836802664446e-05
喜欢看星星的Cindy;1;1;2;60050;3.330557868442964e-05
流水的任务铁打的混子;1;2;3;60050;4.995836802664446e-05
你真有点笨吧;3;1;4;60050;6.661115736885928e-05
DriimeR_Arcs;3;4;7;60050;0.00011656952539550374
今天我买房了咩;1;6;7;60050;0.00011656952539550374
金融界网站;2;1;3;60050;4.995836802664446e-05
财志品牌资本论;1;6;7;60050;0.00011656952539550374
我今日學咗乜嘢;2;2;4;60050;6.661115736885928e-05
Trader1o1;2;3;5;60050;8.326394671107411e-05
临界攻角;1;6;7;60050;0.00011656952539550374
香港衛視HKS;1;3;4;60050;6.661115736885928e-05
财联社APP;5;24;29;60050;0.0004829308909242298
财新网;3;20;23;60050;0.0003830141548709409
archah;1;1;2;60050;3.330557868442964e-05
戒糖_戒燥;1;1;2;60050;3.330557868442964e-05
数码科技大爆炸VVV;94;1338;1432;60050;0.023846794338051622
Hh_zzzzc;2;2;4;60050;6.661115736885928e-05
GInger様;11;2;13;60050;0.00021648626144879268
桑枝嘤嘤燕;2;1;3;60050;4.995836802664446e-05
-Yiuu7ees_;1;2;3;60050;4.995836802664446e-05
营养医师王兴国;1;2;3;60050;4.995836802664446e-05
李桂江;6;81;87;60050;0.0014487926727726895
界面Vnews;3;23;26;60050;0.00043297252289758537
36氪;13;87;100;60050;0.0016652789342214821
密涅瓦同猫头鹰;2;4;6;60050;9.991673605328893e-05
瑜晨Jennie;2;8;10;60050;0.00016652789342214822
ballMarkowitz;1;4;5;60050;8.326394671107411e-05
禁止托腮;1;1;2;60050;3.330557868442964e-05
觉树下;4;17;21;60050;0.0003497085761865112
互联网八哥;32;80;112;60050;0.0018651124063280599
电商报;20;167;187;60050;0.0031140716069941714
剑哥传奇;5;48;53;60050;0.0008825978351373855
互联网的一些事;1;2;3;60050;4.995836802664446e-05
曼妙楽女;2;4;6;60050;9.991673605328893e-05
重启第二次;1;2;3;60050;4.995836802664446e-05
按时吃饭者发言;3;1;4;60050;6.661115736885928e-05
易羊子;5;1;6;60050;9.991673605328893e-05
英国朱迪;1;1;2;60050;3.330557868442964e-05
愿世界美好善良;8;2;10;60050;0.00016652789342214822
啊嘞一起搞声嘞没救嘞;3;2;5;60050;8.326394671107411e-05
Utroypia;3;13;16;60050;0.0002664446294754371
LearnAndRecord;6;40;46;60050;0.0007660283097418818
一只找路佯;2;1;3;60050;4.995836802664446e-05
36氪;14;245;259;60050;0.004313072439633639
茶云乌龙嗷;1;2;3;60050;4.995836802664446e-05
小满;148;360;508;60050;0.00845961698584513
褚明宇;91;717;808;60050;0.013455453788509575
Snnnnnc;1;2;3;60050;4.995836802664446e-05
-非衣裴-;1;2;3;60050;4.995836802664446e-05
璚酱;37;7;44;60050;0.0007327227310574521
张敞;8;80;88;60050;0.0014654454621149042
网路冷眼;1;16;17;60050;0.00028309741881765195
Arjuna行善积德;1;5;6;60050;9.991673605328893e-05
沁沁的平行宇宙;1;2;3;60050;4.995836802664446e-05
王春彧;202;3235;3437;60050;0.05723563696919234
百亩森林小熊噗噗;2;1;3;60050;4.995836802664446e-05
云财经;2;3;5;60050;8.326394671107411e-05
弄瑜葬花;1;1;2;60050;3.330557868442964e-05
水木锦衣;1;7;8;60050;0.00013322231473771856
mentoove;1;1;2;60050;3.330557868442964e-05
宏观对冲陈凯丰Kevin;25;135;160;60050;0.0026644462947543715
邦邦就是两拳C;1;1;2;60050;3.330557868442964e-05
一书之隔;1;3;4;60050;6.661115736885928e-05
小胖_Vigny;4;2;6;60050;9.991673605328893e-05
机器人产业随想录;1;2;3;60050;4.995836802664446e-05
WWWen_y;15;2;17;60050;0.00028309741881765195
双笙breaking;19;2;21;60050;0.0003497085761865112
叉分机;5;12;17;60050;0.00028309741881765195
vector_HSCN_reborn_version;1;6;7;60050;0.00011656952539550374
徐马各;14;59;73;60050;0.001215653621981682
财联社APP;27;28;55;60050;0.0009159034138218152
林优秀88;44;80;124;60050;0.002064945878434638
一只低调做人的小花花;4;5;9;60050;0.0001498751040799334
姬永锋;41;272;313;60050;0.005212323064113239
淘金王富贵;4;13;17;60050;0.00028309741881765195
Vista看天下;13;225;238;60050;0.003963363863447127
曼哈顿GiGi;3;10;13;60050;0.00021648626144879268
量子位;9;140;149;60050;0.0024812656119900084
GitHubDaily;5;154;159;60050;0.0026477935054121564
盈萍-家庭财富守门员;1;1;2;60050;3.330557868442964e-05
双博士的分享;5;30;35;60050;0.0005828476269775188
有种就是菠萝头;1;1;2;60050;3.330557868442964e-05
蚁工厂;2;19;21;60050;0.0003497085761865112
KIRA-BOUNCYGIRL;1;7;8;60050;0.00013322231473771856
小刘同学_qaq;1;1;2;60050;3.330557868442964e-05
凡人车事;10;14;24;60050;0.0003996669442131557
小众软件;7;14;21;60050;0.0003497085761865112
永寿宫唯一指定战神;5;2;7;60050;0.00011656952539550374
福布斯中文网;4;6;10;60050;0.00016652789342214822
枣庄在线;3;4;7;60050;0.00011656952539550374
小满;170;419;589;60050;0.00980849292256453
方正之间;5;6;11;60050;0.00018318068276436302
灬野原新之助;1;2;3;60050;4.995836802664446e-05
湛蓝视频;25;549;574;60050;0.009558701082431308
笑笑紫微斗数;20;54;74;60050;0.0012323064113238967
冰博克不够得儿踢;1;1;2;60050;3.330557868442964e-05
巴菲特爱吃肉;8;21;29;60050;0.0004829308909242298
山歌辣子鸡;2;1;3;60050;4.995836802664446e-05
螺蛳粉er公主;4;2;6;60050;9.991673605328893e-05
究竟视频;1;1;2;60050;3.330557868442964e-05
WinnieS的微博;2;9;11;60050;0.00018318068276436302
冇梨;2;9;11;60050;0.00018318068276436302
米格战斗飞机联合体;1;12;13;60050;0.00021648626144879268
岩筱如风1990;2;2;4;60050;6.661115736885928e-05
突破擒龙策略圈;1;1;2;60050;3.330557868442964e-05
王熊daddy;1;4;5;60050;8.326394671107411e-05
老刘在人间凑数;8;185;193;60050;0.0032139883430474603
Dialysis伍君仪;2;1;3;60050;4.995836802664446e-05
封封疯了吧;1;1;2;60050;3.330557868442964e-05
杨大宝在思考;3;157;160;60050;0.0026644462947543715
棉花絮飞;6;36;42;60050;0.0006994171523730224
Year_小王子;2;1;3;60050;4.995836802664446e-05
-一位先生;7;6;13;60050;0.00021648626144879268
新财富杂志;4;18;22;60050;0.00036636136552872605
区块故事;4;4;8;60050;0.00013322231473771856
紫荻锦茵;3;8;11;60050;0.00018318068276436302
乐因岚;1;1;2;60050;3.330557868442964e-05
没有我找不到的电子书;11;138;149;60050;0.0024812656119900084
陈怀哲;1;1;2;60050;3.330557868442964e-05
南轩墨兮驻微博办公室;1;7;8;60050;0.00013322231473771856
贪心懒羊羊;1;1;2;60050;3.330557868442964e-05
小斌本斌;4;2;6;60050;9.991673605328893e-05
盈先生1984;3;9;12;60050;0.00019983347210657785
股道工匠;1;1;2;60050;3.330557868442964e-05
珞夜yoru;1;2;3;60050;4.995836802664446e-05
知识改变力量;1;3;4;60050;6.661115736885928e-05
乌鸦·火堂;1;4;5;60050;8.326394671107411e-05
雪碧与代码;2;1;3;60050;4.995836802664446e-05
阿幸学长;1;1;2;60050;3.330557868442964e-05
卡洛神奇生物图鉴;6;97;103;60050;0.0017152373022481266
耐心守护成长;1;1;2;60050;3.330557868442964e-05
进击的小新Pro;1;2;3;60050;4.995836802664446e-05
drunkyo-;1;1;2;60050;3.330557868442964e-05
爱霸英语教学与翻译;1;7;8;60050;0.00013322231473771856
方脑壳邓铂鋆;8;72;80;60050;0.0013322231473771858
李一明vv;1;6;7;60050;0.00011656952539550374
澎湃新闻;43;131;174;60050;0.002897585345545379
七环视频;1;3;4;60050;6.661115736885928e-05
好好学医-天天向上;2;3;5;60050;8.326394671107411e-05
KITTEN-YANG;31;262;293;60050;0.004879267277268943
虎嗅APP;2;3;5;60050;8.326394671107411e-05
享受股市的历史进程;1;7;8;60050;0.00013322231473771856
业余宽客;2;10;12;60050;0.00019983347210657785
海拉鲁独角兽;3;4;7;60050;0.00011656952539550374
和气生财yeah;1;1;2;60050;3.330557868442964e-05
泰勒裂开;2;1;3;60050;4.995836802664446e-05
甘露寺在逃熹贵妃;1;1;2;60050;3.330557868442964e-05
Kason台阳;2;10;12;60050;0.00019983347210657785
纯银V;18;111;129;60050;0.002148209825145712
勿问无闻也无温;1;42;43;60050;0.0007160699417152373
虾包;2;2;4;60050;6.661115736885928e-05
侠客张_DeFi;4;24;28;60050;0.00046627810158201497
-会有好运的-;30;5;35;60050;0.0005828476269775188
价值投资日志;5;53;58;60050;0.0009658617818484596
秋庭雲雀;2;5;7;60050;0.00011656952539550374
LEE农民的拖拉机;2;4;6;60050;9.991673605328893e-05
来一杯茉香奶绿er;1;2;3;60050;4.995836802664446e-05
magic_boomboom;4;1;5;60050;8.326394671107411e-05
返回原棣;2;2;4;60050;6.661115736885928e-05
笔夫;74;135;209;60050;0.0034804329725228976
三石小记;4;25;29;60050;0.0004829308909242298
财联社APP;28;151;179;60050;0.002980849292256453
强国微言;2;2;4;60050;6.661115736885928e-05
白袍法师艾萨克;4;29;33;60050;0.0005495420482930891
想法危险的Lee;1;3;4;60050;6.661115736885928e-05
炒股小队长;1;10;11;60050;0.00018318068276436302
托托托托_;6;1;7;60050;0.00011656952539550374
CSDN;3;1;4;60050;6.661115736885928e-05
螺蛳湾房哥;1;1;2;60050;3.330557868442964e-05
JIMMYs动画剧场;3;31;34;60050;0.0005661948376353039
美金大玩家;1;3;4;60050;6.661115736885928e-05
兔子精rainie;3;2;5;60050;8.326394671107411e-05
天才八妹;4;3;7;60050;0.00011656952539550374
-摘到星星了吗-;1;1;2;60050;3.330557868442964e-05
衣柜军团发声筒;7;43;50;60050;0.0008326394671107411
四两毛栗子;2;3;5;60050;8.326394671107411e-05
北上大海;1;9;10;60050;0.00016652789342214822
-RELI-Really--;1;3;4;60050;6.661115736885928e-05
水晶球财经网;1;3;4;60050;6.661115736885928e-05
油尖旺金南玲;2;2;4;60050;6.661115736885928e-05
简佳人儿;9;28;37;60050;0.0006161532056619483
马占凯;2;5;7;60050;0.00011656952539550374
guoke0511;1;1;2;60050;3.330557868442964e-05
飞象网项立刚;61;804;865;60050;0.01440466278101582
成都DAO;3;4;7;60050;0.00011656952539550374
Siddharthaer;2;1;3;60050;4.995836802664446e-05
小众软件;19;18;37;60050;0.0006161532056619483
Angelica的大树;3;1;4;60050;6.661115736885928e-05
有轶见的Kris;4;50;54;60050;0.0008992506244796003
Flying-Beta;18;68;86;60050;0.0014321398834304746
正能量居士郭宇宽;2;2;4;60050;6.661115736885928e-05
q兴言;1;1;2;60050;3.330557868442964e-05
荒井健一ak;3;1;4;60050;6.661115736885928e-05
Zyaire-Yang;1;2;3;60050;4.995836802664446e-05
我要超级温柔呀;3;1;4;60050;6.661115736885928e-05
每天做梦想毕业;2;3;5;60050;8.326394671107411e-05
Miss汉谟拉比;13;247;260;60050;0.0043297252289758534
