label;一级评论;真实二级评论数;真实点赞数;边数;最大边数;集群密度
3;吊哩吊哩是这样子的;19;9078;9097;9097;1.0
23;已经被封了，b站动手很快，稿件都被清空了 http://t.cn/A6NrnF5v;28;2282;2310;9097;0.2539298669891173
52;我就知道会演变成这样。恋童癖，变态们，以后就可以找人买幼女被xx的ai动画了。;15;2793;2808;9097;0.3086731889633945
69;能不能送他们上热搜[可爱]我想他们死，不是开玩笑;13;1185;1198;9097;0.131691766516434
83;想不通了平时一刀切这个切那个的，动画片切了游戏切了小说切了什么都切了，到ai侵权生成图文，发展到换脸，再到ai生成儿童软色情，这时候怎么不把ai一刀切了;8;843;851;9097;0.09354732329339342
92;全部阉了[作揖]急急急急急急;1;707;708;9097;0.07782785533692427
95;男人还有底线吗;19;429;448;9097;0.04924700450698032
115;可是也是你发的文案里说b站把ta的稿件退回过，也被删过，说明还是做过措施的[思考];10;22;32;9097;0.003517643179070023
126;联络网警，举报涉黄和人像侵权，群众也能集体维权;1;238;239;9097;0.026272397493679236
128;都13了;4;165;169;9097;0.01857755303946356
133;我去联系b站客服了，同时也向网警举报了，b站客服一开始一直让我自己点举报，直到看到我说联系了网警并会在后续直接联系警察时才说让专人联系我;7;185;192;9097;0.021105859074420138
143;所以b站一天天到底在审什么[吐];5;116;121;9097;0.013301088270858524
154;脱口秀那个抓那么快恋童的能不能也快点抓 脱口秀那个只敢口嗨恋童的可是真敢动手啊;1;39;40;9097;0.004397053973837529
159;评论里那个“崇尚纯真美”的说法把ltp搞得那么清新脱俗，ltp永远不会被洗白[拜拜][拜拜][吐][吐][吐][吐];1;25;26;9097;0.0028580850829943937
163;好消息，明天唐嫣告b站要开庭了;1;38;39;9097;0.00428712762449159
182;@Mera的幻视 这种的怎么就没有“绝不容忍”没有“抓了”[怒];1;4;5;9097;0.0005496317467296911
190;怎么举报b站啊[泪]刚刚把视频举报了但感觉用处不大，还不如直接举报app;1;4;5;9097;0.0005496317467296911
260;[吐][吐][吐]@梦倥;1;0;1;9097;0.00010992634934593822
294;@Re_miao;1;0;1;9097;0.00010992634934593822
425;她发了解释，只是想要研究ai，完善自己想要和自己做到的未来版，并不是靠ai吃饭，也不是训练ai让自己靠他吃饭，怎么能被曲解成这样，这样不懂前因后果的喷别人你们都很开心？这样的微博只能让别人被网爆;20;684;704;9097;0.0773881499395405
447;她十几年前火的一塌糊涂…;31;3336;3367;9097;0.37012201824777397
479;他怎么魔怔成这样了……;1;3686;3687;9097;0.4052984500384742
482;审美断崖式下跌。没救;1;2364;2365;9097;0.2599758162031439
484;求求了，别啥都搞明白就发这种微博，别ai应激了 http://t.cn/A6NuH0Qc;38;265;303;9097;0.03330768385181928
524;这画风到现在也很能打啊，永远不理解心甘情愿吃答辩的人。;8;1181;1189;9097;0.13070242937232054
533;在这里审判一通不如直接给作者打钱说自己喜欢她以前的画风;21;111;132;9097;0.014510278113663845
555;古早画风放现在其实好难吃饭，能感受到她的焦虑，哎，，，炼ai很难评，希望她之后能走上更好的未来吧;31;544;575;9097;0.06320765087391447
587;这位真的，不能理解到底是着了什么魔;9;919;928;9097;0.10201165219303067
597;评论区别太好笑了，觉得这位是因为古早画风赚不到钱，所以炼AI画风。你都用AI了，还想从我这里赚到钱就更搞笑，想要AI图的人还愿意还花钱啊？？？;8;743;751;9097;0.0825546883587996
606;以前真的很喜欢kagalin老师[泪]看着她因为徐三石的骚操作退坑盗笔后画魔戒也很有风格，没想到在看见就是这种事了…究竟为什么会画风焦虑到觉得自己不如十块啊为什么会这样啊好崩溃;11;516;527;9097;0.057931186105309444
618;仿佛看到张檬整容;3;593;596;9097;0.06551610421017919
625;先不论是不是打算用ai画稿，这个高强度ai刷屏已经很烦人了，粉丝怎么忍住的不取关;5;344;349;9097;0.03836429592173244
632;那么多人能被自己建一个图库这种说法骗。做不到的啊数量不够的。别说一个人了，一个上市公司说只用自家游戏的图搞了个图库都假的很。数量就是不够的。比如之前mhy说所谓的自家ai，衣褶融出河cy的效果把我看乐了[哆啦A梦害怕];2;286;288;9097;0.031658788611630205
638;p6十年前似乎见过[苦澀];1;172;173;9097;0.019017258436847314
641;画师拿自己的图去喂ai就能合理化ai吗？用了ai本来就已经是错误了，没想到这位太太已经魔怔了;2;53;55;9097;0.006045949214026602
644;这是哪位画师啊，这张图见过;2;72;74;9097;0.008134549851599428
648;怎么说，现在她之前的那个风格不可能没饭吃，有一定知名度加上出圈作品，我之前看过专门研究古早风的作者也是有很多市场需求的，只能说还是想赚大钱吧。（AI现在100%侵权吧，想不到什么人能攒原创图数量到能做底库的）;2;87;89;9097;0.009783445091788502
651;但我觉得可能是 独特画风接商稿较难 所以画手在寻找当下流行画风和自己旧图的融合碰撞吧【我不会画画我胡乱分析的 如有不对我提前先道歉🙊🙊🙊;4;18;22;9097;0.0024183796856106408
658;高中时期蛮喜欢的画师还买过小薄本（真心不便宜）画风很有辨识度的，心态跟不上了吧，像是妈妈觉得自己儿子网瘾了送去给杨永信的程度，真无法理解了;1;64;65;9097;0.0071452127074859845
661;不就是画师画风过时了，所以用ai炼一下看看能怎么把自己独特画风融进现在流行的画风里面，看看以后能走的方向是什么，你们说她以前画风好，但她靠这个画风吃不了饭了呀……;5;17;22;9097;0.0024183796856106408
669;十几年前因为魔戒系列喜欢她很久的老粉了，但是说句实在的，她在画完那些图之后就再也没什么产出了，在微博也不发画了。基本上都是自己喜欢的模型花花草草什么的。然后等她开始密集发AI之后就取关了。太魔怔了;1;25;26;9097;0.0028580850829943937
674;啊啊啊啊啊啊p1我前好几年一直挂在空间[泪]怎么变成这样了[泪];3;25;28;9097;0.00307793778168627
679;想纠正一下，青莲这个人物的原设不是这个人，她应该不算是亲妈。 青莲的前身是梦间集的青莲剑，梦间集还有天鹅座的1测2测的青莲都是原画师负责的。 但是因为原画师的画风难以复制不方便出乙游卡面，所以天鹅座的最终测试和正式版都换了形象也换成了这个人负责。从天鹅座官博的头像变化是能看出来的 http://t.cn/A6NuFSGQ;1;31;32;9097;0.003517643179070023
681;“前几张小花很没辨识度”要不要看看自己在说什么？以前这组图火成什么样不知道吗？;3;21;24;9097;0.0026382323843025172
692;画手正是因为自己的不完美之处充分展现了不一样而具有了辨识度、有了个人特色。或许AI可以帮助你更大限度地去完成一张画，去提高画的完整度，但所缺失的带有“个人印记”的部分是目前的AI无法提取特征再融入到并体现在你的AI成品画中的。;1;19;20;9097;0.0021985269869187643
701;不会编程的纯门外汉，我是这么理解ai的，首先有很多很多画手画了上亿张图，这些图里的姿势（站着坐着躺着蹲着)、造型(手是打招呼还是摸脸等，脸朝前朝左朝右等)、元素(配饰如耳环皇冠等)每一张都不一样，然后用ai的人输入关键词，ai就从这些图里扣出要的然后按人体结构拼起来。;1;10;11;9097;0.0012091898428053204
704;啊？;1;0;1;9097;0.00010992634934593822
709;这个画手是不是还画过密林父子？;1;1;2;9097;0.00021985269869187644
714;@只是一个普通的吃瓜群众 是熟悉的老人......;1;0;1;9097;0.00010992634934593822
717;这个作者是不是还有一组很出圈的魔戒的图;1;0;1;9097;0.00010992634934593822
941;不讨论ai炼尸侵权问题前提 感觉在看天然美女容貌焦虑整成网红脸全过程…………;2;63;65;9097;0.0071452127074859845
944;我初中就存了很多她的图……ai炼出的图真的不如她十年前的图，我以一个画手的角度来说，她自己的图扎实又细腻、线条流畅色彩丰富，脸也画得英气又柔和，比油腻腻的ai图好上百倍;1;3;4;9097;0.0004397053973837529
958;@AvoToast 诶哟;3;0;3;9097;0.00032977904803781465
965;没你画的好;1;726;727;9097;0.07991645597449709
967;构成和主题劣化的太厉害了，角色也没有生气…………ai把所有颜色的钻石都加工成了稳定的碳;5;659;664;9097;0.07299109596570298
973;感觉已经没有特别愤怒的那种情绪了，完全麻木。。。AI搞的脸真可爱，让我抄抄;3;253;256;9097;0.028141145432560185
977;我感觉我能一眼鉴ai了已经…脸好像是老师常画的那种脸但完全没有那种可爱但是氛围很绝的感觉;1;112;113;9097;0.01242167747609102
979;跑一张图户口本少一页[笑哈哈];2;105;107;9097;0.01176211938001539
982;精细是精细，但远没你画的有灵气;1;69;70;9097;0.007694844454215676
984;[哆啦A梦害怕]这个质感比不上大人一根毛;1;28;29;9097;0.0031878641310322084
986;受不了了一点开以为老师画的商稿才这么油（;1;25;26;9097;0.0028580850829943937
988;……绝[哆啦A梦害怕]了[哆啦A梦害怕]好无语;1;3;4;9097;0.0004397053973837529
990;感觉ai跑的很油腻呆板……没有老师画的灵动[衰][衰][泪][泪];2;8;10;9097;0.0010992634934593821
993;来个lora模型让我也跑跑[doge];1;1;2;9097;0.00021985269869187644
995;但是不是人画的感觉真不行，老师画的感觉像薄纱质感的，ai 太油了;1;8;9;9097;0.000989337144113444
997;受不了。。。。[抱抱][抱抱][抱抱][抱抱][抱抱];2;0;2;9097;0.00021985269869187644
1000;还是老师画的好 感觉油而且土🧐;1;5;6;9097;0.0006595580960756293
1002;图二蛮可爱的…不过ai也就只能看整体了;1;2;3;9097;0.00032977904803781465
1004;[失望][失望]要不是老师原来就画的好看，哪有这群ai的事！！！啊啊啊啊;1;1;2;9097;0.00021985269869187644
1006;要不自己炼自己的模型…;1;0;1;9097;0.00010992634934593822
1008;老师画的永远是老师画的[鲜花];1;1;2;9097;0.00021985269869187644
1010;好离谱……因为咪喜欢在画的角落打水印，p1把水印也当作画的一部分抄过去了………有点绷不住了……;1;1;2;9097;0.00021985269869187644
1012;感觉老师画的有灵气，有故事感，很有生命气息，吸引力。这个乍一看挺可爱但是没什么特点，看着很平淡;1;1;2;9097;0.00021985269869187644
1014;老师你画的更可爱！[哇][哇];1;0;1;9097;0.00010992634934593822
1016;老师画的好看多了[抱抱][抱抱];1;1;2;9097;0.00021985269869187644
1018;[费解][微笑][微笑];1;0;1;9097;0.00010992634934593822
1020;[吃惊];1;0;1;9097;0.00010992634934593822
1025;还挺可爱的[汗]就是没经过同意，这就是盗窃了;1;0;1;9097;0.00010992634934593822
1027;首页来的 看ai图感觉一般……看老师以前的图惊为天人 太好看了;1;0;1;9097;0.00010992634934593822
1064;[二哈]近看修图能修到手痛;1;0;1;9097;0.00010992634934593822
1075;可爱，五官和眼睛看的方向莫名其妙;1;0;1;9097;0.00010992634934593822
1163;但是有一说一，她/他们真的是会付费约稿的群体吗？[笑cry];8;570;578;9097;0.0635374299219523
1172;我能产百万张这种我是什么;3;211;214;9097;0.02352423876003078
1178;肉眼可见垫了宫崎骏动画，不垫连这都弄不出来，离谱;1;75;76;9097;0.008354402550291304
1187;好眼熟好像在哪儿看过原图，;2;3;5;9097;0.0005496317467296911
1217;恋尸癖;16;7213;7229;9097;0.7946575794217874
1234;原图用一根毛秒了[微笑];1;3746;3747;9097;0.4118940309992305
1236;不愧是碎尸拼成的连眼睛都像似了800年一般空洞;6;2348;2354;9097;0.2587666263603386
1243;？？？不是，谁允许他把伊吹五月的图拿去喂Ai了啊？伊吹五月同意了吗？;12;1528;1540;9097;0.16928657799274485
1256;ai别蹭了;4;1601;1605;9097;0.17643179070023085
1261;我就没明白，你们老是拿AI和顶级画师，艺术家比，怎么大家都是这水平么？？AI容易淘汰的都是中层和底层画师啊！一般的项目质量也不需要艺术水平啊？;19;162;181;9097;0.019896669231614816
1281;眼睛都没有焦点...一眼尸体;1;1155;1156;9097;0.1270748598439046
1284;图一是？（我已经真假难辨了;18;112;130;9097;0.014290425414971969
1303;AI小鬼要不在看看[开学季][开学季] http://t.cn/A6NfWPfW;29;387;416;9097;0.0457293613279103
1333;你让ai给我画个山河人间试试[二哈]鸡腿子的分镜才是最强的;7;493;500;9097;0.05496317467296911
1341;比不上伊吹一根，别蹭;2;576;578;9097;0.0635374299219523
1346;p3难道不还是韩风吗[费解]哪里有伊吹的风格了;8;145;153;9097;0.01681873144992855
1355;这是十年前伊吹五月的作品，这不也吊打ai？？？？靠 http://t.cn/A6NfYiqc;15;201;216;9097;0.023744091458722656
1371;不明白，ai生成的图不会觉得颜色很油腻吗[微笑]和老师原图一对比，简直答辩。。;3;226;229;9097;0.02517313400021985
1377;啊？我觉得1、2都很好…;4;8;12;9097;0.0013191161921512586
1382;问问图一这个角色出自哪里呀好好看[泪];9;21;30;9097;0.0032977904803781466
1401;这很难评，不是所有古风都能算伊吹…;1;8;9;9097;0.000989337144113444
1404;[吃瓜]审美这个东西，对于外行真的没法说。我们看的到构图色彩氛围，他们看这美图秀秀脸真就觉得跟原作者创作的一模一样。;2;13;15;9097;0.0016488952401890733
1407;不是一个画风啊;6;3;9;9097;0.000989337144113444
1417;十块的画风还是太油腻了。。。看点好的;1;8;9;9097;0.000989337144113444
1423;想知道2是腿子什么时候发在哪个号的[委屈]或者随有高清一点的原图吗想存一下;2;1;3;9097;0.00032977904803781465
1427;p1特别特别好看！！这位老师有没有人可以给我介绍一下[单身狗][单身狗][单身狗];2;1;3;9097;0.00032977904803781465
1456;眼里无神看着好看但是却又看不出什么，很空洞。;1;3;4;9097;0.0004397053973837529
1679;有一种尸块拼凑的难受……绘画还好点，真人真的不行;1;0;1;9097;0.00010992634934593822
1681;根本避不开[苦涩];1;0;1;9097;0.00010992634934593822
1685;AI绘画入口 http://t.cn/A6CMER7r 不要💰;1;12;13;9097;0.0014290425414971969
1687;🥤;2;1;3;9097;0.00032977904803781465
1690;诶呀看起来真不错[抱抱];1;5;6;9097;0.0006595580960756293
1692;喜欢[打call];1;2;3;9097;0.00032977904803781465
1694;画个东南亚选秀博士;1;2;3;9097;0.00032977904803781465
1696;天呐天呢;1;0;1;9097;0.00010992634934593822
1698;[抱一抱];1;0;1;9097;0.00010992634934593822
1700;我画;1;0;1;9097;0.00010992634934593822
1702;厉害;1;0;1;9097;0.00010992634934593822
1758;这列车横着跑？;1;0;1;9097;0.00010992634934593822
1770;[赞];1;0;1;9097;0.00010992634934593822
1773;看完UP主这幅，我知道了，AI绘画只是工具，代替不了有思想的灵魂。[中国赞];4;0;4;9097;0.0004397053973837529
1797;图5.美女是谁哇[举手];2;0;2;9097;0.00021985269869187644
1800;针不戳[收到];1;1;2;9097;0.00021985269869187644
1802;哇好看，什么软件啊？;1;6;7;9097;0.0007694844454215675
1804;最后一张是谁呀？;2;3;5;9097;0.0005496317467296911
1809;p2是哪位美女[憧憬]好好看;1;2;3;9097;0.00032977904803781465
1813;哇画得好好看;1;1;2;9097;0.00021985269869187644
1940;第二张是谁哇;1;0;1;9097;0.00010992634934593822
1972;视频有语言要求嘛;2;6;8;9097;0.0008794107947675058
1975;请问投稿邮箱是什么呀[爱你]想把自己的画投了;1;0;1;9097;0.00010992634934593822
1979;那个，现在想投稿还来得及吗？;2;0;2;9097;0.00021985269869187644
1982;问一下画需要寄给你吗;5;0;5;9097;0.0005496317467296911
1988;[举手]问一下生日视频可以只有宠物出境吗，人声画外音;1;2;3;9097;0.00032977904803781465
2009;写信是统一给你吗？;1;0;1;9097;0.00010992634934593822
2020;喜欢6/8！;1;0;1;9097;0.00010992634934593822
2022;请问是软件名是啥;2;0;2;9097;0.00021985269869187644
2026;我试着用NJ玩了下卡通和动画和MJ做下对比还挺有意思的;5;0;5;9097;0.0005496317467296911
2032;老师您是用的哪个工具画的呀;1;0;1;9097;0.00010992634934593822
2037;真的进步了，去年弄的都没这个好看;1;10;11;9097;0.0012091898428053204
2043;先去试试自己[doge];1;3;4;9097;0.0004397053973837529
2119;二次元游戏不卷美工还能卷什么啊[哆啦A梦害怕]想要的剧情和玩法不实装现在连美工都要精简压缩了是吧，我要看着左手六指右手四指的福岛核特产过完后半生吗[哆啦A梦害怕][哆啦A梦害怕][哆啦A梦害怕];1;0;1;9097;0.00010992634934593822
2130;会画画的先生和爱植物的太太一起逛植物园二十余年，先生画下了太太眼里的花，这是人生最大的幸福吧;1;10;11;9097;0.0012091898428053204
2162;我是北美某校语言学方向的博士毕业，现在在当码农… 系里开设的课程吸引不到本科生，研究生也难就业，我导师年纪很大了很开明，希望我们能以转行就业为重，应转尽转[笑cry];11;743;754;9097;0.08288446740683741
2174;中文系，咋想？;28;144;172;9097;0.018907332087501373
2203;跟哲学一样，文学在近现代社会中扮演的角色持续削弱，几乎所有人都发现它们不再那么有用了、也不再那么需要它们了。但我深信，现代社会将因为忽视它们而走入歧途，等负面影响大到一定程度的时候，它们就将重新回归。;5;533;538;9097;0.05914037594811476
2209;这么说中文系有可能要崛起了[思考] “大量的联邦政府、州政府的经费进入到大学的人文学科，为的是在意识形态层面塑造美国在全球文化中的霸权地位(英文系可以提供西方正典的传承，而且还有比较文学、区域研究来服务于冷战；甚至连当时的抽象表现主义绘画和爵士乐也是美国政府这种文化宣传战的武器)”;4;65;69;9097;0.007584918104869737
2214;哈，想起奈飞剧《英文系主任The Chair》。新英格兰永远寒冷永远灰暗的色调，激进左翼的文理学院。教授在想，英文系五年后都不知还会不会存在；学生在诘问，为什么这个世界在水深火热之中，有那么多大问题需要担忧，我们却坐在那里学十四行诗。 ;2;240;242;9097;0.026602176541717048
2217;国内的英语系又该何去何从？;24;45;69;9097;0.007584918104869737
2242;因为文学最终只能利己，无法利他。;8;70;78;9097;0.00857425524898318
2251;只有每次看到 The End of the English Major 这种文章的时候，才会觉得英文系其实是有必要存在的。花了几百万去美国顶尖大学读人文专业本科的中国人，行业平均收入，可能还远远不如一个英语6级都没过的留学中介高。能读懂纽约客这篇原文的人，往往收入并没有读不懂的高。;5;123;128;9097;0.014070572716280092
2260;基本上把全文归纳了一遍[爱你]不过第三段少打了州立二字。似乎很多人经常分不清亚利桑那州立大学（ASU）和亚利桑那大学（UA or UArizona）…后者是DFW的母校[赢牛奶][赢牛奶];2;46;48;9097;0.0052764647686050345
2265;我也看了纽约客这篇，大部分还是很赞同的，前两年想考一个英文文学phd，被相关专业的朋友劝退了。不看金钱/职业/个人爱好，就这个专业来说，大部分的设置太过时了，任何语言文学都在进化变迁，在别的学科都在加重实用性减少学院性的时候，英语文学如果不与时俱进它的多样化和“人文”优势，确实挺难。;3;16;19;9097;0.002088600637572826
2269;现在美国大学的王牌专业是gender studies;3;6;9;9097;0.000989337144113444
2275;最近和几个文科在读研究生交流，对未来都一样的迷茫。不过都不后悔本科+研究生花了这么多时间在文科上。;1;14;15;9097;0.0016488952401890733
2278;人工智能和chatgpt的兴起将使语言学科快速消亡。大语种之间的翻译将被机器取代，而小语种语言因为无法融入这种洪流（缺少训练标本）而变得方言化（说小语种语言的人都得学一个大语种语言）。语言本身不再具有文化和政治属性，彻底沦为工具。;1;14;15;9097;0.0016488952401890733
2283;@波波苔尔;1;0;1;9097;0.00010992634934593822
2332;为什么英文系是反美的？;1;0;1;9097;0.00010992634934593822
2334;在读德语语言文学本科的人表示，艺术都是政治的，如果什么都不好讲或者讲了也完全没用，那么艺术类学科都是会死的。;1;8;9;9097;0.000989337144113444
2348;@MikeShou;1;0;1;9097;0.00010992634934593822
2351;英文系是不是可以跟人工智能一起研究研究如何把AI设计的更有文化气质，写出的文章更文雅？就这类的方向。不过那就让人以后更没法活了吧，连AI都比人有人味儿……;1;2;3;9097;0.00032977904803781465
2354;省流：以前的人比较傻接触世面少好忽悠 学文字忽悠的人自然就多了；现在的人不好骗或者依然傻但有更先进的忽悠工具 学文字忽悠的人自然就少了;2;4;6;9097;0.0006595580960756293
2363;我语言学转码现在做nlp，真香[二哈];2;8;10;9097;0.0010992634934593821
2389;好厉害呀！是用的mid journey 嘛;1;0;1;9097;0.00010992634934593822
2393;[打call]好久不见;1;0;1;9097;0.00010992634934593822
2398;附议！！！！;2;0;2;9097;0.00021985269869187644
2402;[哇]太帅了呜呜呜，这是哪个模型啊，有用lora吗;1;0;1;9097;0.00010992634934593822
2407;什么软件呀;1;0;1;9097;0.00010992634934593822
2413;请问这是用的哪个软件;1;0;1;9097;0.00010992634934593822
2417;问题是按法制日报的说法ai训练不涉及侵权，所以并不需要解决;5;0;5;9097;0.0005496317467296911
2425;技术上可以。不过可能性很小。因为模型是操作者手动加进去的。发现一个模型有问题下次不调用它就好了。;1;0;1;9097;0.00010992634934593822
2430;咋玩的啊，我也想玩！！;4;0;4;9097;0.0004397053973837529
2435;我以为的ai：做饭扫地写作业。真实的ai：下棋画画打游戏！;1;1;2;9097;0.00021985269869187644
2442;这工具爱了爱了[思考];1;2;3;9097;0.00032977904803781465
2523;带珍珠耳环的倪哥？;7;53;60;9097;0.006595580960756293
2531;有什么意义呢？毫无艺术价值[摊手];6;49;55;9097;0.006045949214026602
2539;梵高变成了小李子;5;34;39;9097;0.00428712762449159
2546;效果是挺好  但是情绪感照原画差远了  人物更像那种拍照的模特;3;21;24;9097;0.0026382323843025172
2552;AI目前还是画不好手指，看图10大爷的大拇指;4;3;7;9097;0.0007694844454215675
2558;青年邓布利多;1;5;6;9097;0.0006595580960756293
2560;梵高好帅;1;4;5;9097;0.0005496317467296911
2603;人类艺术文化即将被ai爆杀[doge];1;0;1;9097;0.00010992634934593822
2630;最后那个名画叫什么;1;0;1;9097;0.00010992634934593822
2665;[good];1;0;1;9097;0.00010992634934593822
2676;图三没穿裤子;1;3;4;9097;0.0004397053973837529
2683;AI生成的怎么全是睾丸奶子？;1;3;4;9097;0.0004397053973837529
2685;太好看了，原图吗;2;0;2;9097;0.00021985269869187644
2699;[抱抱][抱抱];1;0;1;9097;0.00010992634934593822
2701;这种人跟有没有ai没关系，单纯就是嫉妒，如果现在没有ai，他就会说是不是抄袭某某的或者觉得像什么就说是描的图;1;3;4;9097;0.0004397053973837529
2704;哇偶！;2;0;2;9097;0.00021985269869187644
2707;好看的嘞[赢牛奶][赢牛奶][赢牛奶];1;1;2;9097;0.00021985269869187644
2709;好好看[开学季][哇];1;0;1;9097;0.00010992634934593822
2711;哇好有感觉;1;0;1;9097;0.00010992634934593822
2713;哈哈哈哈哈，我有次测个ai，直接变成男;1;0;1;9097;0.00010992634934593822
2715;好好看啊[抱一抱][抱一抱];1;0;1;9097;0.00010992634934593822
2717;[送花花];1;0;1;9097;0.00010992634934593822
2719;好好看姐姐还可以约字吗[单身狗];1;0;1;9097;0.00010992634934593822
2721;是真漫画啊;1;1;2;9097;0.00021985269869187644
2726;你知道美术总监是干嘛的吗，，;5;1479;1484;9097;0.16313070242937233
2732;只能体现你的无知。;27;824;851;9097;0.09354732329339342
2760;我都看不出是ai[泪]还以为是欧洲哪个美术馆的名画;14;39;53;9097;0.005826096515334726
2775;可以当美术总监的是被喂进去这个ai的cm，这个ai出的图如果仔细推敲就是依托答辩，中世纪在任何一个时期骑士阶级的盔甲制式都跟ai图里的没有任何关系。;10;531;541;9097;0.059470154996152574
2795;流血的部位好奇怪！;2;15;17;9097;0.0018687479388809498
2875;右手是四指，左手六指，AI手部细节都是不忍直视。;2;21;23;9097;0.002528306034956579
2880;你这十四万粉丝是不是买的啊？[费解];1;32;33;9097;0.0036275695284159614
2909;夜空萨满了星星[喜][礼物];1;1;2;9097;0.00021985269869187644
2921;想要原图[泪];2;1;3;9097;0.00032977904803781465
2924;严格说ai只不过是刚好把想的差不多的姿势剪辑了出来而已，甚至没带上思考;3;23;26;9097;0.0028580850829943937
2928;艺术是人的表达;2;7;9;9097;0.000989337144113444
2931;"""二次元""本来就不对";2;1;3;9097;0.00032977904803781465
2934;暧昧。动人的作品在准确告诉观者主题的同时，往往暧昧的告诉观者内容情感，激发观者的想象力，表现者的创作因为接受者的创造而完整，何多苓先生的作品更是具有诗意的暧昧，这种状态只有在人一笔笔的考究与人类宝贵的遗忘中产生，很高兴在网上还能见到喜欢何多苓先生的人！;1;0;1;9097;0.00010992634934593822
2936;其实AI不算是“文字”表达，本质上还是用数学表达[笑cry]，画画用文字可能够呛，不过从数学角度来看就是一堆rgb三维矢量的像素，数据量真的有限[允悲];1;2;3;9097;0.00032977904803781465
2938;感觉难以取代的还是情感的表达！ai再能画也只是表现出人输入的指令，总感觉偏流水线的作品更容易被替代掉呢🤔 🤔;1;0;1;9097;0.00010992634934593822
2940;艺术作为一种表达手段是有输出端和接收端，现在有关AI的讨论基本都集中在接收端，而输出端在网上几乎没有人去讨论和在意（也可能是只要加入这个要素答案就太过明显所以没必要讨论）。;1;2;3;9097;0.00032977904803781465
2947;嗯是的艺术表达是因为语言无法完全还原自己的感受，有些人天生能体会到非常复杂和澎湃的心理过程，这也是为什么艺术家与普通的绘画工作者（文字工作者同理）之间还是有区别（no offense不是指代谁），而ai在能够理解人类情感（我认为是做不到的）前最多只能取代后者，所以要力做前者💪;1;1;2;9097;0.00021985269869187644
2952;随机滤镜，滤镜至少效果稳定[允悲];1;0;1;9097;0.00010992634934593822
2954;中术也有人搞AI曲绘做PV投稿了吗;2;0;2;9097;0.00021985269869187644
2957;完全不理解 可能只是没侵权到自己头上 哈哈;1;0;1;9097;0.00010992634934593822
2959;一种可能性是，有人开发一套只有基本功的无版权白模ai，各个设计师在白模上修改创作，向ai注入一种风格，最终得到这个风格的生成器。这样有可能大大节省训练需要的工作量，但这需要新的软件，也需要设计师花时间适应。;2;9;11;9097;0.0012091898428053204
2962;据说游戏厂商已经开始使用ai来做图了，本来也就只剩下美工还不错了;2;2;4;9097;0.0004397053973837529
2972;手指盘成生姜了[允悲];3;3;6;9097;0.0006595580960756293
2980;能不能，再完善一下帐号注册和APP功能，登微信死活登不上去;1;0;1;9097;0.00010992634934593822
2989;目前流行的AI软件就这么3个：SD、NovelAI 、midjourney;1;0;1;9097;0.00010992634934593822
2991;哇[春游家族];1;0;1;9097;0.00010992634934593822
2993;胡桃这么大不好吧;1;0;1;9097;0.00010992634934593822
2997;应该还有个版本;1;2;3;9097;0.00032977904803781465
3002;求教 老哥 这个用的什么模型[作揖];2;0;2;9097;0.00021985269869187644
3005;熊岛女爵？[good];1;0;1;9097;0.00010992634934593822
3011;为啥还没火？;1;0;1;9097;0.00010992634934593822
3018;终身会员什么时候能优惠一波？[坏笑][坏笑][坏笑];1;1;2;9097;0.00021985269869187644
3023;那个大v确实各种意义上的逆天[允悲];1;0;1;9097;0.00010992634934593822
3025;谁啊这是我看看我拉黑没有;5;1;6;9097;0.0006595580960756293
3036;哇塞，大片[二哈][二哈]导演们看过来[笑cry];1;6;7;9097;0.0007694844454215675
3041;@一个汉堡就饱了 我真的自杀了;1;0;1;9097;0.00010992634934593822
3048;论画磨皮锥子脸大头站尸，ai确实比99%的天天寻思接稿的互联网小画师优秀又高效，毕竟不用画手画场景透视。但还是比前两年专职lol皮肤原画师的差的远。;1;0;1;9097;0.00010992634934593822
3050;没办法，版权空白，纺织工人砸机器也阻止不了历史的车轮。;21;2;23;9097;0.002528306034956579
3072;说的就是要如何管理啊，现在关键就是没人管理，光喊着要管理，还不能提出问题？？？//@星宸1988 :大势所趋，已经阻止不了了，不只是绘画，未来ai将会取代70％的人类工作，人们必须想办法不被ai取代，办法并不是说用法律禁止ai，毕竟ai是技术的进步，如何管理好运用好ai技术为人类服务才是关键;7;64;71;9097;0.007804770803561614
3080;Ai图没有版权的[二哈];5;1;6;9097;0.0006595580960756293
3086;这是拿迟迟的画喂的吧;13;84;97;9097;0.010662855886556008
3100;大势所趋，兄弟，我们不幸赶上了而已，等两年你就释然了;3;0;3;9097;0.00032977904803781465
3104;悲观来讲，法律也很难限制ai的发展。简单来讲，ai的发展最重要的就是训练用的海量信息，而这海量的信息是不可能通过授权来获得的，不说公司，就是一个国家都负担不起那费用。所以除非全球一起抵制，不然单一的个体甚至国家都无法抵抗，因为你抵制，别人发展，那你就输了。显然这是不可能的。;4;11;15;9097;0.0016488952401890733
3109;这一块本来就是未界定的，也不要过度担心，目前还在弱智能阶段。 技术发展阶段这些问题很正常，而且这类算法都是分析特点再仿图的。确实会冲击画师行业，但是也确实不存在侵权;1;1;2;9097;0.00021985269869187644
3129;你是最近迷上ai了么？[二哈];1;0;1;9097;0.00010992634934593822
3149;我刚试了张哲瀚都可以 真的服;3;20;23;9097;0.002528306034956579
3153;因为那几个是真的违了法;6;99;105;9097;0.011542266681323514
3160;连算命的都不可以算他的呢。[努力];3;6;9;9097;0.000989337144113444
3175;意见ai可以，这个是最开始火的那个 http://t.cn/A6CxcsS7;1;2;3;9097;0.00032977904803781465
3178;我难过的是：这么大的技术前沿公司 最新的高科技 居然也会无理由屏蔽一个人 社死之后想把他埋葬 他出事前安心演戏做公益参加red活动 热爱这片土地 究竟做了什么要被这么区别对待，我实在想不通;1;34;35;9097;0.003847422227107838
3181;要绘图过程对于ai来说也不难实现，NLP里很多模型应该能用。只不过愿意看绘图过程的寥寥无几没人吃力不讨好罢了。就像之前有人要线稿要图层一样，几乎立即就出现了相应的模型。;2;3;5;9097;0.0005496317467296911
3184;可能是跟着英文AI art翻译过来的AI绘画？;1;1;2;9097;0.00021985269869187644
3203;[舔屏];1;1;2;9097;0.00021985269869187644
3205;好帅[哇];2;1;3;9097;0.00032977904803781465
3213;我用ai做俗事。今天让AI用德语回复客人关于订单提出的还算相对比较复杂的几个问题的邮件，格式，语法，包括答案它都写的很好，很快，我只极其简单纠正了一两个数字。;9;0;9;9097;0.000989337144113444
3228;…… 救命啊;1;0;1;9097;0.00010992634934593822
3240;这纹身太懂了;1;0;1;9097;0.00010992634934593822
3243;这是什么实时翻译软件嘛？好厉害啊 我也想搞一个;1;0;1;9097;0.00010992634934593822
3245;先立法规范一下ai写作吧，ai绘画好歹容易看出来，感觉chatgpt更猛，模仿老胡难分真假[允悲];1;13;14;9097;0.001538968890843135
3247;你说洗稿是侵权有什么依据?;2;0;2;9097;0.00021985269869187644
3256;立法？用了这么多年盗版系统盗版ps盗版sai，即使有明确立法说这是侵权也没啥用啊[笑cry]，大家该用还是照样用，只能说执法不严一切都是虚的;1;1;2;9097;0.00021985269869187644
3262;宝宝，那个摩天轮学姐的会不会出续集[悲伤]真的很喜欢里面奶狗弟弟不会太奶了也没有乱七八糟的就是很软乎乎的奶，声线口音也很好，就是好短听了好多次[悲伤];2;4;6;9097;0.0006595580960756293
3265;续集是不是苞米地！哄睡就，讲故事闲聊什么的都可（想不出建议，出啥听啥[收到];1;7;8;9097;0.0008794107947675058
3267;哄睡后面加呼吸的那期我真的反复听[抓狂][抓狂][抓狂];2;5;7;9097;0.0007694844454215675
3274;我在意闷骚保安的构思进展如何了，光看这个名字我就兴奋[馋嘴]，就是不知道会往哪个方向发展[思考]（偷偷暗示：本人喜欢当提上裤子就不认人的渣女一枚[doge]）;1;4;5;9097;0.0005496317467296911
3294;@见一面在冬天y [doge] 来捏这个;1;0;1;9097;0.00010992634934593822
3307;画的也太好了吧，真的挺有感觉的;3;0;3;9097;0.00032977904803781465
3314;有这个技术就给兄弟们看这个？[doge];1;0;1;9097;0.00010992634934593822
3316;哎，我突然想起来，胡桃和土御门胡桃还是同一个cv配音的[doge]还有D.va;1;0;1;9097;0.00010992634934593822
3360;心情美丽一整天[哇];1;0;1;9097;0.00010992634934593822
3362;好漂亮[跪了][泪];1;0;1;9097;0.00010992634934593822
3406;虽然感觉脸不太对 但是呜呜呜这个氛围感;1;0;1;9097;0.00010992634934593822
3408;AI总是那么不尽人意[笑cry][笑cry][笑cry];1;1;2;9097;0.00021985269869187644
3410;AI绘画……永远不和心意[允悲];2;1;3;9097;0.00032977904803781465
3413;氛围绝了[打call];1;1;2;9097;0.00021985269869187644
3415;[吃惊][吃惊][吃惊][吃惊][吃惊][吃惊][吃惊][吃惊][吃惊];1;1;2;9097;0.00021985269869187644
3418;你看看这好看吗;2;125;127;9097;0.013960646366934153
3426;这个软件要钱吗;1;0;1;9097;0.00010992634934593822
3516;AI转化👉🏻http://t.cn/A6CiPXQq（大家一起来画自担 免费滴）🥰;1;5;6;9097;0.0006595580960756293
3518;鼻姐那张图可以封神[泪];1;9;10;9097;0.0010992634934593821
3522;@六元甜幂录 你看杨幂那张卧槽;1;36;37;9097;0.004067274925799714
3557;我也好想玩玩，这是用什么软件弄的啊？;1;0;1;9097;0.00010992634934593822
3560;那个40k的，怕不是公司美术部就他一个吧…;1;329;330;9097;0.036275695284159616
3563;我国本来就盗版侵权大国[二哈]正常。但还是希望尽快立法跟上吧，人美国都已经出相关裁决了;2;395;397;9097;0.043640760690337475
3567;个人感觉目前看下来，AI的图像网红，比较容易审美疲劳！[哈哈];1;67;68;9097;0.007474991755523799
3570;朋友们快学ai  咱们这个拉几环境，自保为上;1;13;14;9097;0.001538968890843135
3590;我也发一个，前两天看到的，真的有画手愿意嘛？... http://t.cn/A6CiGL2z;1;2;3;9097;0.00032977904803781465
3595;可是ai生成的作品根本没有版权啊[苦涩]这是在干什么;2;36;38;9097;0.004177201275145652
3601;九个老师[doge];1;0;1;9097;0.00010992634934593822
3603;好看[爱你];1;1;2;9097;0.00021985269869187644
3623;还是本人更好看[允悲];2;5;7;9097;0.0007694844454215675
3633;使不得啊 阿鱼 身子会垮掉的;1;0;1;9097;0.00010992634934593822
3635;我又来当分母了[doge];1;0;1;9097;0.00010992634934593822
3637;好喜欢[打call];1;0;1;9097;0.00010992634934593822
3639;转战2次元AI了，不渲染cos了？;1;0;1;9097;0.00010992634934593822
3690;我传了个偷着乐，告诉我invalid [二哈];1;0;1;9097;0.00010992634934593822
3692;要付费吗？;1;0;1;9097;0.00010992634934593822
3699;同意啊啊啊啊啊啊啊 看到有些人去喂ai我真的[跪了][跪了][跪了];2;0;2;9097;0.00021985269869187644
3702;点击此处查看女仆散兵[doge];1;0;1;9097;0.00010992634934593822
3704;ai画的他在这拽什么[哆啦A梦害怕] http://t.cn/A6CJrzIB;2;2;4;9097;0.0004397053973837529
3707;lof的话，现在是ai作图+搬运不署名且开求图满天飞了感觉是;2;2;4;9097;0.0004397053973837529
3731;这是啥软件画的线稿呀！[憧憬];5;0;5;9097;0.0005496317467296911
3743;就我看的动画感觉来说，灌篮高手90年代那种动画看得很舒服。新剧场版这种叫什么？3DZ渲染？賊难看。 不知道AI能不能搞出以前的风格;1;2;3;9097;0.00032977904803781465
3753;好美啊@小阿宝吃草莓;1;0;1;9097;0.00010992634934593822
3755;不是吧，评论区那位是用户啊，用户根本就不会翻译，怎么还会退化到接近AI？用户角度看，AI翻译的比他目前这个价钱能找到的翻译人员要翻译的好，那就用AI，没毛病啊[允悲];5;0;5;9097;0.0005496317467296911
3762;关键chatgpt背靠的是必应翻译，属于是机翻里最差的那一档;1;4;5;9097;0.0005496317467296911
3764;就像看多了开始游戏，继续游戏这类标准格式ui标题之后，看到缘起之地，梦续前缘。这类文案就会感觉更文化更喜欢。AI和人工存在的差异会在文化高度差异上越发明显。留给各项工作的增色空间越高。越能有价格提升的空间[doge]。走速度还是走质量就取决于厂商了。当然了行业生存问题是另一个问题了。;3;0;3;9097;0.00032977904803781465
3769;是的，用chatgpt的时候发现我不太熟悉的领域ai能给我说得一愣一愣的，但涉及到本专业和方便查证的东西可以很明显看出一大部分是语法正确的扯淡（……）之前看过一篇科幻小说，设定是某个世界里的生物，它们的一切行动原理都是靠该世界里的大气压力差（？），但它们每一个行动都会不断中和压力差;1;9;10;9097;0.0010992634934593821
3772;确实，AI要是连手都会画了就很难辨认，真的很容易造成很多版权问题[苦涩];2;57;59;9097;0.006485654611410355
3775;真的害怕，我是那种眼神不太好的，只要画师改一下头发手之类的我就懵逼了[苦涩]而且还害怕冤枉了无辜画师，哭了[苦涩];1;24;25;9097;0.0027481587336484555
3777;除了手脚我都不太认得出来，不过AI有的会莫名其妙，比如肩带卡肉里（？）;1;4;5;9097;0.0005496317467296911
3791;你这不注册一个小南鸟;1;0;1;9097;0.00010992634934593822
3799;我们画室老师说了，骗骗外行还可以，是不是她自己心里清楚;7;6;13;9097;0.0014290425414971969
3807;放个完整的聊天记录吧，而且上来就鉴ai也挺失礼的，对方不高兴很正常;32;4;36;9097;0.003957348576453776
3840;你是不是一开始直接评论“一眼ai”啊？可能可以稍微委婉一些？;6;2;8;9097;0.0008794107947675058
3847;她发了视频了，好像真不是AI;1;5;6;9097;0.0006595580960756293
3849;这个头发左边那个都没有逻辑就是ai;1;0;1;9097;0.00010992634934593822
3852;左边辫子没扣干净啊[允悲];3;0;3;9097;0.00032977904803781465
3858;搬运一下贴吧的红圈问题[可怜]谁画画如此意识流啊，丝带和头发长一起，上眼皮蹦出根多余睫毛，麻花辫边缘直接被擦掉 http://t.cn/A6CivbLi;1;7;8;9097;0.0008794107947675058
3860;一眼ai;1;2;3;9097;0.00032977904803781465
3873;哈哈哈哈[good];1;0;1;9097;0.00010992634934593822
3880;资本家都是吸血鬼，ai磨灭的是创作的创新，只会缝合尸体;1;0;1;9097;0.00010992634934593822
3887;要不要试一下小程序“超有ai头像”？是水彩风的！！;2;0;2;9097;0.00021985269869187644
3890;第一张好看，第二张燕式手拿两冰鞋真的好逗[允悲];1;2;3;9097;0.00032977904803781465
3892;求图3[哇];1;0;1;9097;0.00010992634934593822
3894;求p3原图;1;0;1;9097;0.00010992634934593822
3896;求p3原图[爱你];1;0;1;9097;0.00010992634934593822
3898;大白鹅好美[抱一抱];1;0;1;9097;0.00010992634934593822
3900;可以求一下1和3的原图吗 谢谢;2;0;2;9097;0.00021985269869187644
3903;求p3原图;1;0;1;9097;0.00010992634934593822
3908;图1手臂还是太细了，此外基本只用这一个角度是模型不够？;1;0;1;9097;0.00010992634934593822
3928;我觉得ai的发展方向应该是服务所有人，而不是干掉一大部分人，[允悲]这方向不太对啊;1;17;18;9097;0.001978674288226888
3930;首先 社会得给人做人事的机会和条件555555;1;12;13;9097;0.0014290425414971969
3932;[泪]太太怎么突然想通了，我却有点难过;1;1;2;9097;0.00021985269869187644
3934;画画的有不少你这样的软蛋;1;5;6;9097;0.0006595580960756293
3936;只希望有人能把我从无聊的写材料中拯救出来;1;0;1;9097;0.00010992634934593822
3942;很难不怀疑劳斯又在群里窥屏了[doge];2;0;2;9097;0.00021985269869187644
3945;很难不怀疑劳斯又在群里窥屏了[doge];2;0;2;9097;0.00021985269869187644
3948;其实我觉得完全可以像ggac一样单独拉一个ai赛道。;3;2;5;9097;0.0005496317467296911
3958;角色模型指的是什么，会用ai的建模师？;1;0;1;9097;0.00010992634934593822
3960;现在就敢把美术砍了用ai的也是牛逼，真牛逼。;1;1;2;9097;0.00021985269869187644
3962;AI人工智能会让一部分人失业，也会增加新的工作机会。#ai绘图# ;6;0;6;9097;0.0006595580960756293
3971;达芬奇的存在并不会让画的一般的人失去别人的喜欢   ai的存在也不会让所有画手大大失去所有粉丝   这么简单的道理怎么就是不明白呢[泪][泪][泪][太开心];1;2;3;9097;0.00032977904803781465
3974;年少的爱情是信仰，或者是沿途的光;1;1;2;9097;0.00021985269869187644
3980;首先，AI图没有版权，做出来的东西卖给消费者属于欺诈，遇到几个AI图告你能把公司告破产，所以别在那云正经游戏公司AI产图了，当然你要是五六线的外包皮包公司就算了;2;2;4;9097;0.0004397053973837529
3994;你好，我想找人画一张Ai真人，哪里有？;1;0;1;9097;0.00010992634934593822
3997;这他妈居然是AI;1;2;3;9097;0.00032977904803781465
3999;@不吃鱼的笛子;1;0;1;9097;0.00010992634934593822
4006;怎么会如此会;1;0;1;9097;0.00010992634934593822
4008;太好看了[憧憬][憧憬][憧憬][憧憬];1;0;1;9097;0.00010992634934593822
4012;不错，想看这张全身[doge];2;0;2;9097;0.00021985269869187644
4029;这个可！;1;0;1;9097;0.00010992634934593822
4031;[赞];1;0;1;9097;0.00010992634934593822
4033;啊真不错;1;0;1;9097;0.00010992634934593822
4035;好热[污];1;0;1;9097;0.00010992634934593822
4037;[doge];1;0;1;9097;0.00010992634934593822
4039;🉑;1;0;1;9097;0.00010992634934593822
4041;腿真长;1;0;1;9097;0.00010992634934593822
4043;可以;1;0;1;9097;0.00010992634934593822
4045;好爱;1;0;1;9097;0.00010992634934593822
4047;来了来了;1;0;1;9097;0.00010992634934593822
4062;期待[哇];1;0;1;9097;0.00010992634934593822
4065;老公特别特别惨[泪][泪][泪][泪];1;0;1;9097;0.00010992634934593822
4076;大爱杰伦，必须支持下 哈哈;1;3;4;9097;0.0004397053973837529
4078;经典占领定义权和舆论高地。;1;0;1;9097;0.00010992634934593822
4080;不过奥特曼英文是Ultraman[允悲];1;0;1;9097;0.00010992634934593822
4193;如果真的是我的错我会跟那个人道歉;1;0;1;9097;0.00010992634934593822
4195;嗯，就事论事，放在那个帖子下，本来就是容易吵架的氛围，姐妹你的用词和语气也带有一点很强制（？）有点高高在上的感觉，但从意思上看不是你的错啊，你有说的很清楚明白的建议他的。;3;4;7;9097;0.0007694844454215675
4199;我感觉ai，那个图层搞笑来的，谁画画这样建图层，不如说更像是成品反推，而且线稿红夫人提裙子的手虽然手臂比例错了但是好歹手的大小和动作还正常看得出是提裙子，完整直接糊一起了，而且这人之前就有图锤ai了，前科累累了属于是[举手];3;10;13;9097;0.0014290425414971969
4203;我每次刷到都想去评论，但是我也不是啥专业人士，感觉自己也没有资格说这些，而且这种容易危及自身，所以一直憋着吃瓜等一个结果[doge];2;3;5;9097;0.0005496317467296911
4206;还有就是你永远不知道跟你对线的是个什么物种 今年几岁 可曾读过书 现吃什么药[开学季];1;5;6;9097;0.0006595580960756293
4208;没必要 可能过几天都忘记了 也不会对你造成什么影响 网络不要太真情实感;1;1;2;9097;0.00021985269869187644
4210;不懂吃瓜看戏就行了，站队没必要[doge];1;0;1;9097;0.00010992634934593822
4212;吃瓜第一原则，自身不下场;1;6;7;9097;0.0007694844454215675
4215;。。老实说她发的图层都不能证明是她自己画的，画画的基本没有她这样所有图层都是单个物件的，正常的应该是大关系→塑造→细节→光影，而且ai现在是可以选择帮你画的程度的，她到现在都没回我那条，你没错[允悲];30;10;40;9097;0.004397053973837529
4250;求tag;1;0;1;9097;0.00010992634934593822
4255;卧槽 只有5根手指耶;1;1;2;9097;0.00021985269869187644
4257;你犯规[doge];4;0;4;9097;0.0004397053973837529
4263;五竹婶儿;1;0;1;9097;0.00010992634934593822
4265;她穿这么少，防御力一定很高[doge];1;0;1;9097;0.00010992634934593822
4273;222[打call];1;0;1;9097;0.00010992634934593822
4275;222[哆啦A梦花心];1;0;1;9097;0.00010992634934593822
4277;点个赞不容易;1;0;1;9097;0.00010992634934593822
4286;我是每次都会被那种AI制作的很像人物照片的虚拟城市震撼到[举手][举手]感觉好宏伟！;1;0;1;9097;0.00010992634934593822
4291;早哟[打call];1;0;1;9097;0.00010992634934593822
4302;我快失业了[二哈];3;0;3;9097;0.00032977904803781465
4310;真好看;1;0;1;9097;0.00010992634934593822
4313;我老婆😍;2;0;2;9097;0.00021985269869187644
4316;我草，太潮流了，华！;1;0;1;9097;0.00010992634934593822
4328;你居然没蔡文姬[阴险];1;0;1;9097;0.00010992634934593822
4335;热知识，往生堂胡桃和土御门胡桃的声音是一样的，都来自配音演员陶典 http://t.cn/A6CXJ0OV;1;2;3;9097;0.00032977904803781465
4337;亿点[doge];2;0;2;9097;0.00021985269869187644
4340;用的是哪个AI软件？[doge];1;0;1;9097;0.00010992634934593822
4342;@是纠结症重度患者;1;0;1;9097;0.00010992634934593822
4345;第五张图白毛的头发处理像焦茶，好难过…;1;1;2;9097;0.00021985269869187644
4378;亲测有用[打call];2;0;2;9097;0.00021985269869187644
4383;其实这样只能针对拿ai画牟利的资本家，对那些闲得无聊就想炼炉子抽卡的人反而是实践了互联网开源共享的精神[允悲];1;0;1;9097;0.00010992634934593822
4387;啊啊啊啊啊啊宝藏画手[泪]好米好米好米;2;1;3;9097;0.00032977904803781465
4423;hso[开学季];1;1;2;9097;0.00021985269869187644
4425;啊真不错呀;1;0;1;9097;0.00010992634934593822
4427;太辣了[污];1;0;1;9097;0.00010992634934593822
4429;prpr[二哈];1;0;1;9097;0.00010992634934593822
4431;[打call];1;0;1;9097;0.00010992634934593822
4433;hso[色];1;0;1;9097;0.00010992634934593822
4435;好看;1;0;1;9097;0.00010992634934593822
4437;和谐[喵喵];1;1;2;9097;0.00021985269869187644
4439;卧槽 大姐姐太棒了 永劫无间还真的有科幻元素 沈妙不就是蒸汽朋克风格么@永劫无间官方 gkd;1;0;1;9097;0.00010992634934593822
4441;[good]有点儿意思;1;0;1;9097;0.00010992634934593822
4465;而且一点感情都没有，我不喜欢传达不了作者感情的作品😌;1;7;8;9097;0.0008794107947675058
4467;感觉AI永远也代替不了人类的艺术创作;1;0;1;9097;0.00010992634934593822
4493;好崩溃;1;0;1;9097;0.00010992634934593822
4495;神[doge]™《中国古代海底龙宫》;1;0;1;9097;0.00010992634934593822
4500;用哪个引擎啊？;1;0;1;9097;0.00010992634934593822
4505;继续发展下去都不敢想能干嘛了，可能性太多了[awsl];1;0;1;9097;0.00010992634934593822
4509;互联网前世代也不是说对味道有准确记忆。而且知识形成期没有互联网，认为互联网外可以有其他标准。互联网可以是更优解也可以不是。而之后时代互联网一定是最优解了。基准线发生了变化。;2;1;3;9097;0.00032977904803781465
4530;感觉有点奇怪，又说不出来哪儿奇怪;4;4;8;9097;0.0008794107947675058
4537;外行不太懂，AI绘画有版权吗，如果一个不会画画的但是会AI技术，那用AI画的画拿来商用是完全可以的吗[笑cry];3;1;4;9097;0.0004397053973837529
4541;看得多了，已经没有很哇塞的感觉了;1;0;1;9097;0.00010992634934593822
4561;这个画风，一看就是投喂了迟迟的图;1;0;1;9097;0.00010992634934593822
4565;正确节哥，我就觉得人是可以画出有情感的东西的，但是ai在它没有意识之前它就“画”不出来有情感的作品;2;9;11;9097;0.0012091898428053204
4574;世界是由尸块组成的[微笑];2;0;2;9097;0.00021985269869187644
4577;它早该丝了[悲伤]，我去保存饭饭了;1;0;1;9097;0.00010992634934593822
4582;tagtree来玩玩[裂开];1;1;2;9097;0.00021985269869187644
4584;蹲蹲[泪];1;1;2;9097;0.00021985269869187644
4593;看到这个我真的会崩溃[抓狂];1;0;1;9097;0.00010992634934593822
4598;[泪]几天前刚被安利的tagfree，现在就要从lof润了;2;0;2;9097;0.00021985269869187644
4601;这个平台的主创是zzh粉……老师慎重啊！;2;0;2;9097;0.00021985269869187644
4604;看见有人推荐飞鸽博客！但是今天因为流量太大服务器崩了（悲）;1;1;2;9097;0.00021985269869187644
4607;一个设计博主，也要来玩一下AI？这态度真绝了;4;0;4;9097;0.0004397053973837529
4624;一眼星际公民 http://t.cn/A6Ca1hei;1;0;1;9097;0.00010992634934593822
4626;我恨不得向全天下同人女安利tagtree[泪][泪][泪]为什么这么用心的为爱发电产物会没有热度[泪][泪][泪];17;17;34;9097;0.0037374958777618996
4644;qq空间[笑cry];2;25;27;9097;0.002968011432340332
4658;还是推荐tagtree 飞鸽太卡了哈哈;2;4;6;9097;0.0006595580960756293
4664;受不鸟你们ai画画的了[裂开];1;3;4;9097;0.0004397053973837529
4666;ai不叫画画，那叫十块拼接[微笑][微笑][微笑];1;3;4;9097;0.0004397053973837529
4668;老坟头真成老坟头了，很会尸块拼接;1;3;4;9097;0.0004397053973837529
4673;老师！在设置里可以勾选不看ai作画[可怜];1;3;4;9097;0.0004397053973837529
4675;屏蔽了，屏蔽不完[怒]我屏蔽ai，会有人带着那个ai软件的tag推到首页，就算全添加了，还有些不长眼了不打tag发出来，气死了👿;2;4;6;9097;0.0006595580960756293
4680;AI开发者肯定会为了数据付费啊 你凭啥这样说[怒][怒];2;17;19;9097;0.002088600637572826
4683;ai会摧毁共享文化吗;1;33;34;9097;0.0037374958777618996
4685;@写手吐槽bot_ 投稿;1;0;1;9097;0.00010992634934593822
4689;使用未授权图片的ai公司已被起诉，拭目以待。美国版权剧否认了某部漫画ai作图部分的版权，是非常重要的我例子，ai监管已提上日程。在未取得画手授权的情况下公开数据不可二转二改，更不可用于训练ai这是共识;21;30;51;9097;0.005606243816642849
4711;维师有试过poipiku吗，可以设密码或者蓝鸟粉见;2;4;6;9097;0.0006595580960756293
4717;@不社交保平安 。。。。。。啊我真的好痛恨ai;1;4;5;9097;0.0005496317467296911
4720;可以用飞鸽博客或者inner[抓狂][抓狂];1;0;1;9097;0.00010992634934593822
4723;好崩溃啊啊啊啊 现在听说tagtree和飞鸽博客可以替，但是冷坑可能就没饭😿;1;0;1;9097;0.00010992634934593822
4725;看到这个终于知道了保护知识产权的重要性了（？）这尼玛几年之后原创画师全他妈不画了，老子看你们ai缝合看到八十岁吗[微笑];14;2346;2360;9097;0.2594261844564142
4740;图片评论 http://t.cn/A6CadXRh;21;1724;1745;9097;0.1918214796086622
4762;谁想看缝合怪;3;824;827;9097;0.09090909090909091
4766;那么问题来了，如果AI算原创，以后画手怎么办？如果AI不算原创，那么他剽窃画手的画，又让画手怎么办？;5;481;486;9097;0.05342420578212598
4772;理性讨论一下，除了头部和艺术画估计逐步淘汰基础画师，人力被科技取代基本上是倒计时了。哪行哪业都面临如此困境。但是科技的发展会淘汰一部分人力和产业但也会激发新的产业出现;13;84;97;9097;0.010662855886556008
4786;妈耶米山舞那几张一眼缝，已经有图的影子了;3;172;175;9097;0.01923711113553919
4790;tmd那些喜欢玩ai绘画的祝你们毕业论文被ai抄袭毕业三十年被说查重百分百取消资格[拜拜]//@要戴生物过滤器丶:[微笑]那我现在学画画的意义是什么，我以后还走游戏呢[嘻嘻]全特码ai来画啦？我去游戏公司扫撤硕？;6;241;247;9097;0.02715180828844674
4798;如何抵挡ai潮流，不想再看小偷浪费原创画师的心血了;1;188;189;9097;0.020776080026382322
4800;谁想看ai缝合啊？[疑问];4;153;157;9097;0.017258436847312302
4805;？妈呀有几张根本不是ai而是别人出cos的图啊，就比如初音未来那个[允悲];16;37;53;9097;0.005826096515334726
4823;为什么ai小鬼都这么冠冕堂皇喜欢装理性思考啊我的天[费解][费解];2;145;147;9097;0.016159173353852918
4826;所以还有方法分辨嘛;5;21;26;9097;0.0028580850829943937
4832;“学”会了米山舞的画风[微笑]，我真是。。。。;1;75;76;9097;0.008354402550291304
4837;有种工人被自动化替代的感觉[微笑];5;1;6;9097;0.0006595580960756293
4845;ai的图能找个人先给修一下细节再放上来吗？头发的开叉也怪瘆人的;2;0;2;9097;0.00021985269869187644
4851;AI 是工具 AI 是工具 AI 是工具 重要的事情说三遍;1;3;4;9097;0.0004397053973837529
4863;刚看到一个防ai的app，正在研发，并且免费[心];1;7;8;9097;0.0008794107947675058
4916;如果说画师们的作品是丰盛的火鸡大餐的话，那么AI创作的作品就像是把火鸡的屁股，翅膀，大腿缝在一起做熟了给你端上来吃，然后还要保留一些鸡毛在肉上[太开心][太开心];1;6;7;9097;0.0007694844454215675
4927;P2那张不是AI吧;1;0;1;9097;0.00010992634934593822
4944;说被AI淘汰的都是底层，混子，普通，低端。AI里面炼模型用的都是什么画师的图？都是扔混子的图进AI里，产出了优秀作品是么？被扔进去的画师是混子吗？;1;0;1;9097;0.00010992634934593822
4946;回复@Mum56741:头部不会被淘汰？米山舞算不算头部？她以后可能也只是AI的修脚师。;1;0;1;9097;0.00010992634934593822
4958;我跟你嚎过我很渴望会画画，这个东西我刚知道的时候也很感兴趣，但是下载了个什么社区然后发现要花钱才给合成，我就放弃了，随便玩了下免费的自带的合成景色的，后面卸载掉了也没有再去试其他的了。这个事件发酵越来越严重，如果AI画画只是吸取了别人画师的画再缝合，那真的是没意义@于辞0119;7;0;7;9097;0.0007694844454215675
4968;@魔法少女难鸭;1;0;1;9097;0.00010992634934593822
4973;尸体在说话@不随便恰;1;0;1;9097;0.00010992634934593822
4981;@方泽自闭了 [哆啦A梦害怕][哆啦A梦害怕][哆啦A梦害怕];1;1;2;9097;0.00021985269869187644
4985;这种，如果画师作品本身上了加密链，能追踪到被缝合的迹象吗？如果可以的话以后区块链产权登记行业应该会爆火吧;1;4;5;9097;0.0005496317467296911
4991;Ai功能开了吗？？？在哪里没看到啊;1;0;1;9097;0.00010992634934593822
4993;救命……227是提起来就恨的程度;1;84;85;9097;0.00934373969440475
5004;粉色软件是某半吗;1;2;3;9097;0.00032977904803781465
5006;粉红色软件是哪个？[哆啦A梦吃惊];3;1;4;9097;0.0004397053973837529
5010;这个emmmm我列表另外一个在dy发东西的互关画手也发过类似的…把她气的差点当场骂街;2;5;7;9097;0.0007694844454215675
5013;那个粉红软件，三年前就跑路了[允悲];2;1;3;9097;0.00032977904803781465
5019;好崩溃;1;0;1;9097;0.00010992634934593822
5021;好多画手跑路了[开学季]你老坟头越来越不行了;1;0;1;9097;0.00010992634934593822
5023;画得很棒[鼓掌][鼓掌]，拿了两张图;1;0;1;9097;0.00010992634934593822
5026;生成八股文[委屈];1;0;1;9097;0.00010992634934593822
5028;截长图下来自己存着再删号呗;1;3;4;9097;0.0004397053973837529
5033;看到有人说飞鸽博客和TagTree不错，可以试试[送花花];1;2;3;9097;0.00032977904803781465
5035;来小蓝鸟！;1;1;2;9097;0.00021985269869187644
5037;tagtree不错哦，已经去了;1;1;2;9097;0.00021985269869187644
5042;摸摸柯基，我是搞出版的，前几天书展活动上大佬们也是各种角度争相dissAI，搞人文艺术的真的很难对AI有好感……;1;1;2;9097;0.00021985269869187644
5044;说实在我不觉得人类的未来是一片光明[二哈];1;0;1;9097;0.00010992634934593822
5051;http://t.cn/A6Causji;1;75;76;9097;0.008354402550291304
5054;说AI的不对并不是落后，相反更是让人认识到AI发展的错误，让人们惊醒改正，这也是社会进步的。;4;217;221;9097;0.024293723205452346
5059;吃饭砸锅;18;6342;6360;9097;0.6991315818401671
5078;让我晃晃lof产品经理脑子，看看里面有多少水[哇];14;4762;4776;9097;0.525008244476201
5093;若确实是通过“平台AI绘图会使用创作者的绘画作品作为素材”这样的方式而生成，那么不仅仅是图，连文都会被爬取，公开的东西得到的保护本就有限，如果连官方都在爬取，那么又何谈对著作对原创的保护和尊重？;31;2824;2855;9097;0.31383972738265364
5125;从付费彩蛋高级粉丝到ai写作画图，吃饭砸锅你是有一手的;19;2755;2774;9097;0.3049356930856326
5145;之前的ai写文可是的的确确被不少作者查出来整段抄袭挪用了;7;1228;1235;9097;0.1357590414422337
5153;疯了……虽然我不太可能注销，毕竟出了LOF没有一个地方能吃到我家的粮[泪];20;627;647;9097;0.07112234802682203
5174;已经删作品注销账号呢~;1;487;488;9097;0.05364405848081785
5176;Ai只是平台，侵权行为是使用Ai的人制造的，要质疑要科普约束批评的是利用Ai侵犯他人创作知识产权的人，Ai技术对现在对未来是有很大帮助的，甚至未来我们还会和它密不可分，就老福特这些功能本质是对绘画、写作小白的一种帮助，一昧的抵制先进科技、故步自封，对于未来的文化创作无疑是弊大于利;19;380;399;9097;0.04386061338902935
5196;撸否也回应了，没有使用站内用户的作品数据，ai绘画是趋势，目前还不能替代作者，反应这么强烈也是走向另一个极端了吧。;26;331;357;9097;0.039243706716499946
5224;没人帮这平台说话吧。这样践踏原作的心血;6;264;270;9097;0.02968011432340332
5232;[馋嘴]前排评论那个什么事实阐述者说不过就删评拉黑一条龙也是蛮6的捏;10;260;270;9097;0.02968011432340332
5244;能不能不要逮着小作者薅，要融就融迪士尼哦;1;178;179;9097;0.01967681653292294
5246;有一说一也不是只有lofter一家有ai绘画功能，海外其实更多;12;127;139;9097;0.015279762559085412
5259;当飓风正准备袭来，地上的草和树再抵抗也无法阻挡，早晚的事;12;183;195;9097;0.021435638122457953
5272;发明了禁止截图录屏的图片版权保护功能，却自己玩ai搞尸块拼凑。好一个只许州官放火。;1;146;147;9097;0.016159173353852918
5275;好吧，那么在这里宣传一下他tagtree，目前用的还可以就是说;3;106;109;9097;0.011981972078707267
5279;看到有个人说反对的人是因为既得利益被侵害的老顽固？[费解][费解][费解];12;111;123;9097;0.0135209409695504
5292;lofter里面好多非原创都在收钱，到处传别人的作品也不标转载[可爱]，还理直气壮的你搬运也辛苦，该有收益，真的离谱;3;96;99;9097;0.010882708585247884
5297;笑死，评论区还有人帮平台说话的啊。;2;73;75;9097;0.008244476200945367
5301;蹲一个替代平台要搬家了[怒];18;42;60;9097;0.006595580960756293
5320;说实话，全网的平台老福特是最不应该搞ai的，策划这个项目的可以开点了好吧[爱你];1;52;53;9097;0.005826096515334726
5325;AI用你素材怎么了[思考][思考][思考][思考]这不属于侵权吧;13;32;45;9097;0.00494668572056722
5342;目前画画机画出来的画跟太太们的作品有相似之处吗？感觉最好搜集点证据甩官方脸上;10;13;23;9097;0.002528306034956579
5357;你让我去哪里找这些大大[微笑];2;22;24;9097;0.0026382323843025172
5363;别骂了别骂了，别把平台搞死了，我还不想搬家(#ﾟДﾟ);5;15;20;9097;0.0021985269869187643
5370;老福特感觉越来越没意思了……从最开始排版变得别扭繁复到后来审核机制越来越严格奇怪…它是不是快忘了自己是一个靠原创二创养起来的软件[摊手];2;14;16;9097;0.0017588215895350116
5374;只是头像创作的简单功能，也不涉及版权侵权，大家别激动吧T T;5;14;19;9097;0.002088600637572826
5381;其实根本没人在意他们抵制不抵制;12;6;18;9097;0.001978674288226888
5395;ai的发展本来就是大趋势，取代从业者也不仅是画画独一个行业面临的问题。真正具有艺术价值的创作不会被取代，被取代的只会是流水线产品，毕竟有创造性的人类的作画过程和ai的画作生成逻辑本就有本质上的区别。而那些本身就不具有原创能力的绘画者，也别在这里跟风无能狂怒了，被ai取代也只是早晚的事;28;12;40;9097;0.004397053973837529
5437;记得之前有人说那个ai当商用稿图的是资本家试水[傻眼][傻眼]wc这是真的;1;4;5;9097;0.0005496317467296911
5446;tagtree和飞鸽不知道使用怎么样;4;4;8;9097;0.0008794107947675058
5460;什么尸块拼凑，说得这么难听。最新的Diffusion模型早就不是拼凑式的生成了;4;5;9;9097;0.000989337144113444
5466;@cetusia 怎么想的;1;0;1;9097;0.00010992634934593822
5475;6;1;6;7;9097;0.0007694844454215675
5485;我觉得可以购买原作者版权再拿来创作 不能直接偷;3;2;5;9097;0.0005496317467296911
5508;我支持版权保护 而且目前平台上的低端ai确实在抄袭  但有些趋势不可逆 不要做马车的驾驶员  相信英国工业革命的时候 马车和火车的故事大家都听过;3;0;3;9097;0.00032977904803781465
5530;lof属于是搬起石头砸自己的脚，明明做到了这样一个好的同人原创大平台这么;1;0;1;9097;0.00010992634934593822
5597;无所谓，反正好多画手出周边也没给原作钱，也没去要授权，打ai的时候先想想卖周边赚钱的时候侵权没有吧;1;1;2;9097;0.00021985269869187644
5615;@柴柴澄澄;1;0;1;9097;0.00010992634934593822
5618;@沉睡的叮叮车- 我天呢又开始吃完饭砸锅了;1;0;1;9097;0.00010992634934593822
5624;那个叫一号事实阐述者的网友，我不知道你在破什么防，你原话说“ai用你素材怎么了[思考][思考][思考][思考]这不算侵权吧”，于是我对此发表了“我拿你照片投喂ai算不算侵权”的疑问，你仅回应我一句不算就拉黑了我，我不知道你出于什么目的这样做，是双标觉得别人的图无所谓，怕自己照片被偷才拉黑我吗;1;3;4;9097;0.0004397053973837529
5640;绘画小白利用ai绘画画出来的真的有成就感吗，看着合成的东西难道骗自己画的有多厉害？还要沾沾自喜？有什么实际的价值？至于未来的文化创作，自古以来哪个世界名画不是一笔一笔勾勒出来的，我认为ai绘画能也只能供人们娱乐，真要搬到文化层面，是上不了台面的，就像“卧槽”这个词，尽管生活时用的很多;1;1;2;9097;0.00021985269869187644
5646;禁止套娃;1;21;22;9097;0.0024183796856106408
5648;这AI技术发展的迅猛啊，怪吓人的。。;1;6;7;9097;0.0007694844454215675
5650;未来可能福利姬背后是个抠脚大叔[笑而不语];4;5;9;9097;0.000989337144113444
5662;你居然还能去注销，而我甚至记不到密码;2;0;2;9097;0.00021985269869187644
5665;唉，这网站上线之初就入住的看它慢慢烂掉也是心情复杂;1;0;1;9097;0.00010992634934593822
5669;之前好像还有个AI生成文梗。。听说是直接从文手那里抄的;1;0;1;9097;0.00010992634934593822
5675;我之前整过Apo这一张的 http://t.cn/A6CaYwYa;1;1;2;9097;0.00021985269869187644
5679;Picture comment http://t.cn/A6CaNBZb;2;0;2;9097;0.00021985269869187644
5682;就是我想问一下关于ai制图在一开始接单时使用来敲定大致，给约稿人一个示意图，因为很多时候与跟约稿人沟通他们总是找不到自己想要的感觉，如果这个时候能给一幅大概的示意图会好很多，有可能约稿人只是需要这样的一幅示意图，来向画师表达自己的想法，然后画师再去出图，这样怎么样？;1;0;1;9097;0.00010992634934593822
5684;以前最喜欢rw的海报，好久没关注了不知道现在水平咋样了;1;1;2;9097;0.00021985269869187644
5686;今年lgd和ig的还不错 萌萌的;1;1;2;9097;0.00021985269869187644
5688;女版五竹;1;0;1;9097;0.00010992634934593822
5693;好不容易经营了两个月，感觉这软件似乎突然就濒临倒闭……。瀛瀛老师有什么新同人基地求推推;2;0;2;9097;0.00021985269869187644
5696;她也知道被骂难受，当初骂的时候倒是挺快活[二哈];1;2;3;9097;0.00032977904803781465
5699;受害者有罪论而已，证实画手没ai就开始从其他地方挑刺，要么画手技术不行，要么画手粉丝态度不好，要么画手开小号[收到];1;4;5;9097;0.0005496317467296911
5702;衣服越来越少[doge];1;1;2;9097;0.00021985269869187644
5704;用的哪个软件哇[哇];1;0;1;9097;0.00010992634934593822
5706;[打call];1;0;1;9097;0.00010992634934593822
5708;搞点夜阑;1;0;1;9097;0.00010992634934593822
5710;牛批没的说[doge];1;0;1;9097;0.00010992634934593822
5730;我们现在的超话版头有什么制作过的痕迹吗？;2;1;3;9097;0.00032977904803781465
5747;话说这个平台的邀请码要钱吗？不要钱的话你能给我分享一个吗 新注册有有邀请码的话都能得50D币 [酷][666];2;0;2;9097;0.00021985269869187644
5754;其实也变相逼创作者更专注于“创作内容”本身吧，还有实现差异化竞争…而单一又重复的工作确实会被大量代替;2;3;5;9097;0.0005496317467296911
5758;还可以让不会画画的人幸灾乐祸，并且以为自己成为了绘画大师[摊手];2;3;5;9097;0.0005496317467296911
5770;挖槽 这是你吗 然后AI绘图出来？;2;0;2;9097;0.00021985269869187644
5773;hi美女（吹口哨  [鲜花][鲜花][鲜花];1;1;2;9097;0.00021985269869187644
5775;给我整一个;1;0;1;9097;0.00010992634934593822
5777;我小白一枚，请问做LOGO的AI软件叫啥名？;1;0;1;9097;0.00010992634934593822
5779;试玩页面为啥404[苦涩];1;0;1;9097;0.00010992634934593822
5788;50分钟没挂;1;1;2;9097;0.00021985269869187644
5790;有点肉嘟嘟的;1;0;1;9097;0.00010992634934593822
5792;诶呀我去[doge][doge];1;0;1;9097;0.00010992634934593822
5800;很难不认同[苦涩]最近的ai跳脸怪太多了……;1;13;14;9097;0.001538968890843135
5807;没怎么看到夸 ai 绘画的，但是夸 ai 写作的一大堆。博主说得对！ai 不会绘画，也不会写作！但是这些夸奖我也不知道为啥原作者听不到，反而按在了 ai 头上[二哈];1;20;21;9097;0.0023084533362647025
5819;开班教ai的我觉得真的太震撼了;1;1;2;9097;0.00021985269869187644
5822;小艺如此贴心全面的准备 我可得抓紧安排起来了[收到]💗;2;1;3;9097;0.00032977904803781465
5837;这种人，他肯定就不在行业中，或者是曾经在但是转行了，如果他自己会被割韭菜，肯定不会支持ai，比如支持ai绘画的人，这种人懂一点绘画，不然根本不会关心这个事，但是他肯定画的不好，不在行业中，ai绘画影响不了他生存，所以肆无忌惮;1;1;2;9097;0.00021985269869187644
5843;同理天天宣传中国要完蛋的，不是卖移民就是卖保险的[二哈];1;0;1;9097;0.00010992634934593822
5845;画的真的好喜欢 [污][心];1;0;1;9097;0.00010992634934593822
5848;赞同[心];1;0;1;9097;0.00010992634934593822
5887;老福特安息吧[蜡烛][蜡烛];1;0;1;9097;0.00010992634934593822
5889;五岁有点多了 我觉得是智障;1;0;1;9097;0.00010992634934593822
5893;请问原图是哪位作者的;1;0;1;9097;0.00010992634934593822
5907;可是老福特也有写文ai，我看到好多写小说的太太说自己看到那个写文ai生成了和自己相似的文章，甚至连梗和句子都一模一样;3;1;4;9097;0.0004397053973837529
5912;ai拿太太们的图就已经无视版权;3;0;3;9097;0.00032977904803781465
5917;已经吃不上饭了（面黄肌瘦）[苦涩];1;0;1;9097;0.00010992634934593822
5925;阴奉阳违地意思;1;1;2;9097;0.00021985269869187644
5928;草草草融文的瓜有吗找不到了🥹;1;0;1;9097;0.00010992634934593822
5931;创作者的情绪对我来说很重要，更别说ai制图完全侵权，如果默许以后看到的都是什么[NO];2;119;121;9097;0.013301088270858524
5934;只要是创作者或者热爱被创作出来的作品的人应该都能理解TT;2;77;79;9097;0.00868418159832912
5937;我喜欢的是有思想有感情的作品，而不是一堆有思想有感情的作品尸块拼接[怒];4;51;55;9097;0.006045949214026602
5942;其实没有那么伟大的[悲伤]只是能顺手能做的事情就做点，毕竟一件事不能等它危及到自身了才重视！最重要的是，目前的ai应用本身就是一种变态的侵权行为[抓狂];1;24;25;9097;0.0027481587336484555
5944;在别的领域也是创作者的话就会共情（）;1;11;12;9097;0.0013191161921512586
5982;好多太太搬到微博但是…这个平台感觉更烂啊，还容易莫名被举报和爆破，感觉个人安全也很重要…;3;94;97;9097;0.010662855886556008
5986;我不准备走……就在lof单机搞同人挺开心的[允悲];14;31;45;9097;0.00494668572056722
6018;评论你们好搞笑 吃饭当然是追随厨子啊 有些人一口自己老大逼迫厨子的口吻 你圈有你真倒霉[笑cry];1;0;1;9097;0.00010992634934593822
6025;大家都去了tagtree 微博 飞鸽博客 爱发电 inner;1;3;4;9097;0.0004397053973837529
6028;我期待腾讯出手[开学季][开学季][开学季];1;3;4;9097;0.0004397053973837529
6049;请问为什么在小程序一键注册之后在网页版登录需要“新版内测密码”呀？重新注册也需要这个，不知道怎么办[苦涩];4;0;4;9097;0.0004397053973837529
6055;天呐文章也被偷跑了吗;1;0;1;9097;0.00010992634934593822
6059;问问发生了什么[苦涩];2;0;2;9097;0.00021985269869187644
6064;乐~昨天晚上这个头像生成器还叫老福鸽画画机;2;0;2;9097;0.00021985269869187644
6074;求tag;1;0;1;9097;0.00010992634934593822
6078;太真实了[泪][泪][泪][泪][泪]他妈的太太们一大半都搬走了，爬墙也不会，也没功夫下载那么多软件。他妈的老坟头坏事做尽啊我草;2;4;6;9097;0.0006595580960756293
6091;啊啊妈咪画风好美！！;1;0;1;9097;0.00010992634934593822
6094;周二愉快！;1;0;1;9097;0.00010992634934593822
6099;过分依赖工具又会导致人类想象力的衰弱，可对于商品经济来说ai的高效率、低成本是极大的优势[吃惊]资本的选择必然会导致传统设计师自降身价，人类劳动力就这么贬值了。;1;0;1;9097;0.00010992634934593822
6107;有没有想过为什么要去老坟头;2;0;2;9097;0.00021985269869187644
6110;所以你觉得这是LOF早有预谋的吗，不过话说你是怎么知道这些的;5;3;8;9097;0.0008794107947675058
6116;说实话它云端能备份图片的话那它会不会文章也能备份啊[泪];2;0;2;9097;0.00021985269869187644
6124;飞鸽，米画师，b站，大眼仔[苦涩]我只知道这几个，应该小红书和半次元上也有，微博最多[苦涩];1;0;1;9097;0.00010992634934593822
6126;大眼和b站这俩还算比较安分，其他的多多少少都有问题，有条件建议fanqiang;1;0;1;9097;0.00010992634934593822
6128;可以去tagtree，但是人不是很多;1;0;1;9097;0.00010992634934593822
6130;推特吧，我现在直接进推特和p站了;1;0;1;9097;0.00010992634934593822
6132;半次元？上面好画师挺多，就是不常更新，而且还有很多xxs[苦涩]我打算观望一下飞鸽博客，如果说好用就去那里安家[苦涩];1;0;1;9097;0.00010992634934593822
6142;我为数不多的几次打开，每次首页推荐页必有ai，还是高赞，6;1;3;4;9097;0.0004397053973837529
6144;好骂;1;0;1;9097;0.00010992634934593822
6146;我都不打开它[偷笑];1;0;1;9097;0.00010992634934593822
6150;招聘要求会用AI你怕不是理解错了吧确定不是Adobr Illustrator的简称吗？[允悲];4;7;11;9097;0.0012091898428053204
6155;取代一直在进行，也不知道为什么这次取代大家就如此抵触。我们不应该接受新事物然后思考平衡点预计未来的方向吗。现在就是要完善相关法律然后寻找创新，毕竟AI是无法完全取代人类的;5;1;6;9097;0.0006595580960756293
6161;潘多拉魔盒一旦打开就无法停下来，有些天真的人还在认为能抵制，ai本质上能节省大多数无效时间，至于岗位问题，抵制它也一样会发生，除非全世界资本挨个抄家;3;11;14;9097;0.001538968890843135
6165;[允悲]但是机器代替人工有一定道理，确实是历史的必然趋势，解放了机械的劳作人们可以投入到相较更轻松的脑力劳动中。但AI的性质不同，它是在侵占和扼杀人类的创作和幻想世界。AI作图的基础就是人类的创作和幻想，是死板和机械的色块堆砌，是数据运作的结果，从本质上讲AI没有审美，它不懂得什么是艺术;3;13;16;9097;0.0017588215895350116
6169;是这个道理，我在抵制ai，也得先活下去啊，有些大佬他不用担心生存问题，自然另说;1;7;8;9097;0.0008794107947675058
6171;转行吧，兄弟们[苦涩][苦涩][苦涩][苦涩];2;1;3;9097;0.00032977904803781465
6174;只有用了ai才知道，抵制越强烈，用ai变的越隐蔽，最后大家背后都站着ai，你不用就被公司淘汰;1;5;6;9097;0.0006595580960756293
6176;对于画渣的我来说，还没开始就已经结束了;1;4;5;9097;0.0005496317467296911
6178;但其实更多的是用ai非法谋利的吧。就像你说的，那些公司里的压根看不出来。更多更多的就是拿其他画师的话投个ai说是原创然后赚钱;1;4;5;9097;0.0005496317467296911
6181;抵制ai是因为它的生成是偷别人作品，不是说因为你抢我饭碗。科技代替人力当然不可避免，但你偷我东西然后用从我这儿偷的东西赶我走，给你赚钱?[太开心][太开心]版权呢，训练ai时用图的版权呢？;9;21;30;9097;0.0032977904803781466
6191;还没开始，已经结束了，如果大三ai成熟了我就去考教资[开学季];1;0;1;9097;0.00010992634934593822
6193;我觉得你们完全没有搞懂为啥要抵制。不是抵制ai，是抵制LOFTER上架ai绘画，这就跟a站上架ai绘画功能一个道理，哦，还收费哦。拿着现成的图库搞事是吧[打call]之前那个ai写文就被扒了是融了平台的太太们写的文 ，现在是要融太太们的图[打call];6;19;25;9097;0.0027481587336484555
6200;你自己都说要活着，那创作力交易的钱财呢？;1;4;5;9097;0.0005496317467296911
6222;确实 不过xhs没有主动提倡吧 是一些用户自主使用？;5;0;5;9097;0.0005496317467296911
6231;我不敢跑多，听说对显卡伤害大;1;0;1;9097;0.00010992634934593822
6239;有没有替代平台;2;0;2;9097;0.00021985269869187644
6244;说的好我没看懂;1;1;2;9097;0.00021985269869187644
6246;姐姐辛苦了;1;0;1;9097;0.00010992634934593822
6259;其实我觉得很好笑的一点是，经此一役小画家们竟然还没有对版权制度祛魅吗（）;1;0;1;9097;0.00010992634934593822
6261;大概率在飞鸽，tagtree或者wb;3;2;5;9097;0.0005496317467296911
6269;但是我真的很好奇，不去lofter，我还能去哪里找饭吃呢？;3;2;5;9097;0.0005496317467296911
6276;好酷，什么软件;1;0;1;9097;0.00010992634934593822
6278;这也太好看了吧[苦涩]，姐姐，要看许墨[老师好]，出一个嘛[doge];2;4;6;9097;0.0006595580960756293
6281;图生图需要写指引词汇吗;3;1;4;9097;0.0004397053973837529
6285;神级cos！请问模型发布了吗？;1;1;2;9097;0.00021985269869187644
6287;太太您是神;1;2;3;9097;0.00032977904803781465
6289;！劳斯是混血吗！混血周棋洛的即视感！！;1;2;3;9097;0.00032977904803781465
6291;妹妹;1;1;2;9097;0.00021985269869187644
6305;@等到晚风;1;0;1;9097;0.00010992634934593822
6307;@欣子z- 混血感…卧槽……虽然不是真人;1;0;1;9097;0.00010992634934593822
6321;因为一直只在网页端更新基本不用手机端，我甚至从来不知道lof还有这些功能......;2;0;2;9097;0.00021985269869187644
6325;支持！！！[苦涩];1;0;1;9097;0.00010992634934593822
6327;在哪里看完整版;1;0;1;9097;0.00010992634934593822
6339;原视频:AI绘画野蛮攫取数据时代下 海外艺术家的反击与抵制 BV1YY4y1y7wb;3;94;97;9097;0.010662855886556008
6343;那个我得说一下那个不是腾讯的南山必胜客吗[允悲]这事没啥好说的啊，当年阅文事件不也是这样。并不是ai生成合法了而是某些企业有权有势干涉司法了……[允悲]这个案件有特殊性，讨论这个没啥意义啊，还有类似的ai生成被判定没版权的案件呢。;6;71;77;9097;0.008464328899637243
6353;国内胆大的组已经用的飞起了……观望下;4;24;28;9097;0.00307793778168627
6359;看boss上的ai相关岗位，国内的很多厂已经迫不及待的铺设相关的生产管线，真是绝了;1;28;29;9097;0.0031878641310322084
6361;单靠个人，抵抗不了ai的，口口声声反对的，也只不过是打工人罢了;1;1;2;9097;0.00021985269869187644
6388;woc感觉好;1;0;1;9097;0.00010992634934593822
6407;求求p站飞鸽inner的下载途径，想搬家没地方去[泪];2;1;3;9097;0.00032977904803781465
6410;呜呜呜妈咪我来了[泪][泪][泪];1;0;1;9097;0.00010992634934593822
6412;太太们已经搬家飞鸽​，飞鸽没有ai！！大家可以来看太太们;1;1;2;9097;0.00021985269869187644
6414;就是闹大了lof不让其他平台指路了[馋嘴]我当初跑的时候全名还可以发;2;21;23;9097;0.002528306034956579
6421;这一样吗？？？虚拟歌姬的声音是虚拟的，但是歌词和曲调是创作者自己创作的，而不是从其它歌里取用尸体；同样的笔刷也是辅助创作的工具。但是ai绘画不一样啊！它是从你的画作里截下来一部分直接copy到新的画上，整张画里没有一个东西是原创的，全是别人画作里的碎块。[哆啦A梦害怕][跪了];3;177;180;9097;0.01978674288226888
6426;虚拟歌姬是自己作的曲它能吗[可怜];1;6;7;9097;0.0007694844454215675
6432;自己决定去留，跟别人没关系！这时候出来道德绑架的真的大可不必这般浑水摸鱼，不要过激了更不要伤害厨子[哆啦A梦害怕]（恼）明明大家都很伤心[泪]不许再狙厨子了！！！;5;1139;1144;9097;0.12575574365175332
6438;不销号为什么还能在lof上看到你不销号？什么人专门来引战吧[疑问];2;82;84;9097;0.00923381334505881
6441;老师不要在意！！！现在的网络环境导致的二极管太多了！老师愿意怎样自己开心就好！说到底都是为爱发电而已他们怎么可以指责排斥任何与自己不同的观点呢[抱抱];2;21;23;9097;0.002528306034956579
6444;还有这种人……[汗][汗][汗];1;269;270;9097;0.02968011432340332
6446;销号的太太是无法忍受老坟头的离谱行为心灰意冷一刀两断，粉丝该吃了粮曾经也吃了存了，不销号的太太是舍不得自己多年的心血并想给自己和粉丝留下念想。况且不论销不销号，东西都已经上传了不可能从碎尸机里捞出来，这个事实无法改变，那无论怎么做都是太太自己可以选择的呢，和别人没什么关系呢[抱抱];2;500;502;9097;0.05518302737166099
6449;“留下来污染AI基因库。”不失为一种好的回答[doge];1;242;243;9097;0.02671210289106299
6451;我不删号是因为冷圈的粮虽然残缺，但至少曾今拥有[苦涩]但是想走还是留是自由。最近搬到inner去了，冷圈好荒芜，但是我已经因为愤怒开始写ai x lof的文了，不说了祝他们锁死吧。现在lof就彻底凉凉，总好过把太太们骗回去在杀一次 。;3;85;88;9097;0.009673518742442563
6455;还是饭太多了不然怎么敢这样对厨子;1;61;62;9097;0.00681543365944817
6458;早就和lof离婚了，不走只是为了读者罢了[摊手]问就是冷圈没人权，只能被锁死在lof，换个地方人都找不到一个。;1;18;19;9097;0.002088600637572826
6500;简历模版链接: http://t.cn/A6CKPFSd 提取码: f7fe[奋斗][锦鲤附体];2;11;13;9097;0.0014290425414971969
6504;除了招新，原有的各个分会皮下是不是也要公布？只要求新人不能多担，老人呢？谁又知道他们有没有多担，谁知道皮下是不是有等级12以上，8年以上，魏晨第一位。这边建议先公开原有的[愛你]不想再被歌迷会背刺了，请公布各个分会，各个组的皮下[愛你][愛你][愛你]谢谢合作（我：会员，超话14，10年乐橙）;17;213;230;9097;0.025283060349565793
6522;歌迷会各会长是不是也得以身作则[可怜];3;127;130;9097;0.014290425414971969
6527;招生要求不能放宽到，一旦当选必须入会吗，这是工作室的要求吗，如果不是的话，会员确实属于少数，应该面向所有乐橙，前面的一些条件已经能够卡的真粉的程度了，后期简历进行时筛选就可以了，必须会员的身份太限制了;6;54;60;9097;0.006595580960756293
6535;会费明细什么时候出？多担的歌迷会管理什么时候退出？;1;50;51;9097;0.005606243816642849
6538;能不能给非会员点机会？ 非会员也是粉丝好吧？;18;38;56;9097;0.00615587556337254
6557;是非会员和新粉不配了[悲伤];1;30;31;9097;0.003407716829724085
6561;就不招管理层是吗[怒][怒][怒][怒];1;23;24;9097;0.0026382323843025172
6563;请先公示现任管理层内部全体成员名单以及是否符合要求（具体证明）、近五年会费使用明细、生日应援内容、影视歌及各品牌活动应援内容，先整顿好自身再吸纳新橙可能会更好！;1;17;18;9097;0.001978674288226888
6565;咋  非会员差哪了;2;23;25;9097;0.0027481587336484555
6572;请问你们管理层，交会费了吗？[嘻嘻][嘻嘻][嘻嘻];1;13;14;9097;0.001538968890843135
6574;笑死[doge]还得2023会员，粉晨哥十几年了，从小学到现在读研，刚好学的也是平面设计，被你这2023会员卡死[喵喵];3;9;12;9097;0.0013191161921512586
6581;不知道的以为这要求招的会长呢，这岗位不是谁有能力谁上？必须会员必须老粉？另外，你们管理组多少非唯粉，多少个12级以上的，麻烦公布一下@魏晨全球歌迷会;1;9;10;9097;0.0010992634934593821
6583;你自己看看这些条件，你确定是认真的吗？你确定目前歌迷会内部的所有人满足吗？到底是这些条件重要还是对魏晨热爱并积极做事重要？;1;14;15;9097;0.0016488952401890733
6588;怎么没有线下应援组？？？线下不配有是吗？？？[可怜];1;9;10;9097;0.0010992634934593821
6595;纯好奇 做这些有工资吗[允悲];4;3;7;9097;0.0007694844454215675
6613;不是吧只禁同期？拜托，必须唯粉好吗？？[揣手];1;2;3;9097;0.00032977904803781465
6620;会费到底去哪了只有你们自己知道，现在招新要求里竟然还有一条必须是会员，我看出来了，这个会费真的很赚钱啊[哇][哇][哇];2;0;2;9097;0.00021985269869187644
6638;建议内部全体审核一遍 不符合这些条件的都退出换新人上;1;0;1;9097;0.00010992634934593822
6641;@小小欣愉 来重操旧业[吃瓜];1;0;1;9097;0.00010992634934593822
6683;这个招新要求其实看不到你们想要求变的诚意，请问12级，8年，23会员这种数字限制的确是有必要的嘛？那目前的管理组又符合条件，又充满干劲儿的又有几个呢？大侦探、电影、电视剧等入坑的有机会满8年吗？那这8年的限制条件招的人能保证活力吗？超话等级可以限，但我觉得意义不大，会员也可以之后新入。;6;19;25;9097;0.0027481587336484555
6690;为啥要八年以上？？新粉不配？？老粉大多都摆烂了，新粉才是新鲜血液[失望][失望]影迷歌迷都是粉，他最近这两年影视粉也挺多呀。还有你怎么断定人家是八年以上粉丝？自己说的？[doge];2;14;16;9097;0.0017588215895350116
6697;管理层呢所以[舔屏]找小笨蛋给你们干活是吧;1;11;12;9097;0.0013191161921512586
6710;我本人倒是无所谓因为我画的又不咋好看还是手绘不怕被喂，[允悲]但能理解这种心情;1;0;1;9097;0.00010992634934593822
6712;微博，tagtree，爱发电，推特，海棠，ao3都可以[doge][中国赞]同人app不止lft;1;0;1;9097;0.00010992634934593822
6718;太太的评论区里面还有个一边道歉一边踩画技的下头人，被骂还倒打一耙说支持太太的都是粉丝太太管不好粉丝，都是什么人;1;8;9;9097;0.000989337144113444
6720;真的受够了，为什么凭什么有些人一张嘴就造谣空口鉴定，凭什么受害者要费尽心思自证;2;3;5;9097;0.0005496317467296911
6723;最典的是那个木木发了她和画师的截图，画师态度特别好，反而她在咄咄逼人，自挂东南枝[doge];1;4;5;9097;0.0005496317467296911
6725;这个线稿是后来描的;2;2;4;9097;0.0004397053973837529
6728;这个ai姐以前还有瓜，之前被别人挂过[举手];3;2;5;9097;0.0005496317467296911
6732;谢谢[打call]2G网冲浪吃瓜终于吃完整了[泪];1;1;2;9097;0.00021985269869187644
6737;问题就是文有点少[二哈][允悲];3;0;3;9097;0.00032977904803781465
6748;……现在ai都生成真人了）;1;0;1;9097;0.00010992634934593822
6750;这个是什么群啊，能进吗还;2;0;2;9097;0.00021985269869187644
6753;许多人把ai比作珍妮机，经过百年更替手织品衣服一定会比机器制作的差嘛？不一定，但是百年后的我们基本没有选择，我们连对比的选择都没有生下来就接受衣服是机器制作的流水产物。画画经过ai百年之后说不定也会这样，ai从本质上让绘画变得毫无意义，经过足够长的时间后人们可能连手工绘画是什么都不知道;3;0;3;9097;0.00032977904803781465
6757;我感觉主要是创作没有得到应有的尊重，真的很伤心T_T;1;1;2;9097;0.00021985269869187644
6764;顶住[泪][泪][泪]老福特真的是我的最后的饭堂[泪][泪]各位太太不要走[泪][泪];2;0;2;9097;0.00021985269869187644
6770;真服了他们;1;0;1;9097;0.00010992634934593822
6772;老坟头该努力的地方不努力，不该管的地方疯狂作死;1;1;2;9097;0.00021985269869187644
6774;它直接把我评论里带有其他平台名称的评论全吞了[哈哈]这吃相，它真的，我哭死;3;0;3;9097;0.00032977904803781465
6778;老福特真是，一手好牌打得稀烂[微笑];1;0;1;9097;0.00010992634934593822
6780;老师，你微博评论甚至还被过滤了[泪];1;0;1;9097;0.00010992634934593822
6828;怪不得今天发英文博了[挤眼];1;1;2;9097;0.00021985269869187644
6831;服啦 我们这边甚至有一个绘画机构在招ai[抓狂];1;0;1;9097;0.00010992634934593822
6836;这不得叫我么~;3;0;3;9097;0.00032977904803781465
6913;屁，有些人有有些人没有，推测是反对ai或者搞创作的人没有，反之则有;6;5;11;9097;0.0012091898428053204
6920;呃，有没有发公告啊？没有明确的下线公告或者不上线公告的话以后偷摸摸上了也不一定哦，毕竟现在是内测…;3;6;9;9097;0.000989337144113444
6924;500+的文章只剩下300+[泪] 未来只会更少;1;2;3;9097;0.00032977904803781465
6926;好像有人看到创作者的页面没有这个，但是小号没发作品的人还有;1;13;14;9097;0.001538968890843135
6928;真假？;2;0;2;9097;0.00021985269869187644
6931;有人反应并没有;1;8;9;9097;0.000989337144113444
6935;老实说现在下架也没用了，图我估计已经位完了，且最重要的是，我关注的太太也快跑完了——现在剩一位做汉化工作的还在考虑搬家去哪里。只能说老坟头你活该。;1;28;29;9097;0.0031878641310322084
6940;感觉就是在搞文手画手对立。。。说白了还是不明白圈内真相，作为文手要是能拐到一个画手真是跪下来求的程度;1;0;1;9097;0.00010992634934593822
6942;是不是lft最开始就是靠这个热榜的功能吸引用户的所以现在不可能再在这个上面动手脚了，，，虽然我不知道它们怎么起家的，，，，;1;0;1;9097;0.00010992634934593822
6944;博主能分享个app吗？;2;0;2;9097;0.00021985269869187644
6947;以前手工凹怕不是要一个月才能完成;1;0;1;9097;0.00010992634934593822
6949;好好看呀感觉这个绘画的建模感觉挺立体滴推荐一下[doge];1;0;1;9097;0.00010992634934593822
6958;请问衣服能不能给个链接[可怜][可怜];2;0;2;9097;0.00021985269869187644
6961;发量好多啊！！好羡慕;1;0;1;9097;0.00010992634934593822
6966;好可爱;1;1;2;9097;0.00021985269869187644
6972;我好像看到了一茬又一茬的韭菜[哆啦A梦害怕];1;0;1;9097;0.00010992634934593822
6976;我刚刚接电话也是这么说的，说原画课程要下架了，换成ai绘画课问我要不要上[拜拜]，还说ai做图非常的方便，输入文字描述几分钟就可以生成作品非常方便快捷高效[拜拜][拜拜];1;0;1;9097;0.00010992634934593822
6980;没人那几张讲道理总感觉在哪见过;1;1;2;9097;0.00021985269869187644
6988;哪个软件？怎么画？;1;0;1;9097;0.00010992634934593822
6993;画点kk实现产粮自由💪;1;0;1;9097;0.00010992634934593822
7004;这用的是哪个网站了;1;0;1;9097;0.00010992634934593822
7031;真的很不尊重原创[伤心][伤心];1;109;110;9097;0.012091898428053204
7033;支持！;1;22;23;9097;0.002528306034956579
7035;投喂ai???为什么这个操作;3;24;27;9097;0.002968011432340332
7039;支持[泪][泪]虽然真的很心痛[泪]道了歉也觉得心寒;2;2;4;9097;0.0004397053973837529
7043;没事的太太，我们会在微博继续支持您！[抱一抱]ltf这种行为我个小写文的也很无语[吐];2;3;5;9097;0.0005496317467296911
7046;支持！本来在老福特就是为了看到更多好的图，结果搞这一出[泪][泪][泪];1;8;9;9097;0.000989337144113444
7049;直接把老福特卸载了[哼][哼];1;2;3;9097;0.00032977904803781465
7051;抱抱三花太太！炒鸡喜欢老师的画！你在哪我都追！[抱抱][抱抱][抱抱][抱抱][抱抱][抱抱][哇][哇][哇][哇][哇][哇];1;1;2;9097;0.00021985269869187644
7053;老福特这就是自己毁自己[跪了];1;0;1;9097;0.00010992634934593822
7055;贴贴三花花 我们不去那边玩了[苦涩];1;1;2;9097;0.00021985269869187644
7057;我靠老福特怎么这样[怒][怒][怒];1;4;5;9097;0.0005496317467296911
7059;好多老师都退了[泪][泪]抱抱老师[心];1;1;2;9097;0.00021985269869187644
7061;摸摸三花儿，确实是很失望了，但是没关系，我们还是可以找到你捏[抱抱];1;0;1;9097;0.00010992634934593822
7063;支持你;1;0;1;9097;0.00010992634934593822
7071;我的天，竟然这样！;2;0;2;9097;0.00021985269869187644
7074;过分了[跪了];2;0;2;9097;0.00021985269869187644
7110;默默打开你的关注[泪];1;0;1;9097;0.00010992634934593822
7112;大佬，我可以用你的图做底子尝试出真人版的图吗;1;0;1;9097;0.00010992634934593822
7116;怎么要原图呀;1;0;1;9097;0.00010992634934593822
7119;就是就是;1;0;1;9097;0.00010992634934593822
7121;噢这优秀的鼻子;1;0;1;9097;0.00010992634934593822
7123;不一样的，你作为人，吸收其他作品产生自己的表达，过程中有人的思考，是受到著作权保护的。但是ai的“想”，是基于其底层的算法，没有人作为主体对信息的筛选。;1;1;2;9097;0.00021985269869187644
7130;淡淡的胡子，淡淡的仙[送花花];3;1;4;9097;0.0004397053973837529
7134;B站看到的视频，好想尖叫，太帅太仙了;3;0;3;9097;0.00032977904803781465
7138;好喜欢这一段的，随性而发，是我印象中肆意的诗仙李白;1;1;2;9097;0.00021985269869187644
7140;[舔屏][舔屏];1;1;2;9097;0.00021985269869187644
7142;特别喜欢[抓狂][抓狂]他舞剑的时候真的像是从诗里走出来的;1;0;1;9097;0.00010992634934593822
7144;特别喜欢;1;0;1;9097;0.00010992634934593822
7147;这个很绝，一定要看视频;1;1;2;9097;0.00021985269869187644
7149;白玉京太性感了[哇];1;0;1;9097;0.00010992634934593822
7152;[舔屏][舔屏][舔屏][舔屏][舔屏]爱了爱了;1;0;1;9097;0.00010992634934593822
7159;您好，诚邀您参加大声牛防弹咖啡举办的AI艺术大奖赛，奖品丰厚，包括苹果iPhone 14 Pro Max和米家投影仪，期待您的作品[憧憬][憧憬];4;1;5;9097;0.0005496317467296911
7165;ao3还在的，还在的（沧桑）;1;1;2;9097;0.00021985269869187644
7167;有人手工造了一辈子椅子，到最后价格比工厂的高，产量比工厂的少，质量没工厂的好，这些被淘汰的都是大家默认的。画得好的自然不会被淘汰，但是有些东西注定被淘汰罢了;4;0;4;9097;0.0004397053973837529
7174;不用欧美脸会好一点吧;1;0;1;9097;0.00010992634934593822
7177;回答3，因为文手根本就无人在意[蜡烛];2;324;326;9097;0.03583598988677586
7180;感觉还是因为ai绘画的水平确实不错，真正挤压了画师约收费稿之类的空间；而ai写文写出来的东西几乎没法看，写手根本懒得抵制吧。（而且从版权方面看，如果ai写文喂的都是一些死去50年以上的作家的作品……但现在二次元画的画师都还没死）;4;114;118;9097;0.01297130922282071
7186;谁看文啊.JPG（bushi）直接扔凹3，说不定几百年后真的会有comment呢;1;84;85;9097;0.00934373969440475
7188;ai写文没有起义的原因是在lofter推出ai写文之前就已经有n个网文平台和写作平台出过那种描写生成器、情节生成器、过渡生成器、诗歌生成器……基本上就是把各种文字内容按照类型粉碎后再拼凑，大家已经看麻了[二哈][二哈][二哈];1;87;88;9097;0.009673518742442563
7190;就这么说吧，这是今天在lof看到的评论：“Al续写一出就有很多人抵制了，没有现在这么 严重，因为本来同人文就是为爱发电，没有什 么盈利，但绘图，哪怕是为爱发电（也是非常 注重版权的）越是成熟，画风精致细腻的越注 重原创问题，谁也不乐意拿自己的精心作品来 给别人当养料”看，根本无人在意文手呢;2;46;48;9097;0.0052764647686050345
7194;文字作为传播媒介还是没有图画直观[苦涩]简单来说因为文字创作门槛低，可能无人在意ai写作对写手的影响[收到];1;48;49;9097;0.005386391117950973
7198;稿主世另我，只是我是写原创短篇的，真的没什么平台可去[苦涩] 关于3，假如AI写文写出来的作品超越了真人的水平，我觉得写手抵制的声音未必会被听到，甚至还会被嘲讽玻璃心，自己不提升文笔活该被AI代替(可能我太悲观了[单身狗]);1;30;31;9097;0.003407716829724085
7201;评论区扎心了，但好tm真实[泪][泪][泪];5;10;15;9097;0.0016488952401890733
7209;虽然但是，ao3也搞ai啊？甚至比老福特早多了，洋妞早就闹过一回了[思考];9;0;9;9097;0.000989337144113444
7219;3.AI作画被抵制已经挺长时间了 包括外网 不是因为lof才开始抵制的 且AI写文目前看来并没有像绘画这样成熟 比较能以假乱真的就是前段时间出现的近期的chatgpt吧 但是写同人小说还是费点劲;1;18;19;9097;0.002088600637572826
7222;其实是因为ai绘画尚且能调试的像模像样，但ai写文基本都是比较流水账或者毫无逻辑牛头不对马嘴的（之前玩过彩云小梦），画面的呈现和语言的铺垫并不一样。;1;9;10;9097;0.0010992634934593821
7224;1没有体会，我是单机人，怎么都能过。2不去用怎么知道其它平台未来不会超过lft呢，把机会给其它平台试一试，lft也就是流量大，其它都算什么啊，而且它放生成器出来就是筛选用户的，现在表面下架不妨碍它继续用大家的图文。;4;3;7;9097;0.0007694844454215675
7231;ao3也会拿用户的文字去喂ai啊[哆啦A梦害怕];1;0;1;9097;0.00010992634934593822
7234;我还在更新……毕竟不知道跑哪里去。不过我可能和大家对ai态度不一致，现在ai都是低水平，他们能模拟我对cp的脑补不足十分之一。我对我cp的期待不可能是两个名字，一大堆关键词，和几个性格描述。活生生人创作的东西是ai无法替代的。;1;2;3;9097;0.00032977904803781465
7258;文是真的没引起重视[老师好];1;0;1;9097;0.00010992634934593822
7262;？评论区倒也不必说文字不值钱吧，难道不是因为文难写AI做不出能吃的吗？相比之下AI画画拼尸块能拼出一眼看上去能吃的作品啊[疑问];1;11;12;9097;0.0013191161921512586
7289;我也觉得他人比AI画有味道多了[赞][赞][赞];1;5;6;9097;0.0006595580960756293
7291;真人好看。;1;4;5;9097;0.0005496317467296911
7294;40米大刀差点没收住，;1;2;3;9097;0.00032977904803781465
7301;哈哈，太可爱了[笑cry];1;0;1;9097;0.00010992634934593822
7303;你到底养了几只脑虎？🐯 [喵喵];2;0;2;9097;0.00021985269869187644
7313;下架并道歉才行…不过我回来也没用了，老师们都销号了;2;4;6;9097;0.0006595580960756293
7320;没太看懂稿主的需求，是想要发布作品的平台还是便于吃粮的平台;1;0;1;9097;0.00010992634934593822
7322;没想到这也能看到，，是隔壁enfp，已润飞鸽博客，但是平台现在还有很多不完善，等把影响使用的bug都修复好可能还需要一段时间，整体机制我觉得是最接近lof最适合同人创作的了（指有tag和社区的日榜周榜月榜，屏蔽机制比lof好使），比较有养成的希望;1;0;1;9097;0.00010992634934593822
7333;不好用，虾多;4;1;5;9097;0.0005496317467296911
7340;您好，诚邀您参加大声牛防弹咖啡举办的AI艺术大奖赛，奖品丰厚，包括苹果iPhone 14 Pro Max和米家投影仪，期待您的作品[憧憬];1;1;2;9097;0.00021985269869187644
7342;您好，诚邀您参加大声牛防弹咖啡举办的AI艺术大奖赛，奖品丰厚，包括苹果iPhone 14 Pro Max和米家投影仪，详情请看置顶微博，期待您的作品;1;0;1;9097;0.00010992634934593822
7347;看到我的两条评论了hhh  只能说 祝老福特早日下架 祝公司早日倒闭[心];1;9;10;9097;0.0010992634934593821
7349;想知道这个作品叫什么[泪][泪][泪]之前看到过但是现在找不到了[泪][泪][泪];3;1;4;9097;0.0004397053973837529
7358;哈哈哈;1;0;1;9097;0.00010992634934593822
7361;ao3和小蓝鸟[泪];1;0;1;9097;0.00010992634934593822
7376;好像手的问题不大了;1;1;2;9097;0.00021985269869187644
7387;乐的，当初要是知道早走了[微笑];1;1;2;9097;0.00021985269869187644
7390;姐妹 现在过了吗;4;0;4;9097;0.0004397053973837529
7395;ai绘画也不是你鳖发明的啊;2;459;461;9097;0.05067604704847752
7398;有中怪中，无中怪中不够中[微笑];3;311;314;9097;0.034516873694624604
7403;我始终理解不了画手们骂ai绘画最后进展到起承转合骂老钟的逻辑;2;132;134;9097;0.014730130812355722
7422;稍微订正一下，ai也不会偷东西，ai是可以做到用干净的数据集画图的，是谁给ai塞了严重侵权的数据集？所以从始至终都是人在偷....;2;86;88;9097;0.009673518742442563
7425;减重同仁钕一堆被害妄想症，他结束了一天的治国理政还要打开ai软件给它喂几张二刺猿图片是吧[哆啦A梦害怕];3;69;72;9097;0.007914697152907551
7429;好笑的，发明ai的时候没人吭声，ai写文的时候也没见这么多少义愤填膺，蓝鸟拿画去喂ai的时候也没人说话，外网同人女流浪的时候也没人说，只会一句简中同人女流浪的一生，只有你中，资本喂ai要怪到整个大环境身上，有时候觉得我们同人女不愧什么都干不成，除了怪大环境;7;99;106;9097;0.011652193030669451
7439;这种太太不说在低龄严重的老坟头，在整个互联网都是一股清流[开学季];1;64;65;9097;0.0071452127074859845
7442;这个是一个概览篇么？;2;0;2;9097;0.00021985269869187644
7446;是这个理。。。其实我觉得AI更多是冲击了现在的约稿，尤其是只会画大头当头像的小画家;2;96;98;9097;0.010772782235901945
7449;感觉大部分人在意的还是第一点吧🤔，主要是lofter有AI写文照抄站内作品的前科……说到这里，有些喜欢玩chatGPT和AI写文，并觉得AI画画里有你的画的尸块的小画家，有没有想过chatGPT给你写的论文和AI写文给你写的同人，用的是谁的论文/同人文的尸块🤔（;2;58;60;9097;0.006595580960756293
7460;本科智能方向的表示这个原理解释得很清楚易懂了，一口一个“尸块”的真的不知道该说什么…但最后一条不太敢苟同，AI的发展势必会让一部分人受到冲击，资本家逐利的结果是短时间内各种功能的生成式AI大量涌现，与此同时关于法律、伦理、受AI冲击失业人群何去何从之类的讨论没有跟上或声音很小;1;17;18;9097;0.001978674288226888
7467;[思考]可是不经别人允许拿走别人的画去训练ai是道德的吗，应该提倡吗;7;14;21;9097;0.0023084533362647025
7476;反对ai绘画更多反对的是可能性吧，比如自己的图被拿去当训练集（这个个人觉得最容易让人产生危机感），比如有人直播间截图喂ai倒打一耙，比如有人利用信息差倒卖赚钱。毕竟不是一种约定俗成的默契，所以抵制与否全凭个人选择吧。说起来像素的分布规律，一些二次元画风的概括其实有一种独特规律;4;36;40;9097;0.004397053973837529
7481;还有讲如果完全封闭风俗业普通女性会有危险我真的很想翻一个白眼，你们羊绒手套就这么需要那么三秒钟的xsh吗[吃惊];1;0;1;9097;0.00010992634934593822
7485;好看[哇];2;0;2;9097;0.00021985269869187644
7488;真的好漂亮 温柔浪漫;1;0;1;9097;0.00010992634934593822
7506;有sd的安装包吗，博主;3;0;3;9097;0.00032977904803781465
7510;这是什么软件画的，好好看;1;0;1;9097;0.00010992634934593822
7512;六个指头[傻眼];1;0;1;9097;0.00010992634934593822
7514;好美 谢谢大大的作品 [兔子];2;0;2;9097;0.00021985269869187644
7521;女生难道不喜欢看美女吗？[doge];1;0;1;9097;0.00010992634934593822
7524;感觉光源在左上角，万叶的影子是被哪个调皮的捣蛋鬼吃了嘛……;1;0;1;9097;0.00010992634934593822
7527;太可爱了吧;1;1;2;9097;0.00021985269869187644
7529;好可爱哎圆圆滚滚[哈哈];1;1;2;9097;0.00021985269869187644
7542;你好，你感兴趣的“这一天天的”已开通了超话社区～ 超话社区是微博旗下兴趣互动社区，快来与志同道合的小伙伴们一起交流互动吧！ 戳我进入>> #这一天天的[超话]#;1;0;1;9097;0.00010992634934593822
7544;第一个形象好像神奇博士;1;0;1;9097;0.00010992634934593822
7546;同款喷壶我家里有四个，要不我再借你几个重新拍[允悲];1;0;1;9097;0.00010992634934593822
7553;不管写得多烂都还是需要互动才会有很强的动力……虽然坑冷cp冷但因为喜欢也依然会创作，只是频率低到一年有一篇已经是超常发挥。没有平台能够被看到真的会难过，都是搞同人二创，写手比文手更加没得选择……目前感受是，唯一能做的就是顺从内心想写还会写，但不是真的非常有冲动的可能确实不想无用功了;6;0;6;9097;0.0006595580960756293
7560;每個風格都不一樣真好看[羞嗒嗒][羞嗒嗒][羞嗒嗒];1;0;1;9097;0.00010992634934593822
7588;现在一些人抵制AI的方式就是她们天天嚷嚷最讨厌的“一刀切”，抱抱太太[抱抱]但您的这段话确实有点…把“可怕的不是”改成“可怕的不光是”会好很多。AI取代你我造成大批人员失业面临温饱问题就是可怕的，反而您后面那些话才是温饱解决后才有心思思考的问题;3;11;14;9097;0.001538968890843135
7595;AI终究只是AI，人最引以为傲的就是创造力啊。最近一堆人在说什么有了AI作画就不用人了，我只能说，想屁吃[怒];1;4;5;9097;0.0005496317467296911
7597;大大画的超级好，每次在晋江看到你的小说，我都要点开封面欣赏一下。我还一直期盼大大继续写歧南和峸鸿的故事。[心];1;3;4;9097;0.0004397053973837529
7603;手居然没画错[doge];11;32;43;9097;0.004726833021875343
7615;下一步就是Ai合成视频了，先从Ai制作动画开始[并不简单];1;21;22;9097;0.0024183796856106408
7618;果然手没法看。第二张图就是怪物[污];5;8;13;9097;0.0014290425414971969
7627;到底是什么软件什么程序什么网站？;1;1;2;9097;0.00021985269869187644
7649;我眼瞎。看不出有啥毛病啊[good];1;0;1;9097;0.00010992634934593822
7673;都是一张脸。。;1;0;1;9097;0.00010992634934593822
7675;为啥AI画的都像韩国人？;1;0;1;9097;0.00010992634934593822
7680;千篇一律;2;0;2;9097;0.00021985269869187644
7689;这特么倒底是真人还是ai啊🙊;1;0;1;9097;0.00010992634934593822
7699;看到一句话特别好笑“画师垄断了绘画行业”[允悲];6;137;143;9097;0.015719467956469165
7709;跑题说一句，就甲方那些乱七八糟说了没说的要求，ai满足不了！[苦涩];1;13;14;9097;0.001538968890843135
7720;主要小画家平时吃尽同人红利，一分钱版权费没掏，卖周边和约稿倒是不少，自己侵别人的权一声不吭，现在被AI侵权了就嚷嚷的样子挺可笑的;5;10;15;9097;0.0016488952401890733
7727;跟勇春一比，dm历代男主男二都像是电线杆一样直的钢铁直男[doge][doge];2;9;11;9097;0.0012091898428053204
7746;超赞;1;0;1;9097;0.00010992634934593822
7755;大哥，QQ酷狗网易云没发?;1;0;1;9097;0.00010992634934593822
7766;原来是ai吗（震撼）;6;0;6;9097;0.0006595580960756293
7773;绝[老师好];1;0;1;9097;0.00010992634934593822
7783;那还不如自己画;1;0;1;9097;0.00010992634934593822
7799;不死鸟正在搭建新平台欢迎提意见ww（爬走）;1;0;1;9097;0.00010992634934593822
7803;emmm但是他们都转权了，也没必要在说了吧[衰];6;5;11;9097;0.0012091898428053204
7810;展览撤了吗？大屏撤了吗;2;3;5;9097;0.0005496317467296911
7813;我也有点疑惑……[单身狗];2;1;3;9097;0.00032977904803781465
7816;幸好没提名字[苦涩]老福特才刚刚因为这个出生，吓死人;2;0;2;9097;0.00021985269869187644
7819;我也很不理解，不接受ai绘画[单身狗][单身狗];3;1;4;9097;0.0004397053973837529
7823;还是科普太少了，她们也不了解。中午辩论了一轮也私信了之后她们删博了。也算及时止住了，幸好。;1;0;1;9097;0.00010992634934593822
7825;不撤就算了，毕竟花了钱，撤了钱也不会回来。就是，不要浪费钱因为这些画根本看不出来是谁[泪]虽然不是我的钱，但是我心疼螺丝钱没花到地方;1;1;2;9097;0.00021985269869187644
7827;其实现在是有al绘画展的，被嘲应该不至于，但版权会有问题，没有那么好看也是事实;1;0;1;9097;0.00010992634934593822
7830;怪怪的样子呢[思考];1;0;1;9097;0.00010992634934593822
7834;奈太硬;5;0;5;9097;0.0005496317467296911
7844;蹲蹲[悲伤];2;0;2;9097;0.00021985269869187644
7847;推荐特盐、inner～;1;2;3;9097;0.00032977904803781465
7849;也带带我[泪];1;0;1;9097;0.00010992634934593822
7851;功能下架了，道歉信也发了，不支持ai，但lofter没了简中同人还是没地方去[泪][泪][泪];1;0;1;9097;0.00010992634934593822
7860;我看过女超人的本，真的，就超人的表姐被X;2;0;2;9097;0.00021985269869187644
7863;拿出氪石巨棒招呼。;1;0;1;9097;0.00010992634934593822
7865;正确的;2;0;2;9097;0.00021985269869187644
7868;这是可以生成的吗？;1;0;1;9097;0.00010992634934593822
7875;[抱抱]抱抱抱抱抱抱，喜欢的角色被拉出来给这种事洗地是真的[黑线][黑线][黑线][黑线];2;64;66;9097;0.007255139056831923
7879;真的会被无语到[哆啦A梦害怕]摸摸出现在自推身上真的惨[抱抱][抱抱][抱抱];1;15;16;9097;0.0017588215895350116
7881;额啊啊啊好崩溃;1;5;6;9097;0.0006595580960756293
7883;宝宝[抱抱][抱抱][抱抱];1;1;2;9097;0.00021985269869187644
7885;萤茶宝宝[抱抱][抱抱][抱抱]自推被拉出来给这种东西洗白[抱抱];2;6;8;9097;0.0008794107947675058
7888;请问email是什么;2;0;2;9097;0.00021985269869187644
7908;宣传一下飞鸽博客，挺不错的就是没有什么太太，让我们一起宣传他让太太都来这里🥲;1;0;1;9097;0.00010992634934593822
7917;第三张原图发我[泪][泪][泪][泪]求;1;0;1;9097;0.00010992634934593822
7928;虽然不知道对不对，但是可以思考一下钻石和人造钻石[二哈];2;1;3;9097;0.00032977904803781465
7932;宣传一下飞鸽博客，挺不错的就是没有什么太太，太太快来这里🥲;1;0;1;9097;0.00010992634934593822
7935;宣传一下飞鸽博客，挺不错的就是没有什么太太，让我们一起宣传他让太太都来这里🥲;1;0;1;9097;0.00010992634934593822
7937;绿晋也不存在单一同人不能发，仅仅是不能够签约入v而已，免费单一同人文还是一抓一卡车的;2;91;93;9097;0.010223150489172255
7942;一个小问题，使用ai的老坟头不是第一个也不会是最后一个，其他平台真的可以完全规避被抓取吗;1;30;31;9097;0.003407716829724085
7944;额，上次某条投稿下面还有不少人嘲讽我“你太低估AI的聪明了它们真的可以阅读理解”，换个情景说法又变了[阴险];2;14;16;9097;0.0017588215895350116
7955;[二哈][二哈][二哈]最后一段很认同……有些人简单地归结为lofter不做人或者认为用户还在纵容lofter……但本身就是lofter运营不善，自己不能给自己足够利润转而对用户指手画脚。;2;49;51;9097;0.005606243816642849
7959;有点小问题，爬数据是用爬虫，老坟头有数据库，直接拿去给AI训练模型就行……那天看到关注的很多同好都打算润了……写到半夜写得意识模糊，见谅[苦涩];3;13;16;9097;0.0017588215895350116
7966;说句不好听的，文手跑路除了让自己和关注者伤心以外根本没意义，无论是平台还是画手都不把这事放在眼里;1;110;111;9097;0.012201824777399143
7972;文手画手都是受害者，错的是平台。;1;32;33;9097;0.0036275695284159614
7999;不用对不起，已经看开了，我没法润去除了LOF以外的任何平台，本来搞的CP就冷，抛开LOF我真就单机自己玩了。自己开心就行，别被道德绑架;1;5;6;9097;0.0006595580960756293
8005;图可以给我吗？太喜欢了[good][good];2;0;2;9097;0.00021985269869187644
8014;ai绘画真nb;1;0;1;9097;0.00010992634934593822
8016;这个舞是哪首歌的？;2;1;3;9097;0.00032977904803781465
8043;太真了[哇]。您好，诚邀您参加大声牛防弹咖啡举办的AI艺术大奖赛，奖品丰厚，包括苹果iPhone 14 Pro Max和米家投影仪，详情请看置顶微博，期待您的作品[憧憬][憧憬];1;0;1;9097;0.00010992634934593822
8045;最后一张图难道不是杨超越？[思考];1;0;1;9097;0.00010992634934593822
8047;您好，诚邀您参加大声牛防弹咖啡举办的AI艺术大奖赛，奖品丰厚，包括苹果iPhone 14 Pro Max和米家投影仪，详情请看置顶微博，期待您的作品[憧憬][憧憬];1;0;1;9097;0.00010992634934593822
8050;脸一致很简单的，炼个lora就行;2;1;3;9097;0.00032977904803781465
8054;个够高的;1;0;1;9097;0.00010992634934593822
8074;我觉得从理性的角度来说，是完全合情合理的，在信息时代下这就是一种发展趋势。但是lofter此举会导致爆炸的根本性原因有二（不管某些小画家利益受损等）。一、lofter在出事后的申明极为傲慢，它错在对它受众的分析，也就是没有以人为本，这就是ai、也或许是程序猿理解不了的东西，他们只看效益。;2;3;5;9097;0.0005496317467296911
8077;看完了博主的文字，感觉是很理性和商业角度去看待ai。然后看到了类似“成熟的ai绘画技术取代画师，有什么不对吗？”就好像无数次科技迭代人工一样，站在宏观历史的角度上没有什么不对的，但作为受冲击的画师还是会很慌乱无奈和难过吧。类似付出那么多年才能做到的事，创造的价值，一朝尽毁的感觉。;5;2;7;9097;0.0007694844454215675
8084;还有鹅说的ai理解PM 我觉得看起来至少他们还需要一段漫长时间的互相驯化的过程，而驯化到理解“对齐”的时候可能程序猿和PM也已经执手相看泪眼互相理解了[二哈];1;0;1;9097;0.00010992634934593822
8086;看到鹅前面转的那条评论下有一句 不知道你的受众是什么人吗 一眼有点好笑但想想有道理，先入为主的价值判断和一些圈层的既定zzzq让老福特的受众群体反应格外大（评论里对开源反应强烈的程度让我也挺迷惑的），放别的领域对这个事情宽容或者只是不敏感的人可能只是观望，或者跟风试试了;1;0;1;9097;0.00010992634934593822
8088;哇，好像是我;1;0;1;9097;0.00010992634934593822
8094;代码不也是写的人的心血，可正因为开源所以代码也是世界上发展最迅速的。AI绘画会压榨边缘画师的生存空间，同时也会让尖端画师绘画的核心价值提升。;1;0;1;9097;0.00010992634934593822
8097;现在的想法，顺利毕业[兔子][兔子]早日赚钱[哇];1;0;1;9097;0.00010992634934593822
8099;丁帅早日实现伟大宏图;1;0;1;9097;0.00010992634934593822
8101;晚上睡不着在畅享未来吗[偷笑];1;0;1;9097;0.00010992634934593822
8104;叉叉的评论怎么又被吞了！我掐死大眼（;1;0;1;9097;0.00010992634934593822
8108;网易不肯放弃AI的，之前在易次元也是搞AI绘画结果很多画师的立绘被喂AI了，然后画师和店铺都怒了纷纷发声明抵制AI易次元才出了个不痛不痒的公告说什么给AI的参考图必须是不能侵权的不然AI出的图不能商用之类的……;2;4;6;9097;0.0006595580960756293
8117;哎;4;0;4;9097;0.0004397053973837529
8187;韵儿才是斗破女主[允悲];1;2;3;9097;0.00032977904803781465
8204;我没太懂那玩意[允悲][允悲][允悲];2;0;2;9097;0.00021985269869187644
8218;学这个会不会被鉴抄[泪];1;16;17;9097;0.0018687479388809498
8220;好好好！这个好！;3;1;4;9097;0.0004397053973837529
8231;您好，诚邀您参加大声牛防弹咖啡举办的AI艺术大奖赛，奖品丰厚，包括苹果iPhone 14 Pro Max和米家投影仪，详情请看置顶微博，期待您的作品[送花花][送花花];1;0;1;9097;0.00010992634934593822
8235;我现在已经分不出来手绘还是AI了[苦涩];13;21;34;9097;0.0037374958777618996
8332;哈哈哈;1;1;2;9097;0.00021985269869187644
8337;哎，看来ai对相关行业的冲击真的很大。博文这种 把颜色去去油，多余的地方修修，接近成图了。（不专业 只是作为一个喜欢美术的商科人感觉很无奈 ）;2;1;3;9097;0.00032977904803781465
8340;有知道这个画风的原画手大大是谁吗  好喜欢[彩虹屁];2;0;2;9097;0.00021985269869187644
8344;@狐狸的关东煮煮 [喵喵];1;0;1;9097;0.00010992634934593822
8348;请问在哪里可以搜索下载;1;0;1;9097;0.00010992634934593822
8350;希望成熟的公文材料AI早日问世;1;18;19;9097;0.002088600637572826
8353;想问gpt的 留下你的问题我帮你问[doge];1;0;1;9097;0.00010992634934593822
8355;@惡果警探;1;0;1;9097;0.00010992634934593822
8379;@黄油室温软化;1;1;2;9097;0.00021985269869187644
8387;@河姆渡幸运儿;1;1;2;9097;0.00021985269869187644
8395;@姜姜丹- @keyiiil @花里胡哨bibibi07974 好东西;1;0;1;9097;0.00010992634934593822
8402;不是取不取代的问题，是ai小偷太多了。昨天我就看到一个画的超级好的画师，被人家偷画去喂ai，然后做成了开源模型，然后画师在微博声泪控诉。画师的名字叫什么毛巾帽……我忘了，如果一个人努力画画十几年，然后被轻而易举的就拿去做模型，想死的心都有了。法律不完善什么都是假的，光有一腔热情没有用;10;320;330;9097;0.036275695284159616
8413;也许这也是一个契机，让绘画这一行为回归到纯粹的自我表达。键盘和打印机早就取代了绝大多数的书写，但依然有人热衷于书法；深蓝和阿尔法狗打败了国象和围棋，但依然有人以此为爱好。人对人造物与ai生成的作品评价维度是不同的——贴吧一位针对ai绘画说的[欢乐熊出没];1;135;136;9097;0.014949983511047598
8416;不针对画画只说技术进步改变就业岗位的问题，这也是没办法，国外不是还出过工人怕被取代砸机器的事情;1;75;76;9097;0.008354402550291304
8440;不要用热爱为侵权行为开脱，热爱并不影响维权;1;1;2;9097;0.00021985269869187644
8444;@于木辛安;3;1;4;9097;0.0004397053973837529
8457;说得很棒！;1;1;2;9097;0.00021985269869187644
8461;被迫转型[泪];3;0;3;9097;0.00032977904803781465
8466;逻辑错误，不是把人拆分了组成猪，而是观察一个个活人，再用自己的原料做出一只猪，那管得着人愿不愿意。你总不能说单个像素是画师的吧。而且实际情况是观察一个个活人，用自己的原料做出一个个流水线美女。那人愿不愿意，都不是拼尸块。;24;16;40;9097;0.004397053973837529
8491;不了解ai运行的底层逻辑不想喷你，但是可以贴一些技术大佬的讲解给你。学美术的不用修文化课吗[允悲]这几天跟人对线动不动对方就骂“ai把全人类都取代了全失业了”我的评价是真刺激我喜欢;4;5;9;9097;0.000989337144113444
8498;瞧你这话说的，画师们的画消失了吗？不还是好好的存着，你总不能说像素点是画师独有的吧？;2;0;2;9097;0.00021985269869187644
8501;不得不说科技发展的力量真的强大啊！视觉版可以的;7;12;19;9097;0.002088600637572826
8509;这也太智能了吧，真是有很强的理解能力了;8;12;20;9097;0.0021985269869187643
8518;现在做得还是比较不错的吧  发展的很好了;1;7;8;9097;0.0008794107947675058
8520;原来视觉版的ChatGPT和AI绘画的区别还是有的;1;2;3;9097;0.00032977904803781465
8522;还能根据指令进行调整 这也太棒了也能看懂图;1;2;3;9097;0.00032977904803781465
8539;超级赞，人工智能真的越来棒了呀[赞];1;2;3;9097;0.00032977904803781465
8542;怎么画啊，有点慕了;1;1;2;9097;0.00021985269869187644
8548;但是创作一幅画并不只是制造一件产品，它更多是对作者创作意图的表达，ai作品看似完成度高，细节极多，但把它们拎出来审视，就会发现这些细节是毫无意义的堆砌，是一具华丽的空壳。;3;0;3;9097;0.00032977904803781465
8554;ai写文我也在等百度三月末的🙏如果出来我日更不是梦[鲜花];2;0;2;9097;0.00021985269869187644
8568;抱抱姐妹 方便问问姐妹抽到的都是什么吗？;4;0;4;9097;0.0004397053973837529
8573;莹莹姐牛逼！;1;0;1;9097;0.00010992634934593822
8580;燕老师，老实说那种高端的艺术其实对欣赏能力真的有很大门槛，因为大多数人其实从小并没有受过很好的艺术鉴赏能力的训练，所以至少对中产阶级来说精致的复杂的鲜艳的，真的差不多就是这个阶层的审美。大众艺术和高端艺术一直是有差距的呀，阶层的差距[苦涩];2;0;2;9097;0.00021985269869187644
8585;其实挺简单的，画手说“让笔自己动起来”一般情况下只是不想画想偷懒，而不是一觉起来发现自己辛苦了多年的画技被人抄袭去还被拉踩/这跟你天天念“不想上班”、“不想上学”，却没有真的想哪天醒来后发现自己被完全替代，然后还被拿去和机器比较说的你一无是处一样[doge][doge];1;3;4;9097;0.0004397053973837529
8590;听说用对抗方式来训练diffusion model效果不是很好，或许是有什么方法没对[思考];1;0;1;9097;0.00010992634934593822
8614;我也在搞这个[doge];1;1;2;9097;0.00021985269869187644
8616;用啥软件生成的？;1;1;2;9097;0.00021985269869187644
8628;（对不起在广场看到随意评论打扰到您）总算看到同样对林肯新mv使用了ai绘画而心情复杂的人了....;1;0;1;9097;0.00010992634934593822
8630;装修太惨！！！摸摸;2;0;2;9097;0.00021985269869187644
8633;想起了前阵子就是不知道哪家装修，声音贼拉大，大到想冲去那家扬了他们[开学季]，我家猫反应倒不大，不过猫猫有反应还是托养朋友家一段时间吧，怕应激，还有装修工期一般都一个月往上，如果有其他住的地方，还是躲一躲吧。。真的影响精神;6;0;6;9097;0.0006595580960756293
8640;天哪抱抱老师[抱抱][抱抱]……;1;0;1;9097;0.00010992634934593822
8642;摸摸[泪][泪];1;0;1;9097;0.00010992634934593822
8658;[哇][哇][哇]小女生最爱;1;1;2;9097;0.00021985269869187644
8660;蛋仔能不能扩大把这些加里[泪];1;2;3;9097;0.00032977904803781465
8663;http://t.cn/A6CNL8Os互助私聊！;1;1;2;9097;0.00021985269869187644
8665;哇塞有人能做出来吗[哇];1;1;2;9097;0.00021985269869187644
8670;想按这这些ai图，做个地图[馋嘴]可以吗;1;0;1;9097;0.00010992634934593822
8693;姐姐换风格了？;1;0;1;9097;0.00010992634934593822
8697;感觉ai进攻了整个创作圈，哪怕现在闹大的是画师圈，但我一个破写文的也不会留下来，真的又被冒犯到啊[裂开][裂开];5;1;6;9097;0.0006595580960756293
8704;谁啊[费解];1;0;1;9097;0.00010992634934593822
8712;请问这个是在哪里生成的呢;2;0;2;9097;0.00021985269869187644
8716;自己都不画了去教别人画？;5;36;41;9097;0.004506980323183467
8722;啊？你这什么逻辑，ai出来了就不画了？去搞培训？;1;10;11;9097;0.0012091898428053204
8724;最近都出了ai手绘了………;3;0;3;9097;0.00032977904803781465
8728;可是我觉得大家焦虑的原因是因为自己的作品没有保障了，自己的努力成果会变成别人用来训练+拼图赚钱的工具，而国内的版权意识已经低到几乎没有了，使用ai的人不在乎创作者的努力也不在乎版权，看ai的人同样如此，明明这个才是画师们最在意最担心的地方……;13;353;366;9097;0.04023304386061339
8742;ai是无意识的，它能替代的是无意义的劳动，当然这是包含一些商业需求的，有一些商业需求本来就是流水线上的工作，被替代了也没什么不好，是可以提高生产效率的。但是我们每个人都是有意识的，创作的东西都是有意义的有价值的。ai的发展只可能越来越快，在各个领域里面都是，还不如接受[doge][doge];15;12;27;9097;0.002968011432340332
8758;呃 你可以了解一下你举的这些例子能不能糊口;11;87;98;9097;0.010772782235901945
8771;我觉得退回手绘真的不妨是一种变通;14;23;37;9097;0.004067274925799714
8786;文案没有被替代哈哈哈哈哈，只是那种泛滥的小编会被替代。;1;11;12;9097;0.0013191161921512586
8788;完全不焦虑。。人能做太多ai做不到的事情了;2;7;9;9097;0.000989337144113444
8792;其实不只是学画画焦虑，学医也很焦虑，可能是看到的多了[泪][泪][泪]总觉得优秀的人怎么这么多[泪][泪][泪]就更焦虑了[泪][泪][泪][泪];1;6;7;9097;0.0007694844454215675
8801;@小鹿重生之;1;0;1;9097;0.00010992634934593822
8815;美术教育恐怕也不长久了，很多孩子想艺考然后从美院毕业，发现能就业的美术工作大部分ai取代了，那学美术的人就越来越少;1;23;24;9097;0.0026382323843025172
8818;问题大概出在某些（特别是会被ai抢饭碗的那些）画师 ，手绘路不一定走得通。数绘这种东西本质上也是降低了（很多）绘画门栏的[doge];4;3;7;9097;0.0007694844454215675
8826;已经注销咯[馋嘴];1;0;1;9097;0.00010992634934593822
8834;我还是喜欢自然的[嘻嘻][嘻嘻][嘻嘻];2;2;4;9097;0.0004397053973837529
8837;啥什么app制作的？;1;0;1;9097;0.00010992634934593822
8839;安真的是從畫裡走出來的男子啊[哈哈][哈哈][哈哈];1;1;2;9097;0.00021985269869187644
8842;图四五六是真的你？;2;0;2;9097;0.00021985269869187644
8845;瑟琴博主[二哈][二哈][二哈];1;0;1;9097;0.00010992634934593822
8873;我感觉ai绘画完全就是否定了画手的努力！！！很过分[怒骂][怒骂][怒骂];1;0;1;9097;0.00010992634934593822
8876;[doge]画画解压，当然的自己动手才解压;1;0;1;9097;0.00010992634934593822
8884;jio终于对了！;2;0;2;9097;0.00021985269869187644
8902;查询这个功能开发者的精神状态;1;0;1;9097;0.00010992634934593822
8916;你喜欢;1;0;1;9097;0.00010992634934593822
8919;OMG老师遇到的都是些什么牛鬼蛇神;1;2;3;9097;0.00032977904803781465
8946;呜呜呜超喜欢你画的嫩呼呼的感觉[泪][泪][泪];2;0;2;9097;0.00021985269869187644
8949;请问模型是自己训练的嘛还是哪个模型呢;1;0;1;9097;0.00010992634934593822
8952;感谢微胖，尽管不太有勇气转哈哈哈哈哈;1;0;1;9097;0.00010992634934593822
8956;[开学季][开学季][开学季];1;0;1;9097;0.00010992634934593822
8962;我看到过的调教得最好的lora大致上可以生成cp图，涩涩大概需要再附加涩图调教…;2;0;2;9097;0.00021985269869187644
8969;人家辛辛苦苦学画画，你敲几个关键字就在那显摆，乐，ai你开发的？;1;0;1;9097;0.00010992634934593822
8978;[哆啦A梦害怕];1;1;2;9097;0.00021985269869187644
8992;@迭戈-我爱切尔西-科斯塔;1;0;1;9097;0.00010992634934593822
9006;inner 半次元反正我是先搬的这两个 不怕乱，也可以搬到微博;1;0;1;9097;0.00010992634934593822
9008;可以看看inner，功能齐全!;1;0;1;9097;0.00010992634934593822
9020;总的来说绘画要比文字表现要直观很多 文字毕竟是由语言组成的 ，目前的ai是无论如何都无法代替人写作的影响力的;1;0;1;9097;0.00010992634934593822
9023;有还原妹妹的吗！;3;0;3;9097;0.00032977904803781465
9027;但感情是最不可以复制的宝藏 好的歌手每一次唱一首歌的感觉都不一样……真的很烦AI的死板复刻;1;1;2;9097;0.00021985269869187644
9034;你可以重拾动画，毕竟二维动画被ai替代还挺难得)(就是累…);2;18;20;9097;0.0021985269869187643
9037;啊我跟你好像 不过我不是美术专业 的 现在找了个兴趣班的工作 我的建议是先干着 边提高水平边找工作 找到好的再辞;1;5;6;9097;0.0006595580960756293
9039;不要做动画，不要做美术教培[笑cry][笑cry][笑cry]，我现在在做插画+包装+平面这块，你说的两份工作我都做过，大部分人熬不住。;4;1;5;9097;0.0005496317467296911
9059;还以为是手机背着我投稿[允悲]从专业到经历都一模一样……这就是动画人的末路吗[允悲];1;1;2;9097;0.00021985269869187644
9062;顺应科技发展，还想吃这行饭就赶紧学Ai吧…但是游戏原画别想了，即使是利用Ai，留下来的也是高审美高水平的行业大佬，倒是可以考虑考虑动画。教培也可以，毕竟目前教育行业还没办法被Ai取代。;1;0;1;9097;0.00010992634934593822
9066;[阴险]你要不学一下怎么画男人然后进军梦女圈或者学一下网红画风去原创圈画头像。;2;7;9;9097;0.000989337144113444
9071;诶哟我擦但是那个图真一眼ai啊;4;0;4;9097;0.0004397053973837529
9076;哪里👀;2;0;2;9097;0.00021985269869187644
9098;fgo：我们不搞ai 我们搞同一张脸（不是）;1;0;1;9097;0.00010992634934593822
9106;毁灭吧[裂开];1;0;1;9097;0.00010992634934593822
9116;直接录取;1;0;1;9097;0.00010992634934593822
9118;甚至可以和工会结合一下 hello访谈对象;1;0;1;9097;0.00010992634934593822
9128;[失望]公司从我入职就说我是一个任意被AI取代的低等小画手没有什么前途，然后妇女节那天把我辞退了，试用期十天一分钱没有;1;0;1;9097;0.00010992634934593822
9133;但想想被波及的从业者挺唏嘘的，不需要这么多的人，收入也下降了[允悲];2;10;12;9097;0.0013191161921512586
9136;啊…我的研究领域[doge]而且ai做的图其实2017年那会儿就有通过图灵测试的了…科技洪流根本挡不住[吃瓜];4;3;7;9097;0.0007694844454215675
9141;历史的车轮不会因为相关从业者的所谓抵制而停下 看着他们天天抵制抵制可笑得很。小画家与其在哪里嚷嚷抵制ai，还不如赶紧想如何利用这东西辅助自己，或者像猹说的反爬虫方法;2;9;11;9097;0.0012091898428053204
9144;是这样的，所以我真的不理解从业者的这种。国外也是一样的啊，而且本身这个软件就是国外生产的，怎么到国内就是你的反思…这会儿作为行业的从业者就该找另外的途径了，而不是一味抱怨了。;1;8;9;9097;0.000989337144113444
9146;关注列表有发过如何有效利用ai自己作图的，挺有趣，但是这不对所有画画的管用。现在ai作画最主要的麻烦就是无论搬家到哪里，都还在网上，原来上传的数据也不可能彻底从网站上删除，但是画画的人毕竟不全是搞人工智能或者程序的，他们除了抗议也没有办法做别的事情。;13;1;14;9097;0.001538968890843135
9160;我觉得既然都出现ai绘画了，能爬取也应该能反爬取赚钱，就跟有骇客就应该有网络安全防护一样，比较奇怪的一点就是为什么没人搞呢，是赚不到钱吗，不应该啊[思考];2;3;5;9097;0.0005496317467296911
9163;其实早已没多少安全领域了，医学、法学、会计、文学、艺术、驾驶、翻译……人都干不过ai。而且ai还真不是平常意义上的工具，马车被汽车替代的时候车夫还能变成司机继续工作，但完美的自动驾驶技术却是真的能让一部分人失去存在价值的。被替代者如果找不到出路，必然会成为社会不安因素。;4;0;4;9097;0.0004397053973837529
9168;我前几天也写文章讨论ai绘画，和猹观点差不多吧。有人反驳我说ai没有创造力，然后我发现真的有很多人抓住“ai没有创造力”这点不放。ai有没有创造力另说，很多人没有意识到这不是“人vsAI”而是“用AI的人vs不用AI的人”[允悲];2;1;3;9097;0.00032977904803781465
9171;猹老师说的太好了;1;2;3;9097;0.00032977904803781465
9173;可是人工智能根本的目的就不是辅助人而是代替人，现阶段的出图还需要加笔，但几个月之后可能就完全没有人操作的余地了。;3;0;3;9097;0.00032977904803781465
9177;技术这东西吧，主动拥抱去适应时代这点其实也没啥用，因为工具或者新技术产生的影响，不管是积极的还是破坏性的，不会随人的主观意愿去表现，哪怕你觉得合理应用，还是会产生弊端。不管拥抱不拥抱最后都会变成新事物规则下的一部分。所以画师的抵制除了对自身权益的维护，也有人的反现代性本能在里面。;6;0;6;9097;0.0006595580960756293
9184;實際上ai的根本問題不在工具而在沒有規則，工具被濫用成剝削的兇器，受害的不只是知產（雖然是最容易看到的部分）。但只簡單說「學反爬就好啦」也委實有點⋯⋯就，現在有種開發者和支持者爽就完事了的趨勢，又變成所有人跟所有人打架，剝削者美美隱身了;1;3;4;9097;0.0004397053973837529
9186;被波及的从业者[衰]已经在跑路去学3d了;5;0;5;9097;0.0005496317467296911
9207;为啥这都不行？[哆啦A梦害怕] http://t.cn/A6CpCIdc;1;4;5;9097;0.0005496317467296911
9221;笑，两张粉毛头上都有蓝黄方块，是不是后藤独喂多了？;1;3;4;9097;0.0004397053973837529
9238;[微笑]什么东西 给我看看。。;2;0;2;9097;0.00021985269869187644
9241;非常有意思  请问，你用的是哪一款AI绘图工具？;2;0;2;9097;0.00021985269869187644
9244;可是特德姜的那篇文章的理解是错的…;1;0;1;9097;0.00010992634934593822
9247;ai画了姐夫依然是野人[doge];1;3;4;9097;0.0004397053973837529
9250;想到一个悖论，设计师就是从初级 中级 高级，这样慢慢成长的。初级都没了，如果都清理了，岂不是下一代连设计师都没了。 个人还是坚持这样的观点，ai是大众需求的有效替代品，但真正的设计还是需要时间沉淀下的传承和发展。;1;9;10;9097;0.0010992634934593821
9252;我想过 也尝试过   它对于满足市场大部分商业设计稿是可以的    去商场商超看看   可以看得到被注意到的   绝对是大牌和有自己品牌  和特色   但这个特色要与市场要求融合    它做不到  但它真的可以做绝大部分;3;1;4;9097;0.0004397053973837529
9256;设计说明也一键生成吧，厉害的AI设计师还是要有我们人类小助理的[允悲] http://t.cn/A6COzveK;2;0;2;9097;0.00021985269869187644
9267;我虽然不怎么会画画，但是也是不会去用ai画，那种没有灵魂创意的东西完全就是用来侮辱眼睛的[黑线];1;0;1;9097;0.00010992634934593822
9269;[羞嗒嗒];1;0;1;9097;0.00010992634934593822
9271;好看[送花花];1;0;1;9097;0.00010992634934593822
9275;ai图别人不说我都看不出来感觉;1;3;4;9097;0.0004397053973837529
9277;啊啊啊啊啊约稿约到ai[欢乐熊出没];1;0;1;9097;0.00010992634934593822
9279;有一说一我真的认不出来[晕];1;0;1;9097;0.00010992634934593822
9281;确实（确实，有些AI不细看真的看不出来有什么问题;1;0;1;9097;0.00010992634934593822
9283;dbq我这种小废物真的都认不粗ai[老师好];1;0;1;9097;0.00010992634934593822
9289;满眼宠溺的mos和被迫吃狗粮的不爽猫咪，AI找到原图的精髓[笑而不语];1;3;4;9097;0.0004397053973837529
9294;您好，诚邀您参加#大声牛第一届ai艺术大奖赛#，奖品丰厚，包括苹果iPhone 14 Pro Max和米家投影仪，详情请看置顶微博，期待您的作品[憧憬][憧憬];1;0;1;9097;0.00010992634934593822
9296;您好，诚邀您参加#大声牛第一届ai艺术大奖赛#，奖品丰厚，包括苹果iPhone 14 Pro Max和米家投影仪，详情请看置顶微博，期待您的作品[憧憬][憧憬];1;0;1;9097;0.00010992634934593822
9299;哇！好梦幻啊~;1;0;1;9097;0.00010992634934593822
9311;超级期待他能给我们带来什么样子的作品了呀[鼓掌][鼓掌][鼓掌];20;21;41;9097;0.004506980323183467
9332;真的是双厨狂喜[打call][打call]这首歌太好听了 旋律好棒;9;20;29;9097;0.0031878641310322084
9342;文心一格真的给我们带来太多的惊喜了！这个AI图片的生成简直让我觉得太好玩儿了;3;17;20;9097;0.0021985269869187643
9346;这个技术支持确实是有点牛了呀[good][good][good];1;5;6;9097;0.0006595580960756293
9350;背后不断升级的文心大模型技术真是让人拭目以待呢;1;3;4;9097;0.0004397053973837529
9376;AI与音乐的交融，为观众带来了更强烈的视觉效果。;1;1;2;9097;0.00021985269869187644
9378;现在的AI科技也可以融入到音乐当中真的是相得益彰;1;1;2;9097;0.00021985269869187644
9380;AI发展势不可挡，mv中的原画部分由AI绘画技术支持，做的很棒;1;1;2;9097;0.00021985269869187644
9382;说唱风格很有一种国泰民安的感觉，音乐中加入的现代科技满满的;1;1;2;9097;0.00021985269869187644
9420;M87SkaDe 是v 加加 每天在pyq发原就是我[赢牛奶];1;1;2;9097;0.00021985269869187644
9422;朋友圈是指v吗;1;1;2;9097;0.00021985269869187644
9424;wukeflying 上周六刚入坑原神[举手];1;1;2;9097;0.00021985269869187644
9426;不怎么发朋友圈的可以加吗[二哈];1;2;3;9097;0.00032977904803781465
9428;v！[羞嗒嗒]eight-3-;1;1;2;9097;0.00021985269869187644
9430;448717393;1;1;2;9097;0.00021985269869187644
9432;2984617344;1;1;2;9097;0.00021985269869187644
9434;3274488146;1;1;2;9097;0.00021985269869187644
9436;姐妹 能蹲个你的q嘛 我加你[彩虹屁];1;1;2;9097;0.00021985269869187644
9439;2388276549[开学季][开学季];1;1;2;9097;0.00021985269869187644
9441;2082573036[开学季];1;1;2;9097;0.00021985269869187644
9443;🐧[举手] 1542694804;1;1;2;9097;0.00021985269869187644
9445;v 2678975774;1;1;2;9097;0.00021985269869187644
9447;q1796469129;1;1;2;9097;0.00021985269869187644
9449;q2959811082[开学季][开学季];1;1;2;9097;0.00021985269869187644
9451;2262624011;1;1;2;9097;0.00021985269869187644
9453;2788754039;1;1;2;9097;0.00021985269869187644
9455;2338474743[哇][哇];1;1;2;9097;0.00021985269869187644
9457;3433049658;1;1;2;9097;0.00021985269869187644
9463;2867289259[爱你];1;1;2;9097;0.00021985269869187644
9465;诶嘿 我玩的有点杂 王者 未定 原神 光夜 花亦山 闪暖都玩 pyq三次二次都有 可以加好友磕cp！我没有雷点！[可爱];2;1;3;9097;0.00032977904803781465
9483;q:1060075250[鲜花][鲜花];1;1;2;9097;0.00021985269869187644
9485;q：2734682523，昨天拍了申鹤cos的正片[doge];1;1;2;9097;0.00021985269869187644
9499;吉鲁还是帅;1;10;11;9097;0.0012091898428053204
9501;孙兴慜有吗;1;1;2;9097;0.00021985269869187644
9508;为什么要举报？;1;0;1;9097;0.00010992634934593822
9510;大举办时代;2;0;2;9097;0.00021985269869187644
9513;拜托真的超酷的;1;0;1;9097;0.00010992634934593822
9515;...好崩溃;2;2;4;9097;0.0004397053973837529
9527;236[汗];3;2;5;9097;0.0005496317467296911
9597;未来生活一定会因为智能技术越来越好的;4;6;10;9097;0.0010992634934593821
9603;添加了很多新型元素感觉特别有科技含量[666];2;5;7;9097;0.0007694844454215675
9609;科技改变我们的生活，AI产品方便我们的生活，相信以后都会越来越好[/cp];1;1;2;9097;0.00021985269869187644
9612;没想到还有这样的梦幻联动，非常有新意的共创;2;1;3;9097;0.00032977904803781465
9618;AI技术正在慢慢的改变起来，让我们一起期待吧。;6;12;18;9097;0.001978674288226888
9625;技术发展推动文心一言这一类AI得发展，真的令人期待;1;9;10;9097;0.0010992634934593821
9627;看起来就很有吸引力，这样的实力还是很到位的，期待更多精彩;1;1;2;9097;0.00021985269869187644
9629;没想到还有这样的梦幻联动，非常有新意的共创;1;2;3;9097;0.00032977904803781465
9640;让人眼前一亮的国风画面，让我们一起期待未来有更多应用场景;1;1;2;9097;0.00021985269869187644
9643;唱响了年轻一代热血拼搏、实现人生价值的旋律;1;0;1;9097;0.00010992634934593822
9645;这个MV真的是很用心啊，对未来越来越期待了;6;13;19;9097;0.002088600637572826
9655;看起来就很有吸引力，这样的实力还是很到位的，期待更多精彩;1;2;3;9097;0.00032977904803781465
9659;眼前一亮的国风画面，展示了中国AIGC的技术实力[送花花];1;2;3;9097;0.00032977904803781465
9667;让人眼前一亮的国风画面，让我们一起期待未来有更多应用场景;1;2;3;9097;0.00032977904803781465
9673;一定可以;1;1;2;9097;0.00021985269869187644
9675;啊！我以为是画的！还在想好厉害[苦涩][苦涩][苦涩];1;0;1;9097;0.00010992634934593822
9682;小红书真的好多啊  之前我评论一个萧逸ai尸体拼接  还有人给我打问号  真服了 四国乙被ai的最多;1;1;2;9097;0.00021985269869187644
9685;制服诱惑？！[笑cry][笑cry][笑cry];2;4;6;9097;0.0006595580960756293
9702;这是什么app，我可以拥有吗;1;0;1;9097;0.00010992634934593822
9728;以后没漫画家什么事了;2;0;2;9097;0.00021985269869187644
9743;什？！其实我觉得包括我在内大多数人不了解ai写文，而且也不会用ai生成来代替约文[允悲]但画画这边盗卖的太多了就很容易被关注（狗头保命）;1;6;7;9097;0.0007694844454215675
9749;我擦，有科普的吗，是哪几个画师，我赶紧避雷一下，刚吃瓜只知道有个妖魔君[允悲];3;1;4;9097;0.0004397053973837529
9756;喔唷 谁这么屌;9;0;9;9097;0.000989337144113444
9792;恨，都开始ai约稿了👊🏻;1;0;1;9097;0.00010992634934593822
9807;胜在气质出众[彩虹屁];1;0;1;9097;0.00010992634934593822
9810;哈哈哈妙不可言无以言表;2;0;2;9097;0.00021985269869187644
9813;别的可能出问题，但远远必须是甜妹[笑而不语]。;1;2;3;9097;0.00032977904803781465
9821;谢谢大佬分享，真贴心;1;3;4;9097;0.0004397053973837529
9823;感谢大佬分享，一会就准备去照着试一下[拳头];1;1;2;9097;0.00021985269869187644
9832;为啥第一个显示提取码错误呢  是不是我提前错误了[泪]   有没有哪位好心人路径地址提取出来分享一下;1;1;2;9097;0.00021985269869187644
9841;Upup！我觉得就算不是问一下也没关系！因为本来就是需要谨慎的事情，如果真的有图层也不怕问[喵喵]来自一个昨天被捞上岸的绘画🐟;1;0;1;9097;0.00010992634934593822
9847;ai写作ai音乐早就出了[笑cry]也没见到多厉害的作品;1;0;1;9097;0.00010992634934593822
9852;另一个角度也可能是，ai图确实对画师造成了影响，但ai文大家完全没把它当作竞争对手。文的不可替代性更高，当然侵权是同样的。;1;2;3;9097;0.00032977904803781465
9854;我给sd webui做了个加载3d 模型的插件，刚被收录啦;3;23;26;9097;0.0028580850829943937
9862;[doge][doge][doge]没有细节 就是贴图展开贴的;1;3;4;9097;0.0004397053973837529
9878;感觉ai出现更大一部分会让人产生“怠惰”，甚至剥夺了一部分的独立创作能力，本来是辅助的东西却成为了一直创作“主力”，不得不说这是一种悲哀。;4;2;6;9097;0.0006595580960756293
9885;你的意思是要把我美傻的傻吗[泪];1;0;1;9097;0.00010992634934593822
9887;偶买噶，这个锁骨，仙品[泪][泪][泪];1;0;1;9097;0.00010992634934593822
9889;好看好看！！;1;0;1;9097;0.00010992634934593822
9891;太太画的好美[开学季][开学季];1;0;1;9097;0.00010992634934593822
9895;在我看来恰恰相反——h图和同人在ai绘画版权问题影响的领域不过是冰山一角，不过是微博属于同人聚集地声势大而已。哪家ai绘画素材库只在这些作品里找素材，那这ai能调教好吗[允悲]不直接完蛋了吗[允悲]色图和同人不是大问题，但是ai版权确实是大问题;5;78;83;9097;0.009123886995712873
9901;现在流行的几个ai好像不是国内研发的吧？即使召唤铁拳最多也只能墙了[交税];2;80;82;9097;0.009013960646366934
9905;不如谈谈收税问题……;1;51;52;9097;0.005716170165988787
9910;别说的好像现在ai绘画就没少用来搞黄图一样[哆啦A梦害怕];1;19;20;9097;0.0021985269869187643
9917;我不是很懂这些小画家在怕啥，没听过哪个热门小说说AI写就的，可以说写手们没受到任何影响，甚至拿AI来寻找灵感。;2;18;20;9097;0.0021985269869187643
9925;我也刷到这个！好神！[抓狂];1;0;1;9097;0.00010992634934593822
9927;唉当初的未来预报一击必杀，现在唉。加油保持音准就很好了[笑cry]只能说企划不做人;1;0;1;9097;0.00010992634934593822
9949;之前喜欢ai把娃转二次元的可以等着看自己娃娃的尸块啦[憧憬];2;286;288;9097;0.031658788611630205
9954;大家不要投娃图给ai了，Ai是不会画画的，美其名曰ai绘画，其实就是吃掉你的图再分解组合[跪了];2;81;83;9097;0.009123886995712873
9968;你投自己的图，自己的图投进去也会默认成为ai的数据库;2;0;2;9097;0.00021985269869187644
9988;说怎么不怪偷图训练ai的现在说娃娘的，有没有一种可能最开始娃圈最开始用ai绘画的时候评论区就说过原理，要求抵制ai，还不是有人乐意用吗，那个时候用别人偷来的画师图片产出自己的娃娃二次元照，怎么不算是推波助澜呢，只不过现在偷的东西变成你自己的罢了，使用者和训练者的双向奔赴罢了;2;8;10;9097;0.0010992634934593821
10000;怎么说呢，我已经找到那个ai模型的网址了，本来给老v发邮件反馈了，相等老v那边回复了再来投稿的，不过这个扩散速度属实是太快了。这个ai模型是C站的cute joints dolls lora，目前主要受害者是滴滴和爱慕滴滴，但是吧，未来会不会波及到所有热门娃真不好说，因为这个模型训练的成本太低了。 http://t.cn/A6ClI9Dw;2;29;31;9097;0.003407716829724085
10015;这是什么软件;1;0;1;9097;0.00010992634934593822
10018;我是第一[憧憬][憧憬][憧憬];1;2;3;9097;0.00032977904803781465
10021;选了柳岩的脸型吧;2;1;3;9097;0.00032977904803781465
10026;美美哒;1;1;2;9097;0.00021985269869187644
10063;小蓝鸟上全是果的[doge];2;0;2;9097;0.00021985269869187644
10083;[笑而不语]@成都分菲;1;0;1;9097;0.00010992634934593822
10088;这个好;2;0;2;9097;0.00021985269869187644
10092;？荒谬;1;0;1;9097;0.00010992634934593822
10107;哈哈哈线稿和成品没半毛钱关系[笑cry];1;1;2;9097;0.00021985269869187644
10129;而且ai绘画肯定是新技术啊，前两年还在用gan生成图像，这两年才开始陆陆续续用扩散模型，而且一开始没吃那么多图效果就已经很好了[汗]，你要只懂美术只说美术就行了，别指点自己不懂的了;4;2;6;9097;0.0006595580960756293
10140;哀嚎的主要是以此为生的，因为苦苦修炼多年的画技不值钱了。现在机器出得又快又好了。看官其实无所谓的，有可能同人作品会爆发，本来需要童子功开始练起，多年苦练才能拿到画师名头的门槛，一下子没了，心理落差确实巨大。只要有点闲钱就能出比苦练的画的还好的图，门槛就变成装一台电脑而已;4;0;4;9097;0.0004397053973837529
10145;说真的很多ai使用者，尤其是“ai代表科技”言论发表者，不仅仅是审美，大概率思想都停留在一个相当低智的时期[允悲]感觉对这艺术和科技两个领域的认知都和空洞粗糙，又喜欢装优越董哥。;1;2;3;9097;0.00032977904803781465
10165;@迭戈-我爱切尔西-科斯塔;4;0;4;9097;0.0004397053973837529
10171;要想变成大国，科技发展不可缺。;10;17;27;9097;0.002968011432340332
10182;我想说真的是未来可期的;1;2;3;9097;0.00032977904803781465
10193;技术的提升对我们国家的发展有很大帮助啊;7;15;22;9097;0.0024183796856106408
10201;听着太热血凤凰传奇真的是传奇;1;1;2;9097;0.00021985269869187644
10203;听着太热血了，还得是凤凰传奇啊[赞];1;2;3;9097;0.00032977904803781465
10206;听着凤凰传奇的歌长的，很喜欢他们;1;1;2;9097;0.00021985269869187644
10214;凤凰传奇的歌真的好好听呀[打call];1;0;1;9097;0.00010992634934593822
10229;谢谢小狗，一定要上岸;1;0;1;9097;0.00010992634934593822
10231;谢谢上岸小狗🐶;1;0;1;9097;0.00010992634934593822
10233;🙏🙏🙏;1;0;1;9097;0.00010992634934593822
10235;谢谢上岸小狗;1;0;1;9097;0.00010992634934593822
10237;谢谢上岸小狗！;1;0;1;9097;0.00010992634934593822
10239;啊啊啊好可爱的小狗狗;1;0;1;9097;0.00010992634934593822
10243;Ai画本指日可待;2;13;15;9097;0.0016488952401890733
10255;@晗晗an;1;0;1;9097;0.00010992634934593822
10262;但实际上我之前卡文用过AI，感觉它的发癫文学比我厉害多了，甚至还会引经据典[苦涩];1;0;1;9097;0.00010992634934593822
10276;呃我的评价是别管她[黑线]按照她的说法那ai碎文的时候她是不是也在助纣为虐;1;8;9;9097;0.000989337144113444
10295;着急来给我师傅点赞;1;0;1;9097;0.00010992634934593822
10311;图1.4.5还挺像;1;0;1;9097;0.00010992634934593822
10333;话说很多时候，热度高的画绝对是好画，但热度高的文……额见仁见智，私以为这个环境对很多真正想写出优秀的有打磨的文章的老师还是不太公平的[思考];1;10;11;9097;0.0012091898428053204
10335;正确的，我自己也是文手，偶尔搞点画。当时lof出AI写文时没有去在意，因为感觉和以前的小彩云？AI写文差不多没啥水平没意思，也是这件事才知道有碎用户同人文的问题;1;8;9;9097;0.000989337144113444
10338;lof在15年就是热门同人软件它并不是..近几年才出来的，但是运营审核一直比较狗;1;3;4;9097;0.0004397053973837529
10344;我们还能保得住工作吗;10;0;10;9097;0.0010992634934593821
10355;我发微博说AI的强大，他们说我制造焦虑[允悲][允悲][允悲];2;2;4;9097;0.0004397053973837529
10358;用哪个软件哈？！;2;0;2;9097;0.00021985269869187644
10361;也有可能是超强的砸饭碗工具;1;0;1;9097;0.00010992634934593822
10374;我们也是开始很久了，已经被磨平心智了[裂开];1;0;1;9097;0.00010992634934593822
10379;我也看到这个了 超级喜欢;2;1;3;9097;0.00032977904803781465
10382;确实好看，最后是在石膏上画画吗？ 一如既往的支持您，太太！;2;1;3;9097;0.00032977904803781465
10395;花木兰肯定是长的像男的不然怎么扮成男的，所以我更中意飒一点的那个风格;2;1;3;9097;0.00032977904803781465
10442;这[衰]身体比例是不是要改卞;1;0;1;9097;0.00010992634934593822
10444;它只給了你完成度和一張AI大眾臉，卻把你的細節設計幾乎全部換了，你的中國風被改成了賽博風，臉直接換了個人。它直接否定了你的思維，剝奪了你和自己作品最純粹的互動。那是你原本想要的成品的樣子嗎？直接干涉想法 已經越過了工具的本分。在我看來你的原圖比AI的好得多，是真的[抱抱]加油[加油];1;0;1;9097;0.00010992634934593822
10448;[疑问][疑问][疑问][哆啦A梦害怕][哆啦A梦害怕][哆啦A梦害怕];3;0;3;9097;0.00032977904803781465
10452;太离谱了这也;1;1;2;9097;0.00021985269869187644
10459;3d建模再训练lora吗？ 什么流程啊;1;1;2;9097;0.00021985269869187644
10462;请问大概需要跑多少个epoch？ 我用真人照片30张 每张200次 6个epoch 似乎不太行;1;0;1;9097;0.00010992634934593822
10464;牛🍗;1;0;1;9097;0.00010992634934593822
10471;@SRI·羽白远崎 怎么看;2;0;2;9097;0.00021985269869187644
10479;因为以前我们做NLP和CV研究的在各种细分领域卷百分之零点几的提高，现在它通用模型一下子把所有任务所有指标都给刷很高，限制了很多人的研究方向;2;1;3;9097;0.00032977904803781465
10482;你甚至可以问问chatGPT要学GPT的话需要读什么论文;1;0;1;9097;0.00010992634934593822
10484;太牛了;1;0;1;9097;0.00010992634934593822
10487;真会说;1;0;1;9097;0.00010992634934593822
10489;天呐说得好好[泪];1;0;1;9097;0.00010992634934593822
10500;啊这这这，差点认不出来了[打call];2;0;2;9097;0.00021985269869187644
10503;怎么秀气中露着一丝英气，果然是老biu[doge];2;0;2;9097;0.00021985269869187644
10507;哇啊啊啊啊啊啊啊啊啊！！！！！[色][色][色][色][色];2;0;2;9097;0.00021985269869187644
10511;预示AI审核技术又要提高了，是不是以后微伯发文字图片，倒过来四十五度角发也被夹？[允悲];2;5;7;9097;0.0007694844454215675
10514;手哥 我可以在ai里和你结婚吗[doge];2;5;7;9097;0.0007694844454215675
10571;和海老师的OC旅游笔记在#葡萄园里的一千零一夜# 偶尔也会放点别的;1;0;1;9097;0.00010992634934593822
10575;好看;1;0;1;9097;0.00010992634934593822
10577;是用哪个画的的哇;1;0;1;9097;0.00010992634934593822
10579;好好看啊;1;0;1;9097;0.00010992634934593822
10581;我草[哆啦A梦吃惊]我的手跟ai学学;1;0;1;9097;0.00010992634934593822
10599;感觉ai发挥有好有坏[允悲];1;1;2;9097;0.00021985269869187644
10601;第二张是不是有点Fit了[二哈];1;2;3;9097;0.00032977904803781465
10615;潘甜甜;1;0;1;9097;0.00010992634934593822
10620;人工智能已经成为我们生活不可或缺的一部分;4;2;6;9097;0.0006595580960756293
10625;new bing之前用的已经是GPT-4了[嘻嘻];1;1;2;9097;0.00021985269869187644
10627;最后打败人类的也许真的会是某个时期的AI，想想还是有些恐怖的;2;1;3;9097;0.00032977904803781465
10630;Ai科技大潮已经来了，真的是想象不到的速度在发展……;1;1;2;9097;0.00021985269869187644
10632;人工智能的强大突破了我的想象力;4;5;9;9097;0.000989337144113444
10637;我趣有人工智能现在都这么先进了啊;2;4;6;9097;0.0006595580960756293
10641;科技的力量[思考];1;2;3;9097;0.00032977904803781465
10643;很想要知道人工智能对于未来的生活有着怎样的影响;2;3;5;9097;0.0005496317467296911
10646;果然你不关注人家也是在飞速发展;1;1;2;9097;0.00021985269869187644
10653;[心]打灰机[色];1;1;2;9097;0.00021985269869187644
10659;博主，两岁的孩子应该培养哪些？从哪里入手[苦涩]家里突然来了个娃，太匆忙了完全无准备~;1;2;3;9097;0.00032977904803781465
10675;结果现在还有互联网墙，不让我们用GPT4.0;1;1;2;9097;0.00021985269869187644
10691;只能说，不得了了[允悲][允悲];1;1;2;9097;0.00021985269869187644
10693;我觉得超过我的认知了;1;0;1;9097;0.00010992634934593822
10695;训练 语言1%中文，国内的解题在国际都算难的，你还想让它全部理解[二哈];1;0;1;9097;0.00010992634934593822
10697;昨天开始用GPT凑着写本子[笑cry]纯粹为了应付考核。不过写的好像还阔以。感觉比我以前写的好。;1;0;1;9097;0.00010992634934593822
10699;太离谱了;1;0;1;9097;0.00010992634934593822
10701;晚上好哟;1;0;1;9097;0.00010992634934593822
10705;ai翻译出来多久了，现在还在进步，也没见学英语的人全面抵制…抵制ai绘画的大都网络小画家，这行业乱的很;10;9;19;9097;0.002088600637572826
10716;ai绘画就跟孩子学画画一样，一开始只会临摹，过一阵就会裁剪拼凑了，最后有了积累自然而然的有了创意。相信我，就我等凡人的这点创意水平，确实是干不过ai的，所以必须提升综合素质，想办法跟ai共存，而不是跟个巨婴一样打滚哭喊着指责版权问题。因为就它的进化速度，可能今年底就没有版权问题了哦;2;4;6;9097;0.0006595580960756293
10719;啊，看最后三段是懵的;7;9;16;9097;0.0017588215895350116
10727;至于互联网行业的美术，真是的，说得好像前几年ai还没这么牛逼的时候，你就不是35岁退休一样。;1;7;8;9097;0.0008794107947675058
10730;问个问题，人类不先临摹，能学会画画吗？[吃瓜]//@会好的嗷:我想问一个问题，如果ai不把画师的图放进模型库，他还会画画吗[嘻嘻];2;1;3;9097;0.00032977904803781465
10733;确实软件一直进步，就像之前电影院还有 画海报的，现在也基本看不到了。估计之前没感觉是因为甲方/老板不大了解呗。现在是突然热搜很久，企业又都在降本增效，基本都要求尝试AI。但就老板/甲方的含糊的想法，用AI也够呛。还需要设计在中间了解需求并输出初步创意。;1;1;2;9097;0.00021985269869187644
10735;你居然还是美术生。说吧，还有什么是你不会的？;1;0;1;9097;0.00010992634934593822
10737;我想到一个学传呼台相关专业的前同事[允悲];1;0;1;9097;0.00010992634934593822
10742;不用拿20年前的经验来往现在套[笑cry]，技术从1到10的提升那叫进步，从10到10000的提升那就是反人类了[笑cry]。等技术发展到一定程度，就开始反技术了，这是一个循环。还有，翻译洄抄袭吗？大概不存在吧。绘画会抄袭啊，这问题可就大了。;5;2;7;9097;0.0007694844454215675
10753;还是有必要告诉女儿AI绘画本质是抄袭别人的作品……吧;9;89;98;9097;0.010772782235901945
10765;一定要跟上他人的时代吗？;5;5;10;9097;0.0010992634934593821
10771;都只是工具，类比一下以前的算卦，现在只是营销太厉害了[跪了];2;2;4;9097;0.0004397053973837529
10790;世界发展的太快了，我真的理解不了什么区块链比特币这些;1;1;2;9097;0.00021985269869187644
10801;已经用chatgpt一段时间了，写报告神器，你提供思路--自动生成文本--人工修订，效率大幅提高。技术浪潮来临时，无需太害怕，因为每一次技术浪潮最终都造福了人类。人需要做的是第一时间掌握先进生产工具;3;3;6;9097;0.0006595580960756293
10807;P6有点圆[doge]不愧是折圆;1;0;1;9097;0.00010992634934593822
10809;这图绝了[666][666];1;0;1;9097;0.00010992634934593822
10811;蝴蝶结那张一身正气的样子[爱你];1;0;1;9097;0.00010992634934593822
10813;315打假[笑而不语];1;0;1;9097;0.00010992634934593822
10827;对于逐利的人来说，就是无本万利的[并不简单];1;1;2;9097;0.00021985269869187644
10832;右边是你？;1;0;1;9097;0.00010992634934593822
10835;p8不像假的;1;0;1;9097;0.00010992634934593822
10837;啊啊啊我跟你刷到同一个人了;1;0;1;9097;0.00010992634934593822
10839;你营业了！;2;1;3;9097;0.00032977904803781465
10842;好久不见的猫猫;1;1;2;9097;0.00021985269869187644
10844;我来了;1;1;2;9097;0.00021985269869187644
10861;好耶好耶疯狂999999;1;0;1;9097;0.00010992634934593822
10863;好耶好耶好耶[哇];1;0;1;9097;0.00010992634934593822
10865;很好 我一句看不懂;6;0;6;9097;0.0006595580960756293
10872;英专生也怕被取代;1;0;1;9097;0.00010992634934593822
10879;思考的这么高深[doge];2;0;2;9097;0.00021985269869187644
10882;这么大的事怎么不早说;1;2;3;9097;0.00032977904803781465
10894;需要喂图的ai永远不能代替老师们的想象力[二哈];1;2;3;9097;0.00032977904803781465
10896;资本是冷酷的，尤其是当它闻到了血的味道;2;0;2;9097;0.00021985269869187644
10899;太太画得很好，我很喜欢您的约十，还期待有朝一日能够约到稿呢！[抱一抱];1;0;1;9097;0.00010992634934593822
10901;是这样，AI技术时代以及科技趋势必须的，但重点是，有一些别有用心的人，把画师们辛辛苦苦的成果剁碎喂给AI，然后AI重新拼接，还有侵权问题;1;0;1;9097;0.00010992634934593822
10903;太太，坚持做好自己，不要被这些外部东西影响了;1;0;1;9097;0.00010992634934593822
10905;[笑cry]只能尽快学会利用它了;1;0;1;9097;0.00010992634934593822
10907;主要不喂它图就什么东西都生成不了这点很恶心[二哈];3;0;3;9097;0.00032977904803781465
10911;何止绘图，配音、编剧、小说…迟早也会被AI拿下，这就是赛博时代的圈地运动，除非法律明文禁止，不然根本制止不了。阻止这东西商业化的唯一可能就是Ai生成的东西没有版权;1;0;1;9097;0.00010992634934593822
10925;感觉AI的诞生正好迎合了一些国家的人口不足，无论是体力劳动还是一些简单的文书工作，都可以填上空缺了。（但是在人口还过溢而且都很难找到工作的地方，AI真的就是来抢人类饭碗的，好残忍）;7;555;562;9097;0.06177860833241728
10934;别的我不知道，看看lft榜单就知道很多人不需要多好的东西来吃;2;298;300;9097;0.03297790480378147
10937;谁叫人类生这么多呢，这么小点的星球这么多的人，自取灭亡是必然的。没见过人类这么自大的物种，不符合自然发展规律，迟早要嘎。;2;160;162;9097;0.017808068594041992
10940;刚今天晚上被通知ai将取代我们，产品开发部的几个同事过段时间就会被开除至1人，我们部门嘛……估计也凶多吉少ˊ_>ˋ;9;91;100;9097;0.010992634934593822
10954;人类灭绝这件事在我看来竟有点兴奋;2;34;36;9097;0.003957348576453776
10957;所以为什么还要催生啊……;4;21;25;9097;0.0027481587336484555
10962;反正我不知道咋办了[太开心]设计这行现在也挣不到钱 同事还天天跟我说马上要被ai替代;4;30;34;9097;0.0037374958777618996
10967;AI产出的东西，像是食品领域的调料包，没有品尝能力的人是吃不出来的，吃多了的副作用也许十几年才能体现出来。;2;38;40;9097;0.004397053973837529
10977;感觉短期内不会的，AI在自然语言识别方面模型得分低得会被优化或抛弃，而模型得分越高，越没有感情（输出的文案越单一）[老师好];1;6;7;9097;0.0007694844454215675
11000;我现在对AI作品的感受就是快餐连锁用预制菜流水生产出的食物，现实也是有烟火气和地道手艺的餐馆越来越少了。;2;19;21;9097;0.0023084533362647025
11007;给两三分的东西都能喂饱深有体会…这几天想攒点钱去接单画ip形象设计啥的，在微信群里接单（流程是客人从淘宝店下单，老板建个画手群然后往群里发单有人接就给客户画手客服拉一个小群ps:禁止画手私下加客户因为店要抽成）这个抽成有多离谱呢，之前有一个画地图的单子，客户拍了一千，老板给我们200;1;4;5;9097;0.0005496317467296911
11013;但是共产如果能实现，一定是建立在各种AI成熟且普及之上的，前期也必定出现“牺牲者”……当然，未来究竟更好还是更坏，谁也无论定论;1;2;3;9097;0.00032977904803781465
11017;现在的AI还远远达不到“创造”性表达的地步，不过可以当助手使用。;1;0;1;9097;0.00010992634934593822
11021;那，文字作品被投喂AI时，也可以看做是创意编织后的成品么？;1;0;1;9097;0.00010992634934593822
11024;现在亡羊补牢不太晚了吗？;1;0;1;9097;0.00010992634934593822
11026;我觉得道歉是不是道的有点晚了;1;0;1;9097;0.00010992634934593822
11028;真的是不敢置信官方已致歉[鲜花];1;0;1;9097;0.00010992634934593822
11030;希望大家的创作能够被保护起来。[允悲];1;0;1;9097;0.00010992634934593822
11032;感觉现在有点太懒了吧，不接受。[打call];1;0;1;9097;0.00010992634934593822
11054;老师老师 可以指定服装出图的吗;2;0;2;9097;0.00021985269869187644
11057;喜欢千禧风真的很大;1;0;1;9097;0.00010992634934593822
11059;牛啊！;1;0;1;9097;0.00010992634934593822
11063;我有个朋友（确实是真的，不是那种“有个朋友”系列），他司的领导已经让美术“善用ai”了，他们的美术都很抵触[允悲];2;4;6;9097;0.0006595580960756293
11066;这看不出来？;6;1;7;9097;0.0007694844454215675
11073;作为路人，不会。作为炼丹炼了两个星期多了，搭了环境、训练了模型、甚至在AUTODL租用了算力的炼丹师4912来说，还是一眼就能看出来的，毕竟孕妇效应。;1;0;1;9097;0.00010992634934593822
11075;博主，你的朋友何牧歌新号有不？[doge];3;1;4;9097;0.0004397053973837529
11079;不懂就问，ai能不能把这张图上的披风换成蓝色，面部换成亚洲人，头发换成长发呢？;5;0;5;9097;0.0005496317467296911
11085;立法应该不太可能，主要是类似忒修斯之船的问题，到时可能要逼迫公司做一个游戏出局所有资源自证也不现实。总体来讲，车轮向前滚，不跟上就被压扁。;2;1;3;9097;0.00032977904803781465
11088;midjourney是不是也要特殊注册方式？;2;0;2;9097;0.00021985269869187644
11091;成都这边我已知有外包公司直接砍掉了原画业务，也有研发公司优化原画组只剩组长，还有大厂UID全面推动AI制作;1;0;1;9097;0.00010992634934593822
11094;支持，ai就是一坨💩;2;0;2;9097;0.00021985269869187644
11098;请文心一言写一篇今天文心一言发布会新媒体宣传稿，不需要太正式，需要符合00后的审美，具备幽默、新潮的语言特质。字数在800字以内。;4;0;4;9097;0.0004397053973837529
11103;[doge]看他能不能编个贪吃蛇程序;4;1;5;9097;0.0005496317467296911
11108;我有个问题，利益交换的性爱真的是犯罪吗？;2;0;2;9097;0.00021985269869187644
11121;最后一个问题，之前gpt3答不上来的。一个数，被四除余一，被五除余二，被七除余三，找满足条件的最小正整数。多谢[作揖][微笑];1;0;1;9097;0.00010992634934593822
11128;感觉好久不见哈哈;1;4;5;9097;0.0005496317467296911
11130;好久不见的西猫！！！;1;0;1;9097;0.00010992634934593822
11132;我是第一个西猫夸我;2;3;5;9097;0.0005496317467296911
11161;📢顺便招点后勤苦力😢如果组不起局就算了（;34;21;55;9097;0.006045949214026602
11196;⚠️关于24h的活动形式⚠️：活动当天以参与企划成员每小时发布一条作品的频率进行接力，持续一整天。（具体流程内部确认）;1;19;20;9097;0.0021985269869187643
11201;我来做饭了 只能保证熟不能保证香[开学季];1;4;5;9097;0.0005496317467296911
11203;字好多，具体干啥[思考];2;5;7;9097;0.0007694844454215675
11206;会编曲会制作但不太会作词，有人一起嘛[开学季];2;3;5;9097;0.0005496317467296911
11209;啊啊啊啊啊啊好急啊好着急啊我也想来;3;3;6;9097;0.0006595580960756293
11213;小卡手幅不行的话那美工作品指什么 庆生海报？;1;4;5;9097;0.0005496317467296911
11215;扣子 你真的别太专业了[泪][泪][泪]太会整活儿了;1;2;3;9097;0.00032977904803781465
11217;新手摄影师可以嘛！4.1去看现场[举手]大学专业是学的数媒，虽然因为刚开始学还没有作品但是两个月时间足够出新东西;2;0;2;9097;0.00021985269869187644
11220;我想来能报名吗;1;0;1;9097;0.00010992634934593822
11222;美术生可以吗[舔屏];1;1;2;9097;0.00021985269869187644
11224;手书是什么呀🙋🏻;1;0;1;9097;0.00010992634934593822
11226;去现场自己录的视频拼拼剪剪的可以嘛[赢牛奶];1;0;1;9097;0.00010992634934593822
11228;没有很理解 就是可以画一幅画然后拍照私你么？;1;0;1;9097;0.00010992634934593822
11230;盯着我电脑上的ps，总感觉他该有点用[苦涩][作揖];1;0;1;9097;0.00010992634934593822
11232;要不是要准备法考这玩意儿就冲锋了[泪];2;0;2;9097;0.00021985269869187644
11235;可以投些什么咧？;1;0;1;9097;0.00010992634934593822
11237;可以翻唱 但不是很行[熊猫];1;0;1;9097;0.00010992634934593822
11239;看着我剪出的视频 总感觉该出点力了[哈哈];1;0;1;9097;0.00010992634934593822
11241;音乐生真的好想搞首歌啊[泪]可是才高中，这方面还什么都不懂[泪][泪];1;0;1;9097;0.00010992634934593822
11246;@北北ych 没看懂 但觉得可以报名试一下[馋嘴];2;1;3;9097;0.00032977904803781465
11280;期待[泪];2;1;3;9097;0.00032977904803781465
11310;@早睡睡不醒_ 没有才艺可冲看看你;1;0;1;9097;0.00010992634934593822
11319;看了下，我是five[苦涩];1;0;1;9097;0.00010992634934593822
11321;@iiamOkkk- 看不懂 但我觉得你行;1;0;1;9097;0.00010992634934593822
11323;@这有什么阿 宝宝看看[阴险];2;0;2;9097;0.00021985269869187644
11332;[微笑]这就是你说的很忙;2;0;2;9097;0.00021985269869187644
11335;都好可爱;1;0;1;9097;0.00010992634934593822
11337;图四好好看;1;0;1;9097;0.00010992634934593822
11339;p4粗看有点像，细看有种丧尸感[思考];1;0;1;9097;0.00010992634934593822
11342;是一个很值得思考的角度......就像现在的电影可以实现还原已故演员来致敬他一样，如果留下的是美好的正向的回忆那还是有大部分人会去支持情怀....不过尬黑的人大概也会认为这是消费死者之类的（;2;0;2;9097;0.00021985269869187644
11345;其实初音的声源一开始很多人都不愿意录，原因和现在的AI绘画一样。“我为什么要把自己的声音交给其他人摆弄？”“如果软件可以唱歌，那我岂不是失业了？”最终还是有人录了，后续才有了一系列声源。可能AI和人工会区分开来欣赏吧，AI作画的生图奇幻不切实际，人工作画自然合情合理，各有各的美感。;2;1;3;9097;0.00032977904803781465
11348;刚刚看到的图[doge] http://t.cn/A6C88d6m;3;80;83;9097;0.009123886995712873
11366;公司原画被裁了很多（）无所谓我会去摆地摊;1;0;1;9097;0.00010992634934593822
11368;不喜欢[开学季];1;0;1;9097;0.00010992634934593822
11371;主要是侵权问题吧，我现在也有点反感;1;0;1;9097;0.00010992634934593822
11373;我也，比较反感;1;0;1;9097;0.00010992634934593822
11381;还有唱歌跳舞演戏 [笑哈哈][笑哈哈][笑哈哈];2;1;3;9097;0.00032977904803781465
11392;但是如果更快发展 替代掉更多人力的话 市场经济的供需关系就会发生改变，到时候被解放的人类才可以真正投入到自己喜欢的事情中了;1;0;1;9097;0.00010992634934593822
11399;百度这个模型落后那么多，根本不值得人家注意;4;29;33;9097;0.0036275695284159614
11404;失望。都不敢面向个人用户，显然是没有自信。;1;0;1;9097;0.00010992634934593822
11422;你看看你选的是生成的啥类型的画;2;0;2;9097;0.00021985269869187644
11426;差点没看出来ai我就说为什么不像[喵喵];1;14;15;9097;0.0016488952401890733
11437;细节不行 眼睛肯定没有画师画得好 得改改 但是八九不离十了[doge];2;0;2;9097;0.00021985269869187644
11440;曾经的我是万万没想到AI这玩意会先在艺术领域给行业这么大打击，我记得前几年我记得网上还在讨论AI如果出现，大家只能转行干艺术等不会被AI取代的领域[跪了];2;2;4;9097;0.0004397053973837529
11443;这也是电竞的天然缺陷，极度依赖厂商服务，无法像其他运动一样独立存在，一旦这个游戏本身项目结束，就白茫茫大地真干净了。;1;0;1;9097;0.00010992634934593822
11445;漫画行业会不会迎来春天？以前漫画家动辄付出几年几十年甚至身体健康才能完成的宏大作品，现在有可能极大缩短创作周期了。也许不再有才华横溢的漫画家没完成作品就去世，或者因为身体不好就断更的遗憾；不再有脑中有无数点子，苦于没有时间画不完的遗憾。;8;1;9;9097;0.000989337144113444
11454;我表弟就是美术生今年高二，要不要告诉我舅妈一声让他换换专业;1;0;1;9097;0.00010992634934593822
11459;不懂就问，这是哪个软件[爱你];1;0;1;9097;0.00010992634934593822
11471;只是不支持克隆人，克隆其他东西一直都在大量使用啊，单克隆抗体医院里那么大量的在用，克隆猪牛羊克隆宠物，本质上一个技术只要有收益就不可能真正被禁，克隆人没人搞一是违法二是确实没什么收益，不赚钱;1;0;1;9097;0.00010992634934593822
11473;花爷[打call];1;0;1;9097;0.00010992634934593822
11475;阿花老师的小红书号叫啥呀！！！想关注呜呜呜;1;0;1;9097;0.00010992634934593822
11483;璎珞，以前围棋也是这样认为的，但后来呢。ai全方面超越人类，包括艺术，感情是看得见的事情。这是好事，就像机器取代人力，让我们过得更好。拥抱改变吧。;2;5;7;9097;0.0007694844454215675
11486;我投了“难说”，因为我觉得ai和人类的本质区别是有无情感，ai可以进化，可以模仿，今后一旦ai进化到可以模仿人类复杂的情感了，就不好说了;3;1;4;9097;0.0004397053973837529
11490;有一说一，AI技术演不了话剧[嘻嘻];1;2;3;9097;0.00032977904803781465
11492;姐姐今年营业好多，请保持好么！抖上面也关注你了，请多多更新，爱你爱你;2;1;3;9097;0.00032977904803781465
11495;因为创作（单纯指带着热情和自己想法出发的）出发点是因为想做，如果AI你没有控制它，需要他产出一些东西出来的话，它就是工具，我们更喜欢的，是有出发点的人;1;2;3;9097;0.00032977904803781465
11497;小宝，我渴了，能给我倒杯水吗？这是AI永远做不到的。;1;5;6;9097;0.0006595580960756293
11502;艺术是人文的东西，AI就算发展再迅速，也只是跟人像一点...吧;1;2;3;9097;0.00032977904803781465
11525;豁，这是什么模型，厉害啊;2;0;2;9097;0.00021985269869187644
11534;分辨率如何？;1;0;1;9097;0.00010992634934593822
11536;入口在哪？;2;0;2;9097;0.00021985269869187644
11542;有点东西;1;0;1;9097;0.00010992634934593822
11544;好美[哇][哇][哇];1;0;1;9097;0.00010992634934593822
11554;@冯叫叫就狗叫;3;0;3;9097;0.00032977904803781465
11563;@一只滚圆的球 u1⃣️、旺达幻视;1;0;1;9097;0.00010992634934593822
11569;明明画的很好啊[泪][泪][泪];1;32;33;9097;0.0036275695284159614
11573;那自由画师受到的冲击会不会相对小一点，接稿提供的是精神价值，没人想花钱买一个机器做的半成品吧;1;0;1;9097;0.00010992634934593822
11593;大佬，请问这个是sd跑出来的嘛;1;0;1;9097;0.00010992634934593822
11596;我已经收到了，回去慢慢拜读;1;1;2;9097;0.00021985269869187644
11603;抱抱太太[抱抱][抱抱]尊重是互相的，您为家里牺牲让出这么多但是却得不到对等的回应的话真的会给心里造成过多的负面影响。很喜欢您画的图片，相信您现实也是一个可爱的人，希望您能顺利解决问题[抱抱][抱抱];2;1;3;9097;0.00032977904803781465
11616;236好绝[憧憬][憧憬][憧憬];1;2;3;9097;0.00032977904803781465
11618;蹲蹲所有原图[憧憬];3;0;3;9097;0.00032977904803781465
11622;p3好看;2;0;2;9097;0.00021985269869187644
11625;姐妹求个p1和3原图[舔屏][舔屏][舔屏];3;0;3;9097;0.00032977904803781465
11629;啊啊啊求个p1无水印;1;0;1;9097;0.00010992634934593822
11631;啊啊啊啊姐妹可以求一个p1无水印吗;1;0;1;9097;0.00010992634934593822
11633;p3也太好看了！p1和3求个无水印！;2;0;2;9097;0.00021985269869187644
11636;啊姐妹！求个p1无水印！！;1;0;1;9097;0.00010992634934593822
11639;谢谢  好吃[舔屏];1;0;1;9097;0.00010992634934593822
11641;生日快乐！！🥳;1;0;1;9097;0.00010992634934593822
11643;生日快乐;1;0;1;9097;0.00010992634934593822
11652;但是不能放任ai…真的是赤裸裸的侵权;1;0;1;9097;0.00010992634934593822
11660;AI？wtf。。;1;0;1;9097;0.00010992634934593822
11668;穿的太多了，差评。[二哈];3;0;3;9097;0.00032977904803781465
11672;还有一套邪恶版本的 为什么不放出来[吃瓜];1;0;1;9097;0.00010992634934593822
11708;哇[赞]好牛[酷];2;0;2;9097;0.00021985269869187644
11712;我天，我以为是真的[傻眼]当然，第五张有种孤独感。;1;0;1;9097;0.00010992634934593822
11779;不太一样，这个是用自己的版权库，使用由官方指定的词条，然后由画师选择最受欢迎的词条来创作皮肤。大概意思就是我用我的素材库，你用你喜欢的词条，给你看个大概你喜欢的东西是什么样，然后用这个大概和大家最喜欢的词条来设计皮肤;11;45;56;9097;0.00615587556337254
11793;这个手简直了[思考] http://t.cn/A6CE5I4K;1;84;85;9097;0.00934373969440475
11795;这边的建议是不如应用到恐怖游戏里 http://t.cn/A6CEtNb0;3;53;56;9097;0.00615587556337254
11837;ai建模的模型，现阶段还不能直接使用，尤其不能用来做虚拟主播之类的需要动的。;1;3;4;9097;0.0004397053973837529
11843;十几年前在少年博览看过一个虚拟主播的文，主角是人类扮演的虚拟主播，让人觉得特别真实，后面就忘了……;1;0;1;9097;0.00010992634934593822
11852;也可能大部分时间都去刷短视频了……;1;2;3;9097;0.00032977904803781465
11854;看法是个体根本无法阻止ai发展和取代画师，而且很遗憾的是这件事不算什么竭泽而渔，艺术也不会因为画画人少而消失，只能说一小部分群体的劳动瞬间被打击的没有价值了，那么资本必然要淘汰没价值的东西。总之，我对画师短期未来呈悲观态度。;1;27;28;9097;0.00307793778168627
11859;我猜就算AI在商业流程里普遍了，游戏公司要想在一众换皮里做出吸引消费者的东西，还是得自己突破出点儿新东西的。到时候可能他们会自己解决这个问题的，因为他们自己做的东西也是要有版权的，不可能这么容易拿去给竞争对手用;1;1;2;9097;0.00021985269869187644
11862;其实大多不高端的人类绘画也是看了很多作品以后，脑子里按照自身的逻辑自动对设子东拼西凑出一个画。;1;7;8;9097;0.0008794107947675058
11866;不会完蛋的，也无法阻止。主要是成本太低了你阻止不过来。总是有人要吃饭的。现在主要是法律不完善所以很多投机分子白嫖已有的画手公开的作品。但你说如果游戏公司自建数据库然后请人一万一张的给数据库当养料你觉得会没人画吗……等算法累积到质变以后就不会简单拼接了。;1;2;3;9097;0.00032977904803781465
11875;舔着脸求prompt;2;1;3;9097;0.00032977904803781465
11878;阿文老师是怎么控制构图的？不了解mj;1;0;1;9097;0.00010992634934593822
11880;好美啊，有么有能做ppt的AI啊？[二哈];5;4;9;9097;0.000989337144113444
11906;比杨戬酷[good];1;0;1;9097;0.00010992634934593822
11912;V5在用了，工业设计其实感觉没啥差别…（一样容易歪）;4;6;10;9097;0.0010992634934593821
11917;ai对把画画当兴趣的人可以说毫无影响，主要受影响的还是把画画当职业的人[允悲];1;17;18;9097;0.001978674288226888
11919;草[哆啦A梦害怕]确实，不过发现画画的快乐之后好像也没这种想法了，但是职业画师会压力很大;1;18;19;9097;0.002088600637572826
11922;[doge]不如sd。mid这种软件天生就不适合做生产力。 我行我真上。这破软件之前玩腻了。用sd我可以做出比mid更好的图。;1;4;5;9097;0.0005496317467296911
11944;大量失业人员[允悲][允悲];2;2;4;9097;0.0004397053973837529
11947;消费市场机器人没用啊，你生产再历害，机器人又不消费，这东西无法解决消费问题，这个资本主义内在无法修复的bgu!;2;2;4;9097;0.0004397053973837529
11955;你好有才[赞];2;0;2;9097;0.00021985269869187644
11961;我不确定以后会不会用lof引其他平台不过我跑路不是跟风，lof这边画手估计比写手受重视很多，lof对待画手是这个态度了，对写手只会（）所以及时止损别把鸡蛋放一个篮子里真的是很必要的……;1;208;209;9097;0.022974607013301087
11963;没事，以后没有人写原创了，又开始嚎什么没灵魂的时候把这些甩他们脸上，没饭吃是自找的。;1;155;156;9097;0.01714851049796636
11965;我也没看懂高柱表达的意思[哆啦A梦害怕]是想表达写手应该继续在lof产粮不要受影响吗[哆啦A梦害怕];3;18;21;9097;0.0023084533362647025
11969;想起来那个ai做的文还拍了电视剧那个;5;56;61;9097;0.0067055073101022315
11975;我也不懂，一个个的跟着画手一起跑路，明明很多我关注的太太都不会画画[裂开];2;35;37;9097;0.004067274925799714
11992;宝宝别太较真和在意了，因为事实上起身根本没人在意，你自己开心才是最好的，但是我又忍不住忠告一句，如果不是特别热爱别写同人，不值得……;1;0;1;9097;0.00010992634934593822
11995;因为ai写的那玩意代替不了写手啊，所以写手当然无所谓[黑线]别人整个乐子给你看，大家自然哈哈一笑就过去了，没多少人会把ai写作当回事，毕竟写手门槛那么低，大家拼的现在基本上都是脑洞了，ai又写不出什么特别惊艳的，顶多图一乐，不像画画门槛高，而且作品真的能吓到画手;6;17;23;9097;0.002528306034956579
12007;寝室没太看懂高柱想表达什么意思[悲伤];2;1;3;9097;0.00032977904803781465
12010;《两个硬核单机玩家挑战了多人游戏还是觉得各玩各的最好这件事》;3;10;13;9097;0.0014290425414971969
12014;这到像现在的某些夫妻，各过各的;1;5;6;9097;0.0006595580960756293
12020;可别小看了我们搞oc的！！;1;0;1;9097;0.00010992634934593822
12022;可别小看了我们搞oc的！[右哼哼];1;0;1;9097;0.00010992634934593822
12024;这不大腮帮子郑福山嘛，先把土簸箕吐出来再说话！;4;0;4;9097;0.0004397053973837529
12031;中午好 猫姐[爱你];1;1;2;9097;0.00021985269869187644
12048;我觉得现在这个设计不够大胆，拼凑感很强，没有张力不抓眼球。还有各部件的功能性不明显，要考虑下可动性和变形等特效设计，Ai能不能给改改[666];3;0;3;9097;0.00032977904803781465
12052;干细化的还好，最可怕的是干concept art的可以直接卷铺盖走人了;3;0;3;9097;0.00032977904803781465
12056;角色岗看了表示很难受;3;0;3;9097;0.00032977904803781465
12060;做儿童插画方面的表示，该干啥干啥，甲方爸爸还等着你的故事梗概呢。[并不简单];1;1;2;9097;0.00021985269869187644
12062;gpt帮我写咒语[doge];1;0;1;9097;0.00010992634934593822
12067;左下我见过，所以手绘确定[doge];5;1;6;9097;0.0006595580960756293
12073;感觉就是1或者4，ai估计是模仿的另一个，从质感来说，我觉得图4更有那股ai味儿;2;0;2;9097;0.00021985269869187644
12076;除了找手指没有别的办法[笑cry];1;0;1;9097;0.00010992634934593822
12078;我觉得图3人类。什么时候公布答案;1;0;1;9097;0.00010992634934593822
12092;目前Ai是让你掌握它，而不是把Ai换成自己，抵触的人在慌，已经去了解的人在进步。拒绝新事物会被淘汰;7;5;12;9097;0.0013191161921512586
12104;是的我现在约稿都只能希望对方有点良心X 毕竟如果是ai细化草稿 他自己再涂改 我真的不一定看得出来;3;6;9;9097;0.000989337144113444
12108;ai只会越来越细腻的;1;0;1;9097;0.00010992634934593822
12118;司马南？？？黄龄？？？;1;1;2;9097;0.00021985269869187644
12120;mj里面画东亚人基本就长这样…;1;0;1;9097;0.00010992634934593822
12122;摩托车呢？被ai吃了?;1;1;2;9097;0.00021985269869187644
12124;右面那男的发型像刀哥[doge];1;0;1;9097;0.00010992634934593822
12129;一样吗不一样吧，你一个一点绘画基础甚至连审美都没有的人，在这网暴抵制ai绘画的人，有本事你让那些用ai的人别喂画师的图啊;1;0;1;9097;0.00010992634934593822
12134;有点理想化。照最近微博画师这个群体的反响来看，他们的态度是：反对不彻底就是彻底不反对;3;1;4;9097;0.0004397053973837529
12141;最直接的是律师 估计以后 没搞头了。一个app 搞定法律顾问。;7;18;25;9097;0.0027481587336484555
12149;以后办公室就像现在工厂流水线一样 留几个运行维护和质检的就行了[打脸];1;11;12;9097;0.0013191161921512586
12151;婶儿，九年义务教育，小升初基本100%;5;2;7;9097;0.0007694844454215675
12157;以前说人和机器竞争的优势是创新，现在越来越觉得科幻电影《我和机器人》可能是部纪录片[挖鼻];1;11;12;9097;0.0013191161921512586
12170;为什么中医不搞人工智能？！;4;1;5;9097;0.0005496317467296911
12179;老板我喜欢第三只狗;1;0;1;9097;0.00010992634934593822
12182;已经有赛博十块厕了吧，看了眼这个厕接受任何立场，点进去就是AI小鬼求AI群，被创了;1;20;21;9097;0.0023084533362647025
12186;你好打扰了，我们在制作了指路标，为各位读者指路各位老师们的跑路方向，目前收录了200位老师的信息，您可以来看看有没有你家大大[打call]指路标您可以在lof上搜索：lof守望者共创计划浏览，也可以在lofter贴吧中浏览，QQ频道：老坟头跑路基地中也有存档[doge];1;0;1;9097;0.00010992634934593822
12188;必须下单支持[good];2;1;3;9097;0.00032977904803781465
12191;下单了东哥[酷];1;1;2;9097;0.00021985269869187644
12193;[good][good][good];1;2;3;9097;0.00032977904803781465
12195;[心];1;0;1;9097;0.00010992634934593822
12197;[丰收了]买啦;1;0;1;9097;0.00010992634934593822
12199;需要需要，赶紧先来个5本;1;0;1;9097;0.00010992634934593822
12201;已经下单，也期待冬哥之后出个速写画集[嘻嘻][加油];1;1;2;9097;0.00021985269869187644
12203;好的[鼓掌]马上拥有同款[心];1;0;1;9097;0.00010992634934593822
12205;必须来一本;1;0;1;9097;0.00010992634934593822
12207;这得来一个呀！;1;0;1;9097;0.00010992634934593822
12209;太巧了，想用！立马下单！[泪][good];1;0;1;9097;0.00010992634934593822
12212;支持;1;0;1;9097;0.00010992634934593822
12214;已经支持[good][good][good][鲜花][鲜花][鲜花];1;0;1;9097;0.00010992634934593822
12216;说的太对了 买了好本子舍不得用[允悲];1;1;2;9097;0.00021985269869187644
12218;[可怜]好棒啊，可惜我现在的画技还配不上这样的本子[单身狗];1;0;1;9097;0.00010992634934593822
12220;冲了;1;0;1;9097;0.00010992634934593822
12222;开搞！[666][666][666];2;0;2;9097;0.00021985269869187644
12225;道德在哪里，法治在哪里，链接又在哪里;2;1;3;9097;0.00032977904803781465
12228;冬子哥，想学画画，先学啥？;2;0;2;9097;0.00021985269869187644
12231;图九每一次看到都会吓得心里一惊然后觉得恶心想吐[泪][泪]老师你真的画的好好（一些废话）;1;0;1;9097;0.00010992634934593822
12233;如何买这画集@刘冬子;1;0;1;9097;0.00010992634934593822
12235;里面有内容的吗;3;0;3;9097;0.00032977904803781465
12241;在哪可以买呀哥;1;1;2;9097;0.00021985269869187644
12277;好厉害！;1;0;1;9097;0.00010992634934593822
12280;还不出台相关法律 ai真的会被有心之人利用的无法无天了[NO];1;0;1;9097;0.00010992634934593822
12282;wy主美都光明正大开ai班了;2;2;4;9097;0.0004397053973837529
12300;这是但丁还是康斯坦丁[允悲];1;2;3;9097;0.00032977904803781465
12309;先把手修好吧一天天;1;1;2;9097;0.00021985269869187644
12316;有点厉害，尤其是英文[允悲][允悲][允悲];1;0;1;9097;0.00010992634934593822
12318;请问如何加入粉丝群。谢谢;1;1;2;9097;0.00021985269869187644
12320;像法鲨;7;2;9;9097;0.000989337144113444
12328;感觉参考了这哥们 http://t.cn/A6CnyykL;5;0;5;9097;0.0005496317467296911
12334;哪看着像托蒂;1;1;2;9097;0.00021985269869187644
12336;你用的这个软件是什么？[笑而不语];1;0;1;9097;0.00010992634934593822
12338;和谁都有点擦边，就是和丹尼尔差距有点大。[笑cry];1;0;1;9097;0.00010992634934593822
12343;[酷] http://t.cn/A6Cn29Qz;1;1;2;9097;0.00021985269869187644
12347;如果说不是为了赚钱画画，而是为了画出自己想画的东西，那么其实20岁学会或30岁学会都没有什么差别。低龄触的起点、有机会接触到的环境和教育，本身就和我们不同；AI本质上只是尸块。高住你认为自己是为什么画画，又为什么想要放弃呢？没有反馈的过程是很痛苦，但，我们画画只是为了得到反馈吗？;1;48;49;9097;0.005386391117950973
12349;先为了生计再说。还有ai绘画其实还是有很多缺陷的。在扁平插画方面ai的运算很怪，好像只会复杂的运算拼贴而忽略基本几何，你让它做简单的平面构成图，圆和直线永远画不规整，总想复杂化通过不规律的粗细和畸变让直线和圆进行无意义的拓扑。;1;0;1;9097;0.00010992634934593822
12366;@Monochrome慕 zc;1;0;1;9097;0.00010992634934593822
12377;更好笑の是游戏公司宣讲会说AI省外包💰[阴险][阴险][允悲][吃惊];1;0;1;9097;0.00010992634934593822
12379;从事多年航天的经验是：技术上不存在弯道超车，只有志道追赶、并进、超越，坚持不掉赛道跟住了就够甩下一批人了;1;28;29;9097;0.0031878641310322084
12395;因为说到底就算ai画画也需要脑子里有东西但很多甲方的大脑都是空白的啊啊啊啊啊啊啊啊（鬼叫;1;0;1;9097;0.00010992634934593822
12406;看模型是不是一样吧。而且即使只是每次随机数不同，效果可能就差很大。毕竟最终是个数学运算。;1;0;1;9097;0.00010992634934593822
12408;莫小贝;1;0;1;9097;0.00010992634934593822
12410;贾斯汀比伯;1;0;1;9097;0.00010992634934593822
12417;姐姐绝绝子[哇];1;1;2;9097;0.00021985269869187644
12431;他两个博士学位图你家哥哥高考数学35复读一年44吗？别太荒谬了烙铁;13;578;591;9097;0.06496647246344948
12445;闺蜜我有内部消息 其实齐司礼和查理苏才是一对真正的cp 还有一对是萧逸和陆沉cp名叫陆逸十六[兔子];12;87;99;9097;0.010882708585247884
12458;是真的，我参与了莫弈制作过程，我们把一千张马嘉祺的照片放进ai生成画出来的莫弈[微笑][微笑][微笑][微笑];22;69;91;9097;0.010003297790480379
12481;能不能不要一直抓着莫弈不放，乙游玩家不是给你消费的;12;118;130;9097;0.014290425414971969
12494;闺蜜我小姨有内部消息，不仅莫弈是ai画的，，，而且连萧逸也是🙈🙈;40;14;54;9097;0.005936022864680664
12535;李泽言也是吧;9;6;15;9097;0.0016488952401890733
12545;这样看来马嘉祺应该算是莫弈的爸爸吧[哇]，希望莫弈粉丝能尊重马嘉祺[微笑]，毕竟没有他就没有莫弈。;19;6;25;9097;0.0027481587336484555
12565;哈哈哈哈哈哈哈哈哈哈你真的好好笑[可爱]你这号全是蹭二次元人物的[doge]你是懂蹭流量的[doge][doge]怪不得数学22捏[爱你] http://t.cn/A6CnzwUf;9;234;243;9097;0.02671210289106299
12577;马嘉祺好厉害啊姐姐，高考三百多呢[可怜]不像莫弈，早就拿到博士双学位了[悲伤]啊，是我讲实话，戳到姐姐痛处了，对不起哟姐姐[悲伤]姐姐你活该[泪];1;72;73;9097;0.00802462350225349
12579;看似姜太公，实则塞翁[馋嘴];4;35;39;9097;0.00428712762449159
12588;不客气姐妹们 http://t.cn/A6CniKwT;6;51;57;9097;0.006265801912718479
12596;b站来的，围观一下奇行种[doge];7;33;40;9097;0.004397053973837529
12604;你这种状态持续多久了？ http://t.cn/A6C3WevV;2;19;21;9097;0.0023084533362647025
12607;诡秘半个月不见你怎么开始玩未定了;1;9;10;9097;0.0010992634934593821
12610;说的对，早就想说了[汗]还有那个什么左然也很像;4;0;4;9097;0.0004397053973837529
12682;别太荒谬……;1;0;1;9097;0.00010992634934593822
12712;所以马嘉祺是谁啊[报税];1;0;1;9097;0.00010992634934593822
12799;感觉查理苏也是[微笑];8;0;8;9097;0.0008794107947675058
12847;《清村正茂》《偏偏少年》[doge];1;1;2;9097;0.00021985269869187644
12870;你的眼睛不要可以捐给别人谢谢;2;0;2;9097;0.00021985269869187644
12881;自己树靶子自己打，这观点还真就只从你这听到过;6;12;18;9097;0.001978674288226888
12888;我的意见是，好莱坞有俩，一是面对世界的电影圈，另个才是面对国内的电视圈，美产电视剧，科幻一直是主流，作为科技力世界第一的美国，怎麽可能不爱科幻片？给人好莱坞不爱科幻片错觉的，是因为性价比低，还动不动扯到政治和未来，太多科幻片，不适合阖家观赏（尤其是追求普通级的狄士尼）。;1;4;5;9097;0.0005496317467296911
12890;非导演剪辑版的天国王朝赔钱，是最后一部史诗大片，随即，阿凡达，变形金刚，钢铁侠1面世。;4;2;6;9097;0.0006595580960756293
12895;希望“自身历史浅薄”“只能拍外国史”的美国佬能把中华几千年厚重历史中数不胜数的两脚羊事件中挑个一两条拍出来。[偷笑];5;14;19;9097;0.002088600637572826
12901;美国没啥历史，就算有，很多都拍不出来，容易影响团结;3;0;3;9097;0.00032977904803781465
12931;哇哦[哇];1;1;2;9097;0.00021985269869187644
12933;[允悲]虽然但是，这俩不是一回事叭;2;0;2;9097;0.00021985269869187644
12943;很轻松呀，只要打好关键词;3;0;3;9097;0.00032977904803781465
12947;那是目前;2;0;2;9097;0.00021985269869187644
12976;懂王手下留情啊，年轻人耗子尾汁;1;0;1;9097;0.00010992634934593822
12978;应该是4月1号[doge];1;0;1;9097;0.00010992634934593822
12997;四指轩辕;2;0;2;9097;0.00021985269869187644
13000;就是可惜有点残疾;3;0;3;9097;0.00032977904803781465
13004;有点像生化危机真人电影那个吉尔，还挺酷的[赞][doge][good];1;1;2;9097;0.00021985269869187644
13006;能不能让ai画你[doge];1;0;1;9097;0.00010992634934593822
13008;这手，尽力了[哆啦A梦吃惊];1;0;1;9097;0.00010992634934593822
13016;哈哈哈哈哈哈;1;0;1;9097;0.00010992634934593822
13023;男的大拇指，女的手不正常;2;2;4;9097;0.0004397053973837529
13029;最近各种无下限啊，我小红书一刷很多，点了不感兴趣还会推;1;4;5;9097;0.0005496317467296911
13031;男的画的好看;1;0;1;9097;0.00010992634934593822
13033;为啥说这是临摹的AI呢？;1;0;1;9097;0.00010992634934593822
13059;[悲伤]羡慕了宝！;1;0;1;9097;0.00010992634934593822
13061;宝贝你好牛！;1;0;1;9097;0.00010992634934593822
13063;同看[哇]上映准备二刷咯;1;0;1;9097;0.00010992634934593822
13067;又来咯[羞嗒嗒] http://t.cn/A6CmSmYd;1;0;1;9097;0.00010992634934593822
13069;哈哈哈哈哈哈哈哈哈哈哈哈哈哈哈哈哈哈哈哈哈哈哈哈哈哈哈哈哈哈哈哈哈哈哈哈哈哈哈哈哈哈哈哈哈哈哈哈哈哈哈哈哈哈哈哈哈哈哈哈哈哈哈哈哈哈哈哈哈哈哈哈哈哈哈哈哈哈哈哈哈哈哈哈哈哈哈哈哈哈哈哈哈哈哈哈哈哈哈哈哈哈哈哈哈哈哈哈哈哈哈哈哈哈哈哈哈哈哈哈哈哈哈哈哈哈哈哈哈哈哈哈哈哈;1;0;1;9097;0.00010992634934593822
13086;@木公心解;1;0;1;9097;0.00010992634934593822
13091;啊啊啊啊啊啊啊;1;1;2;9097;0.00021985269869187644
13093;啊啊啊啊啊啊啊啊;1;1;2;9097;0.00021985269869187644
13095;？？？我天，被txl吓晕;1;1;2;9097;0.00021985269869187644
13098;导演好会讲;1;0;1;9097;0.00010992634934593822
13100;非常喜欢椅子🪑本人;1;0;1;9097;0.00010992634934593822
13102;哇[憧憬];2;0;2;9097;0.00021985269869187644
13105;Ai绘画和Chatgpt试试小程序:一句话AI;1;0;1;9097;0.00010992634934593822
13107;天呐，太羡慕你可以看到新海诚本人了！！！;2;0;2;9097;0.00021985269869187644
13113;技术大爆发;1;0;1;9097;0.00010992634934593822
13118;你和熊律师是一场的?;1;0;1;9097;0.00010992634934593822
13122;不懂就问，图二是两个假人还是真人？意思图二不是拍的照片而是画出来的，有什么意义吗？[疑问][疑问][疑问][疑问][疑问][疑问];11;1;12;9097;0.0013191161921512586
13134;不懂就问，这图2不就是照片么…;1;1;2;9097;0.00021985269869187644
13136;姐姐，图二是什么？;1;1;2;9097;0.00021985269869187644
13138;有时候觉得，照这么发展下去，人类文明哪一天忽然毁灭，也不是什么意外的事情;2;10;12;9097;0.0013191161921512586
13152;是的，电话刚普及的时候记忆力好的人可以记很多电话号码，现在这个优点完全没用了。以前很会看地图的人很适合当司机，现在GPS出来以后会看地图也没啥用了，连地图都没有了。更别提之前BB机接线员，一代人的工作啊！;1;4;5;9097;0.0005496317467296911
13154;[doge]图二两个人的鼻子一模一样;2;0;2;9097;0.00021985269869187644
13160;我又线下追星成功了[老师好];1;9;10;9097;0.0010992634934593821
13190;这是啥剧？;2;1;3;9097;0.00032977904803781465
13193;好可爱啊这段;1;1;2;9097;0.00021985269869187644
13195;还是人比较色[doge];1;2;3;9097;0.00032977904803781465
13197;[哈哈];1;0;1;9097;0.00010992634934593822
13199;机器不会在生活中找灵感;1;0;1;9097;0.00010992634934593822
13201;你的手绘可不能被代替[悲伤];1;0;1;9097;0.00010992634934593822
13203;给个剧本，ai电影都拍出来了！;1;0;1;9097;0.00010992634934593822
13209;Ai画怎么画呀;1;0;1;9097;0.00010992634934593822
13212;偶也是，最近我还整理了一下买过的版本，发现生化四我起码有十几张各种主机各种版本，到时候整理出来发个微博[嘻嘻];5;0;5;9097;0.0005496317467296911
13218;我在村口，东西全丢，你猜怎么着 安井盖了[苦涩][苦涩][苦涩] 我的乌兹啊;2;1;3;9097;0.00032977904803781465
13221;刀哥，图小弟收走了，感谢[求饶];1;0;1;9097;0.00010992634934593822
13227;我没钱为什么不能ai给我印钱[泪];1;1;2;9097;0.00021985269869187644
13253;这个光合还授权了，谁家模型不用数据训练啊[允悲][允悲];1;2;3;9097;0.00032977904803781465
13258;可以生成海报吗;1;1;2;9097;0.00021985269869187644
13260;生成出来的作品版权算谁的？;3;3;6;9097;0.0006595580960756293
13265;白白胖胖~~[心];1;1;2;9097;0.00021985269869187644
13290;摸摸太太！;1;0;1;9097;0.00010992634934593822
13292;摸摸，贴吧大多是牛鬼蛇神，聚集了太多三观不正，只会拼命找角度攻击别人的人，不用理他们[抱一抱];1;0;1;9097;0.00010992634934593822
13296;他卖啥？单纯一张图也没啥用吧？3d打印？他有模型？;3;27;30;9097;0.0032977904803781466
13300;不懂他现在是隐藏这条原文 还是被后台删了 找不到原文了[晕];4;9;13;9097;0.0014290425414971969
13325;喜欢;1;0;1;9097;0.00010992634934593822
13327;[送花花];1;0;1;9097;0.00010992634934593822
13329;超爱[心];1;0;1;9097;0.00010992634934593822
13331;好看;1;0;1;9097;0.00010992634934593822
13333;吱吱吱;1;0;1;9097;0.00010992634934593822
13335;[doge]拿了谢谢;1;0;1;9097;0.00010992634934593822
13337;[鼓掌];1;0;1;9097;0.00010992634934593822
13339;吱[心];1;0;1;9097;0.00010992634934593822
13341;带走;1;0;1;9097;0.00010992634934593822
13343;[打call]好好看;1;0;1;9097;0.00010992634934593822
13382;[色]好快活[心];1;1;2;9097;0.00021985269869187644
13385;其实作为相关从业者我想说的是，游戏美术行业从来都不是一个可以高枕无忧的行业啊[允悲]相反我倒是觉得游戏美术工作者每天都在跟焦虑赛跑，现在ai冲击来了更加剧了这种焦虑。;2;1;3;9097;0.00032977904803781465
13390;就很顶啊[doge][报税] http://t.cn/A6Cn3oaa;1;0;1;9097;0.00010992634934593822
13397;大佬真人视频是谁;1;0;1;9097;0.00010992634934593822
13399;大佬，有教程吗;2;0;2;9097;0.00021985269869187644
13405;这是ai画的吗;1;0;1;9097;0.00010992634934593822
13447;[送花花];1;0;1;9097;0.00010992634934593822
13449;深夜开e？小问题小问题，人去创作艺术作品是情绪情感的寄托和抒发，是很绝对的人和人之间的交流。AI不可能有这种东西，至少我们这代人看不到它有，我也不希望它有。怎么想AI都只能成为辅助工具。如果AI真的完全替代人工，基础工作都不用人操心了，不是有更多精力去创作了么？;4;0;4;9097;0.0004397053973837529
13454;我上大学的时候读的英语专业，我大一的时候以为我会成为一个英语老师。大二的时候我开始玩PS。我以为我将来会是一个设计师。大三的时候，我开始玩微博。我以为我会是一个新媒体运营，现在我成为一个职业博主[报税];1;0;1;9097;0.00010992634934593822
13456;一起去捡垃圾啊，而且将来垃圾只会越来越多，根本不用愁的[努力](bushi;1;0;1;9097;0.00010992634934593822
13458;莫焦虑诶。A替代人工还有很长一段路要走;1;0;1;9097;0.00010992634934593822
13460;没关系阿符劳斯，我们一起回农村养鸡;1;0;1;9097;0.00010992634934593822
13462;为啥最近ai这个东西这么热总是给我一种刻意炒作的感觉（？）深究的话我感觉好多年前就有ai的东西了，几乎年年都有新闻炒作人工智能。但是不知道为什么这几年关于这方面的东西这么多（）;5;0;5;9097;0.0005496317467296911
13468;@提不起劲的巫女小姐 你来说说嘛 (*꒦ິ⌓꒦ີ);1;0;1;9097;0.00010992634934593822
13473;概念美术的工作将会迎来跨越式升级[doge];1;2;3;9097;0.00032977904803781465
13475;用不用另说但至少得会;1;0;1;9097;0.00010992634934593822
13479;这解在贴吧又有一个瓜了;2;0;2;9097;0.00021985269869187644
13488;我觉得本人承认是可以的，不承认不可以，而且改出来的图绝对不能有任何能被看出来抄袭的迹象（之前的novelai就是硬抄）;4;1;5;9097;0.0005496317467296911
13493;今天过去再说x  其实标明就好吧;2;1;3;9097;0.00032977904803781465
13496;可以问问是哪个吗！;1;0;1;9097;0.00010992634934593822
13498;球私;1;0;1;9097;0.00010992634934593822
13500;👂;1;0;1;9097;0.00010992634934593822
13502;求私？[思考];1;0;1;9097;0.00010992634934593822
13504;求私;1;0;1;9097;0.00010992634934593822
13506;宝宝可以私发我一下么[顶]（？好奇）;1;0;1;9097;0.00010992634934593822
13508;求指路👂;1;0;1;9097;0.00010992634934593822
13510;？求私;1;0;1;9097;0.00010992634934593822
13514;套盾，我也支持叶瑄换cv，但ai绘画引起众怒的原因是因为他无版权随意捏，技术本身是没有错的，所以ai配音有版权就和ai绘画不一样了;1;38;39;9097;0.00428712762449159
13530;叶推 目前为止还是支持延续ai希望他可以好好调 有些人别在这捂嘴 支持换的我尊重你 我不想换也少来管我 换不换都是从适不适合叶瑄出发 不是说周年庆什么活动出发 我又不是粉cv有没有cv直播和我啥关系 愿意维权去维权但没必要代表全体叶推;9;55;64;9097;0.007035286358140046
13540;7个月了绘旅人还没好好调，你们真会给自己画大饼，绘旅人都没你们这么会PUA的;29;30;59;9097;0.006485654611410355
13570;姐妹你这个数量才是真叶推[允悲]我刚看到一个叶瑄卡数量都没我多的人说不要ai 我都不是叶推[允悲][允悲];6;39;45;9097;0.00494668572056722
13577;先说明，我不是叶推，我反对这件事首先是出于唇亡齿寒的担忧，这次用AI了，那之后别的男主会不会也有替换成Ai的一天？其次，开了Ai配音这个口子，以后会不会有AI文案AI卡面的事情，不要说不可能，看看网易旗下lofter永劫无间在搞什么破动静吧。最后，叶推真的不介意叶瑄被当成实验品被调试吗？？;7;5;12;9097;0.0013191161921512586
13585;我只能说看到你，说不是每个叶推都必须关注叶瑄超话，我就支持你说的话了，我朋友被人嘲讽就总被说没关注叶瑄超话就不是叶推[摊手]，被各种骂，真离谱;5;47;52;9097;0.005716170165988787
13591;支持，圈子里能贴脸叶瑄的音色真的太少了，况且也容易塌房，但绘旅人真的需要好好调一调ai了，隔壁未定莫弈也是ai配的，也没见有几个人喷，归根结底就是绘旅人调的质量不行而且一碗水端不平，不是特别能理解吵着换cv的玩家🙊;5;104;109;9097;0.011981972078707267
13597;不希望换➕1  近期呼声较高的几个人我也不觉得合适，而且声优粉觉得自推贴脸我可以理解，但是万一真的中标了，这个声优被拿来和之前做对比，或者别人觉得不贴脸，到最后还是和现在超话环境还是一样一地鸡毛，不过换了一个吵的话题罢了。ai好好整比较靠谱吧;2;65;67;9097;0.007365065406177861
13600;你怎么知道衣服会复刻，怎么？绘旅人半夜在床上趴你耳边说的[微笑];19;1;20;9097;0.0021985269869187643
13620;最近的我听着比一开始好多了 所以我也能接受ai 相比之下 换cv带来的风险更大 我不想再去适应另一个我甚至可能不喜欢的声线 陌生的叶瑄我会失恋[苦涩];4;54;58;9097;0.006375728262064417
13625;[doge] 太惨了姐妹那么厚的甲都有人来找上门指责;1;33;34;9097;0.0037374958777618996
13627;点，我前天这样说被套了各种帽子，姐妹顶住[泪]谁不是为了自家男人好啊，有些自推说话真的让人寒心[泪][泪];2;20;22;9097;0.0024183796856106408
13630;我也[二哈]其实我是觉得ai有进步了，而我可以等等，再看它能够到什么程度，毕竟海螺肉承诺了会继续调整，而且问卷也才收集上去，至少要再下个活动才能看出效果。但是现在换真人cv我是真的想不出来能换谁，而且凡是真人cv都有塌房风险，jgt给我整得有阴影了[二哈]比较起来我宁愿再等等;1;11;12;9097;0.0013191161921512586
13632;我个人比较喜欢ai，会让我感觉这就是叶瑄他自己[允悲]语气冷淡点就冷淡点吧反正这么大一个男主绘旅人不可能不想好好调的，就是技术需要再进步吧;2;2;4;9097;0.0004397053973837529
13635;怎么你这么平和的发言还莫名其妙被扣了顶ai推的帽子[笑cry];1;8;9;9097;0.000989337144113444
13637;能不能分两种语音包一个是ai一个是新cv（）这样大家都开心;1;1;2;9097;0.00021985269869187644
13641;刚还刷到一个人说没有叶单推支持ai，且不说我自己就看见好几个叶推也更喜欢ai，多推又怎么他了，花了钱都有权利表达自己的看法;1;29;30;9097;0.0032977904803781466
13643;我既然都发博表示我更喜欢AI配音了，你们凭什么觉得你们在我的评论区评论和我相反的意见我就会立刻改变想法？怎么，在我支持AI配音的微博下面跳出来说“我不要AI我就想要换cv”有什么意义呢？怎么，是想彰显你们的独特你们的闪耀你们的遗世独立吗？;4;13;17;9097;0.0018687479388809498
13648;点了，看官方那条博下都只有说换cv的，我以为没有人喜欢ai[苦涩]我也是叶推但就因为说了想要ai就被有些过激叶推姐妹说捂嘴[微笑]还一棒子打死我是mvb[跪了]可是确实有很多叶推也不想换cv的啊…;5;23;28;9097;0.00307793778168627
13654;博主说话已经很客气了 想换cv的人说别人捂嘴的同时能也别捂嘴别人吗 那么多人总归会有不同意见的 为什么一定要强迫别人和你一个想法呢;3;61;64;9097;0.007035286358140046
13658;想象不到另一个声音的叶瑄跟我说“你爱我吗？我好像是爱你的……”;4;25;29;9097;0.0031878641310322084
13663;ai感觉已经没有j的味儿了，越听越趋近叶瑄本人，换cv的话我都可以预见超话的血流成河了，留着ai不比换cv风险低吗[二哈];2;28;30;9097;0.0032977904803781466
13666;换cv，还要重补之前的，一样是可能被骂死，用有些人的话就是，羊毛出在羊身上，叶推还有别推也要承担费用，不如直接顺着干下去;2;15;17;9097;0.0018687479388809498
13670;哈哈我活的很糙没什么要求[doge]就是单纯喜欢叶瑄原来那个声线，其他细节我都不care[doge]ai念的不好的地方我都直接忽略的[doge];1;21;22;9097;0.0024183796856106408
13672;铁血叶推点了[单身狗]玩hlr四个月以来，真的很喜欢叶瑄，喜欢他的一切一切，也很喜欢这个声线[跪了]真的让叶瑄这个人变得更有魅力。每次走剧情都会把他的语音条全部听完，但之后换了ai，一点感情都没有就有点受不了想跳。但还是真的真的不想换。换了cv真的会感觉有点受不了，根本代入不了叶瑄。。;1;18;19;9097;0.002088600637572826
13675;想换cv就是因为AI实在是太烂了 创了我这么久实在接受不了了[苦涩];2;15;17;9097;0.0018687479388809498
13680;最怕的不是ai调不好 而是用了ai叶推都跑光了叶瑄被越发边缘化 周年庆查无此人音乐会就几句台词还被ai创 叶推一样抽卡氪金而叶瑄节省的成本根本用不到他身上;4;3;7;9097;0.0007694844454215675
13686;支持;1;5;6;9097;0.0006595580960756293
13689;第一点不和三次男绑定就不符合了，他用的还是劳改犯jgt的声音啊，我就是因为这一点才超级介意;3;6;9;9097;0.000989337144113444
13694;其实我无所谓配音问题 但是你要考虑到 比如直播活动其他男主都有cv来现场 叶瑄就ai几句话也太难受了吧;1;0;1;9097;0.00010992634934593822
13697;支持[单身狗]我真的受不了换声音，我心里爹咪已经是这个声音了，而且AI明显很好，换个真人有些人又要连带着粉CV[吐]就像那个路辰，看到无数个人说怎么会有人不喜欢路辰啊那可是赵路哎，虽然我对cv老师肯定也是喜欢的，但每次看到这种说法就很烦，然后cv老师私底下用哪个声线说话，就会觉得像角色;1;4;5;9097;0.0005496317467296911
13707;因为绘旅人调不好 说难听点就是不好听 僵硬的不行;1;7;8;9097;0.0008794107947675058
13709;是叶路双推，我个人感觉无论是AI配音还是换CV肯定都会有玩家不满意，hlr也都会招骂，但我不算站边，只想hlr把叶瑄的配音搞好，这次的剧情怎么说呢，断句没断好像读课文一样，但是声音不那么虚了，前几次活动很明显（感觉都是气音），因为之前看wb都是对AI的怨气;1;1;2;9097;0.00021985269869187644
13726;支持，只是新调的声音有股大叔味[泪];1;0;1;9097;0.00010992634934593822
13745;每个人都有每个人看法嘛[doge][doge]，我是属于我比较倾向于换，但是不换我也可以接受那种，毕竟这个问题本来就不好处理。我倒是觉得hlr这次直接出个投票来看，可能大家已意见还没这么大（不过想想也不太现实[允悲][允悲]）;1;1;2;9097;0.00021985269869187644
13748;叶瑄如果以后使用AI配音，叶瑄以后的活动质量可想而知，配音会影响剧情质量，边缘化情况简直一眼就能看见，叶推以后只会越来越少，叶瑄流水越低，边缘化越严重懂吗？;10;5;15;9097;0.0016488952401890733
13759;你听过ai配的剧情吗[交税];1;9;10;9097;0.0010992634934593821
13768;单只是从客观层面上看这个怎么换人，先不说圈子里和原声优贴的基本没有，就算有，技术什么可能还不如AI，只能希望网易重视AI技术，米哈游的莫奕证明了现代的可以完全可以配的很好，只是网易没那么重视这个罢了，那些单单只是凑热闹喊着换人的，我敢肯定，换了他们一定骂的更大声;2;13;15;9097;0.0016488952401890733
13777;真换钱不一定多但事儿一定多。资源降级是大概率事件，AI不会偷奸耍滑但人是会的，然后会出现那种“明明广播剧都说我们××老师配得好就你们事儿多”“说我们××不贴脸那为什么让我们老师来配，你不喜欢你别用啊”说业务能力不行也有fans闭眼吹的逆天言论🙃🙃🙃🙃那样才真的栓q[开学季];2;14;16;9097;0.0017588215895350116
13781;主要是！说换cv换谁呢，jgt的声音已经配了两年了，已经适应他的声音了，很难接受变声器[悲伤];1;3;4;9097;0.0004397053973837529
13799;ai太烂了[跪了];1;7;8;9097;0.0008794107947675058
13801;太虚了这么久了还是这么虚真的看不到网易ai的希望[交税]或者是也许过个一两年真的能调到和真人一样，那剩下还有多少叶推能坚持到那个时候，中间还有多少人为了不完善的ai去氪金呢，或者说氪了金也得到没有别推那么好的语音待遇凭什么呢;1;4;5;9097;0.0005496317467296911
13809;是啊，但是预制菜、料理包都不能叫饭啊，现在怎么样了呢，科技在进步，但是好多东西都在退步，哎[失望];2;2;4;9097;0.0004397053973837529
13816;什么不同？完全的好奇，没有阴阳怪气。;1;0;1;9097;0.00010992634934593822
13819;ai不过是在模仿，他永远创造不出属于他自己的东西，ai在抄袭，不过抄袭者换成了电脑[微笑]而且在我眼里ai就是小偷罢了，永远只会偷别人的东西[可爱];1;0;1;9097;0.00010992634934593822
13828;[doge]我也在玩，感觉还挺有意思的，满足我跑团搞个角色卡了[doge];1;0;1;9097;0.00010992634934593822
13830;我有个疑问，为什么绝大部分用AI画的人像都是头像或半身;2;0;2;9097;0.00021985269869187644
13833;强啊…;1;1;2;9097;0.00021985269869187644
13846;但是這些作品並不是被AI創作出來的。如果沒有藝術家提供作品，AI是造不出這些圖片的。既然是縫合別人的作品，那版權也是很大的問題。;1;103;104;9097;0.011432340331977575
13856;ai拼尸说这些;1;1;2;9097;0.00021985269869187644
13871;很简单，好看的是ai;1;0;1;9097;0.00010992634934593822
13874;哈哈真的，精致过头恐怖谷;2;8;10;9097;0.0010992634934593821
13881;有二珂的AI嗎[doge];1;0;1;9097;0.00010992634934593822
13890;反美反到失智了;3;1;4;9097;0.0004397053973837529
13894;葛老根[嘻嘻] 去关注一下 不应该是热心市民 葛先生吗[嘻嘻];1;0;1;9097;0.00010992634934593822
13896;查查主页有没有国产塞尔达。;1;0;1;9097;0.00010992634934593822
13898;有些人需要这样的孩子，等我们这一代人过去之后………………;1;0;1;9097;0.00010992634934593822
13901;手部优化好多[笑cry];2;7;9;9097;0.000989337144113444
13904;快来个上证六千点的图[哈哈];2;2;4;9097;0.0004397053973837529
13907;网上的一切都可以造假，除了创业板的阴线是真实的[doge];1;16;17;9097;0.0018687479388809498
13915;啊哦，别搞我内存，一个音乐软件天天开发这个开发那个占我内存是吧！生气了;1;0;1;9097;0.00010992634934593822
13918;网易急了多少年了[doge]先是游戏市场，然后出海方针，后来又搞元宇宙（如果你没听过相关信息那说明他们收效…[doge]）现在来一个ai，你说他们会不会急着吃螃蟹（虽然螃蟹肉剩的不多了大家都靠抢[允悲];1;0;1;9097;0.00010992634934593822
13921;网易急了多少年了[doge]先是游戏市场，然后出海方针，后来又搞元宇宙（如果你没听过相关信息那说明他们收效…[doge]）现在来一个ai，你说他们会不会急着吃螃蟹（虽然螃蟹肉剩的不多了大家都靠抢[允悲];1;0;1;9097;0.00010992634934593822
13926;最新的素描图 一看就是ps生成 我都不想说什么了[尴尬][尴尬][尴尬];1;0;1;9097;0.00010992634934593822
13928;我作为门外汉，ai绘画真的看不出来不会分辨😮‍💨;4;0;4;9097;0.0004397053973837529
13934;天呢，是谁啊想壁垒;2;0;2;9097;0.00021985269869187644
13937;确实，但凡关注几个画师就知道画师内部有多抵制这个东西，有段时间超话到处都是就离谱，别的是抄ai就成好绝了;1;1;2;9097;0.00021985269869187644
13945;如果是虚拟歌姬那种，是根据音源录制的拼音调教的，但是调出来的效果是和调教者的水平挂钩。但是鬼知道绘旅人这个ai声纹是什么原理。;1;0;1;9097;0.00010992634934593822
13963;我一直在想，会不会真能找到长这个样子的真人，毕竟人口那么多……;1;0;1;9097;0.00010992634934593822
13969;我们前几天用chatgpt帮助检索信息和写文章，检索能力还是很强的，省去很多时间，写东西就还是比较垃圾。但感觉技术应该会进步很快～;1;0;1;9097;0.00010992634934593822
13974;我喜欢2;1;16;17;9097;0.0018687479388809498
13976;艾薇儿和泰勒的比例[笑cry];1;2;3;9097;0.00032977904803781465
13989;请问一下，这是什么软件？;3;0;3;9097;0.00032977904803781465
13993;哈哈哈哈哈哈哈;1;0;1;9097;0.00010992634934593822
13995;對，買SWITCH的前一天晚上電影院看了LOGAN...大為震撼...記得是在嘉禾院線看的，但是忘記是哪家了...;1;0;1;9097;0.00010992634934593822
14010;第二张好像;1;2;3;9097;0.00032977904803781465
14030;不喜欢战战和bjyx我要生气了[哼][哼];1;5;6;9097;0.0006595580960756293
14045;搞得我都想装个机跑了，科技改变生活;2;0;2;9097;0.00021985269869187644
14051;感觉ai的出现和相机出现是一样的，时代发展的必然进程。新兴事物出现必然会面临许多危机和问题，版权问题不是抵制可以解决的，团结一心呼吁建立规则给ai约束，维护创作者权益才是最重要的。虽然会行业洗牌，但艺术的创造性 审美主体的审美认识 对主客观的反应这些是ai做不到的东西，不要太焦虑[哇];6;7;13;9097;0.0014290425414971969
14058;鬼鬼老师讲得真好~~;1;1;2;9097;0.00021985269869187644
14060;就目前而言 资本家的操作很难让它被限制或是消失[允悲];1;1;2;9097;0.00021985269869187644
14062;鬼鬼老师说的好;1;0;1;9097;0.00010992634934593822
14064;除了立法，其他基本没什么用;1;1;2;9097;0.00021985269869187644
14066;要转业的的早转业，除此之外就是脚踏实地干自己的事儿。[思考];6;2;8;9097;0.0008794107947675058
14082;盲生我发现了一个华点：视频里的公司自称是对企鹅家的耶;1;1;2;9097;0.00021985269869187644
14092;它是真不理解还是故意为之？;3;0;3;9097;0.00032977904803781465
14102;说不定网易给绘旅人研发资金了呢;7;0;7;9097;0.0007694844454215675
14110;它现在的意思是以姜为原型再调还是凭空捏造一个声音啊;2;0;2;9097;0.00021985269869187644
14113;洛天依声带维修费是什么[哆啦A梦害怕]没有别的意思，就是喜欢天依很久了才知道还有这玩意_(´ཀ`」 ∠)_好奇问一下;1;0;1;9097;0.00010992634934593822
14116;不是贷款焦虑……男的基本盘懂得都懂吧，而且cv圈塌房的不要太多，隔壁也有连换两次的前例;6;3;9;9097;0.000989337144113444
14124;想要我们花钱免费给它调ai呢，真给它美的[奋斗][奋斗][奋斗];1;2;3;9097;0.00032977904803781465
14167;怎么体验chatgpt？？？;1;0;1;9097;0.00010992634934593822
14183;感觉完成了70%左右，这种生成式ai对于打开思路真的很有帮助[馋嘴]近两个月已经在用来生成色…额，参考图了[doge];1;0;1;9097;0.00010992634934593822
14185;可以试试DEEPL的翻译;1;0;1;9097;0.00010992634934593822
14189;电竞少女专属耳机妖舞猫耳耳机4代：http://t.cn/A66dc9or;1;4;5;9097;0.0005496317467296911
14191;难怪没一张的麦克风和手指是正常的[doge];2;3;5;9097;0.0005496317467296911
14194;你的AI好听话[doge];1;0;1;9097;0.00010992634934593822
14196;果断抱图[报税];2;0;2;9097;0.00021985269869187644
14199;好好看[哈哈];1;0;1;9097;0.00010992634934593822
14212;我刚刚小红书看到了，有人在试着用ai做淘宝衣服的模特，怕不是这样发展真有人全搞ai;2;0;2;9097;0.00021985269869187644
14218;👂👂👂;1;0;1;9097;0.00010992634934593822
14220;有点好奇;1;0;1;9097;0.00010992634934593822
14222;无比好奇;2;0;2;9097;0.00021985269869187644
14247;以后写小说都可以自己弄插图了;1;0;1;9097;0.00010992634934593822
14249;但是真的好好看[傻眼];1;0;1;9097;0.00010992634934593822
14252;现在看到自己以前学插画的某培训班已经在开展ai相关课程了 我好像吃了苍蝇那么恶心;1;0;1;9097;0.00010992634934593822
14256;好图，🇰🇷了;1;0;1;9097;0.00010992634934593822
14258;是的随便拿;2;0;2;9097;0.00021985269869187644
14265;国内可以用吗;1;4;5;9097;0.0005496317467296911
14269;马上你都分不清楚到底是谁画的了;1;0;1;9097;0.00010992634934593822
14282;不接受技术进步，就是被淘汰的一批;7;1;8;9097;0.0008794107947675058
14298;确实不会，只会代替八成画师;2;0;2;9097;0.00021985269869187644
14308;快别说了……AI是人喂出来的，人家真能怼几个那样的出来……;6;33;39;9097;0.00428712762449159
14315;图片评论 http://t.cn/A6C3C17z;1;48;49;9097;0.005386391117950973
14319;图片评论 http://t.cn/A6C30eIs;3;3;6;9097;0.0006595580960756293
14323;分享图片 http://t.cn/A6C3TxcQ;4;3;7;9097;0.0007694844454215675
14328;这个好像就是ai画的 http://t.cn/A6C3NTaG;4;3;7;9097;0.0007694844454215675
14342;@猹斯拉 新角度[doge];1;1;2;9097;0.00021985269869187644
14364;@不那么有趣的小王  @哦原来你是猪呀 熊猫跟猫猫战士好cool;1;0;1;9097;0.00010992634934593822
14372;大画家急了[太开心];4;2;6;9097;0.0006595580960756293
14377;那么我是不是可以自己练一个我心目中最完美的二次元老婆出来，甚至可以天天换[doge]。甚至可以炼色图[doge];2;2;4;9097;0.0004397053973837529
14381;估计还是库里喂得够多这一类作品;1;0;1;9097;0.00010992634934593822
14383;刀哥midjourney v5收费吗，之前用stable diffusion，现在想换个试试[哆啦A梦吃惊];2;0;2;9097;0.00021985269869187644
14388;没必要，既然已经出来了也不违法，就应该多想想ai绘画能给画界带来什么好处，而不是一味的抵制;27;13;40;9097;0.004397053973837529
14416;说白了如果AI绘画是正经工具那我早就用了，但是它的原理和正经生产力进步是不一样的，这本身就是一个洗数据的过程，可以理解吗？;5;50;55;9097;0.006045949214026602
14422;让我想起了器官捐赠，不觉得痛的是因为自己利益没受损，但我相信照这样发展下去，各个行业都会沦陷，迟早的事情;22;19;41;9097;0.004506980323183467
14445;相机刚出来的时候，那些画家也是这么抱怨的;22;25;47;9097;0.005166538419259096
14468;没事，真的很好用，以后市场活动可以省钱了;2;3;5;9097;0.0005496317467296911
14471;呦呦呦，这是哪个大画家跳脚了，自己要被ai淘汰，画的没ai好就急了是吧[太开心];23;16;39;9097;0.00428712762449159
14495;不是早就有照片漫画化了吗？那个刚出来的时候一样有画画的扎扎跳，因为她们没生意了[允悲][允悲][允悲];27;7;34;9097;0.0037374958777618996
14524;好难听，你就不怕他们说你画尸块吗？开放包容看待社会进步。;6;1;7;9097;0.0007694844454215675
14531;你以为你自己画的就不是拼接吗[摊手]？;1;0;1;9097;0.00010992634934593822
14533;你不认可有啥用呢？还造个“尸块拼接”，我画个头像啥的可不会找人一笔一笔画了[doge];1;0;1;9097;0.00010992634934593822
14535;好多抵制ai绘画的画师都用过ai出各种文字表情包的图片，尤其是游戏王，逆转裁判，弹丸论破等等，也不知道他们到底是抵制ai侵权呢还是抵制ai侵犯自己利益[汗];1;0;1;9097;0.00010992634934593822
14538;来抓我呀笨蛋 http://t.cn/A6C3ohCh;16;213;229;9097;0.02517313400021985
14555;超有感觉 http://t.cn/A6C3oS9Q;18;189;207;9097;0.022754754314609212
14574;花木兰猫申请出战 http://t.cn/A6C3o400;4;146;150;9097;0.016488952401890734
14579;芜湖 http://t.cn/A6C3oMRL;5;81;86;9097;0.009453666043750687
14585;哥哥们都好厉害呢，不像我[悲伤] http://t.cn/A6C39vJ6;5;83;88;9097;0.009673518742442563
14591;我顶 http://t.cn/A6C3NATM;4;51;55;9097;0.006045949214026602
14596;喵喵特工队来了 http://t.cn/A6C3otDG;2;30;32;9097;0.003517643179070023
14599;古代兵种申请出战 http://t.cn/A6C3BfGX;5;37;42;9097;0.004616906672529405
14605;晚饭吃什么呢。;1;15;16;9097;0.0017588215895350116
14607;我绘画： 猪吃披萨[交税] http://t.cn/A6C3NyP0;1;5;6;9097;0.0006595580960756293
14618;@石榴子Gloria 好酷！;1;0;1;9097;0.00010992634934593822
14624;@铁酱邦尼;1;0;1;9097;0.00010992634934593822
14679;难道就我觉得猪最帅[哈哈][哈哈][哈哈];1;0;1;9097;0.00010992634934593822
14714;@Sleep_beauty  这个好酷;1;0;1;9097;0.00010992634934593822
14740;@林林林心上说;1;0;1;9097;0.00010992634934593822
14743;@Rosenstolz-11 有点cool;1;0;1;9097;0.00010992634934593822
14751;@今天也想举糕糕呀;1;0;1;9097;0.00010992634934593822
14753;@咕噜咕噜姚;1;0;1;9097;0.00010992634934593822
14756;@每天一颗糖OVO 好帅！评论区的也好帅！;1;0;1;9097;0.00010992634934593822
14758;@其缘于此;1;0;1;9097;0.00010992634934593822
14760;@金大川的小心肝;1;0;1;9097;0.00010992634934593822
14764;@0G-XB;1;0;1;9097;0.00010992634934593822
14771;@cuicchire;1;0;1;9097;0.00010992634934593822
14773;@妞蟒;1;0;1;9097;0.00010992634934593822
14776;@柒暩;1;0;1;9097;0.00010992634934593822
14780;@Mr充气;1;0;1;9097;0.00010992634934593822
14782;@小可的星鹤;1;0;1;9097;0.00010992634934593822
14785;@阿珛_Journal 不说别的，感觉看到了拟人;1;0;1;9097;0.00010992634934593822
14790;@我是独角兽耶 我记得你喜欢这种[doge];1;0;1;9097;0.00010992634934593822
14793;@青和果子 穿衣服的动物;2;0;2;9097;0.00021985269869187644
14800;@dgmgdgpjmg 好酷！;1;0;1;9097;0.00010992634934593822
14803;@篝火旁的屋檐;1;0;1;9097;0.00010992634934593822
14805;@孔乙己脱不下的长衫_;1;0;1;9097;0.00010992634934593822
14816;@十九岁阵痛 你爱看;1;0;1;9097;0.00010992634934593822
14818;@Z50581 这一组太帅了;1;0;1;9097;0.00010992634934593822
14820;@和水逆打了一架的某壮 太酷了;1;0;1;9097;0.00010992634934593822
14826;@会幻影移形的菲利克斯 好可爱！！;1;0;1;9097;0.00010992634934593822
14828;文心一言的绘画很有趣;18;18;36;9097;0.003957348576453776
14847;说真的，不错耶，虽然跟原意大相径庭，但是很有艺术感;8;2;10;9097;0.0010992634934593821
14856;以后照片真的是照骗了;8;1;9;9097;0.000989337144113444
14890;以后画手如果被AI逼得没活了，可以做AI的训练师，而且有PS基础和一定英文基础的话，估计还是能活下去的[doge];1;3;4;9097;0.0004397053973837529
14892;可能还是要给提供更直接、更具有普遍特征性的描述吧。[doge][doge];3;0;3;9097;0.00032977904803781465
14896;最吃香的还得是会画画的，不然拿了图都不知道怎么改;2;0;2;9097;0.00021985269869187644
14899;哥们能不能分享一下网站呀;3;0;3;9097;0.00032977904803781465
14903;怎么一股百特曼的味道[笑cry];1;0;1;9097;0.00010992634934593822
14905;终于拿新川洋司开刀了;1;0;1;9097;0.00010992634934593822
14907;Ai用啥软件？？？;1;0;1;9097;0.00010992634934593822
14909;都是AI画的吗;2;21;23;9097;0.002528306034956579
14912;清晰灵动，栩栩如生，令人震惊。今后的设计师画师真要失业了。AI表现如此强大，真是一次科技革命了。;1;19;20;9097;0.0021985269869187643
14914;哇，能不能画一个海上的中式宫殿呀？;6;3;9;9097;0.000989337144113444
14921;这些是直接凭空画的，还是有垫图？;1;2;3;9097;0.00032977904803781465
14923;现在AI绘画还容易露怯，但一直在稳健的进步。我估计5年后AI就能实现真正的绘画，而不是拼接素材＋6根手指；而各种假照片也已经发展到能乱真的程度。可以说到那时，画匠、大部分图像制作和处理人员，以及一部分摄影师的失业将不可避免。;1;3;4;9097;0.0004397053973837529
14926;配角也是画的？;1;0;1;9097;0.00010992634934593822
14928;百度AI？;2;0;2;9097;0.00021985269869187644
14931;图6这个老人神似一位黄金配角;4;2;6;9097;0.0006595580960756293
14954;@今天也是可爱马崽 看得出来是假吗;2;0;2;9097;0.00021985269869187644
14962;突然害怕了一波;2;0;2;9097;0.00021985269869187644
14965;干脆以后AI个人吧。。。不想过了;1;6;7;9097;0.0007694844454215675
14967;我前几天去银行办业务，发现那里的AI基本可以取代大堂经理的工作了;1;2;3;9097;0.00032977904803781465
14969;以后满大街都是AI审美，，[doge]更加体现出人工的价值;1;1;2;9097;0.00021985269869187644
14987;我不爱看微博也不喜欢参与混乱，其实网易背刺也不是第一次了，当时网易邮箱强制实名，但是在大家的维权下，尽管只是让大家更改了实名，但是也是他的退让，如果没有维权，大家也不会有那一次更改实名的机会。大规模冲锋过后，网易邮箱再次变成不可更改，因为人少了，所以，仅仅有一小部分人去维权;1;0;1;9097;0.00010992634934593822
14992;不喂图凭空出来算你真AI，喂图出来就是拼接盗图[怒];1;8;9;9097;0.000989337144113444
14998;《我们二次元》《我最爱二次元》;1;68;69;9097;0.007584918104869737
15000;草，先不说几次元，ta这个发言是个正常人吗（闭眼;1;27;28;9097;0.00307793778168627
15008;前者要是自己不知道这些的话个人还是按无知者无罪算啦……毕竟上网也就图一乐[交税]但明知故犯还满足后半条件就有1丶丶怪了[交税];1;2;3;9097;0.00032977904803781465
15015;[赞]您好  请问这是用的哪款软件啊;2;0;2;9097;0.00021985269869187644
15021;我明白这个女的想说什么，就是大部分画师水平不如AI，即便他们用了AI，他们也无法优化AI，因为他们水平比AI差。所以绝大部分画师都会失业，而且他们对此毫无办法。;27;309;336;9097;0.03693525338023524
15049;有没有一种可能，除去什么成本，利润，受益，AI画的本身就比一般画师画的好，所以工作不保，饭碗没了，因为技不如人，干不过对方，才这么抵触。而真正水平高的，因为足够的强，根本就不介意或者在乎这些，因为Ai再牛逼也干不过原作者;31;30;61;9097;0.0067055073101022315
15081;简单说，低端画师全部都要失业。高端画师失去了培养的机会，慢慢越来越少，AI绘画的上限就被锁死了。;16;247;263;9097;0.028910629877981753
15098;真正有创意的东西AI还取代不了，AI取代的是以往的那种行活，插图产业低端的那部分将会被取代。;12;71;83;9097;0.009123886995712873
15111;生产力的提高虽然第一受益人是资本家，但最终受益的还是整个社会，生产力的提高会推动社会的发展。会诞生新的职业，会淘汰一些传统职业。纯粹人工的工作价值会提高，比如按摩或私人教育这些。;21;81;102;9097;0.011212487633285698
15133;“被蒸汽机取代的纺织女工”;19;71;90;9097;0.00989337144113444
15153;这次请的这位美女画师，自己的逻辑还没有理清楚，脑子一片混沌就来参加访谈。。。;4;89;93;9097;0.010223150489172255
15158;只能说顺应潮流吧！ 就像当年普遍是用手绘来作画，后来忽然变了流行电脑作画，手绘画师也有很大意见，也曾愤怒的表示电脑绘画没有价值。;19;21;40;9097;0.004397053973837529
15178;说白了就是ai超量的生产力以及极低的产出成本会直接扼杀一个行业70%的中低端生产力，也会让后来者想要进入行业付出的成本比以往的任何时期都高出十倍以上，导致新人在行业中完全没有竞争力和生存空间。这种现象会造成一旦行业中的顶级画师消耗完毕，是没有后来者填补的，最终结果就是杀鸡取卵;2;77;79;9097;0.00868418159832912
15181;关于白嫖，AI绘图白嫖的话，chatgpt不也在白嫖整个人类以往的知识和经验嘛，这个范畴就别聊了，没什么意义。;7;24;31;9097;0.003407716829724085
15189;在ai5秒钟一张图的速度下，画师画同样一张图，可能需要跟人讨论、草稿、上色、修正等，需要几天甚至半个月。而ai只需要几个关键字。人类的劳动变得不值钱，被ai卷死。;6;33;39;9097;0.00428712762449159
15197;不懂就问，ai作画来自现在画师的作品这个前提是对的吗？;7;13;20;9097;0.0021985269869187643
15205;总结：1) 侵犯作品权，2) 初学者浮躁 不打根基，3) 从业者 前景迷茫，4) 拉低行业整体价码，5) 消费者不一定受益。🤌想曾经的纺织、陶瓷，被机器生产线碾压。在便宜的90分产品 与 昂贵的100分之间，多数人会买前者。只有少数手工大师还能维生。没有大师潜力与情怀的，接受AI工具人的现实 或转行😢 ;2;37;39;9097;0.00428712762449159
15208;只想躺赢的人，才会无能狂怒;12;1;13;9097;0.0014290425414971969
15221;应该聊ai导致生产力提高后的副作用，审美疲劳，产品的过剩，当市面上80%的内容都是由ai产出的时候我们还能思考些什么;4;27;31;9097;0.003407716829724085
15230;你和宋云生有点像;1;2;3;9097;0.00032977904803781465
15232;乐观一点说：人类永远跑不过汽车，但人类从来没有放弃提升自身速度（二条的头发看起来真好rua;1;4;5;9097;0.0005496317467296911
15234;其实ai只是工具，我抵制ai的点首先在于他从一开始的数据库就是没有版权的（不管是所谓的开源模型[这里如果表述有误麻烦指正一下，因为我不是非常关注ai绘画也并没有使用过]还是后续经过训练的模型，都是未经画师同意盗取的图片）就算企业使用这些开源模型并且喂了大量商稿来进行“创作”;7;13;20;9097;0.0021985269869187643
15242;感觉你们聊崩了呀[doge];1;8;9;9097;0.000989337144113444
15245;程序员也是一样的，虽然你能根据AI生成代码，但是如果你不会代码，哪怕他就一个字符串错误导致的运行不了你也不知道怎么解决，AI对大多数人来说可以是提升效率的手段;3;2;5;9097;0.0005496317467296911
15250;照相机诞生的时候几秒钟就可以拍油画家画好几年的风景画，还更像。于是世界灭亡了？;4;1;5;9097;0.0005496317467296911
15259;画师今天由于AI遇到的困境其实与八九十年代电子音乐遇到的困境一样。;1;0;1;9097;0.00010992634934593822
15263;艺术这种有温度有灵魂的东西还是得人创造，AI几秒钟生成的只是冷冰冰的数据，时间的沉淀和打磨本身就具有不可取代的价值;1;1;2;9097;0.00021985269869187644
15266;艺术本来就是会随着生产力的发展而消亡更新，为什么唐宋之后出不了好的诗词作者，电影音乐可能也在这个阶段走到顶峰慢慢衰落，绘画可能也已经发展到尽头了吧。所有事物的生命长度都是有限的，长远的目光来看，可能会有新的艺术形式出现呢。;1;2;3;9097;0.00032977904803781465
15268;码住，回家看。最重要的版权问题提到了吗？;1;3;4;9097;0.0004397053973837529
15283;不知道国画啥时候会被ai冲击;1;0;1;9097;0.00010992634934593822
15290;没说到点上啊，ai的成功靠的是窃取其他人的劳动成果所以不爽;1;1;2;9097;0.00021985269869187644
15309;女生在说啥？？[笑cry]受益方是企业？我看到主持人缓缓愣了一下哈哈[笑cry][笑cry][笑cry];1;0;1;9097;0.00010992634934593822
15348;ai入场，最先倒霉的肯定是浑水摸鱼的;1;1;2;9097;0.00021985269869187644
15354;這個chatGPT真讓人意外，造成很多人恐懼。我使用不多，我近來要多用用必應才行啊。;2;0;2;9097;0.00021985269869187644
15373;提示下，AI生成作画，不只是才发展一年半年的，现在AI生成图的技术来自diffusion模型，这个模型首次发表于2020年，而AI生成绘画的技术，包含diffusion和之前很火的GAN，GAN首次发表于2014年NIPS会议。而对于生成模型，其实研究历史更为悠久，记得看过最早的生成图像模型，大概是98年的内容;5;1;6;9097;0.0006595580960756293
15379;[允悲]听你们聊的我都有点着急了，耐克那个例子非常不恰当，因为哪怕是山寨品，生产出来也是需要正常的生产资料和员工的，这种虽然也是侵权，但是有工作岗位产生，而且技术差的人做的会很不像。但是图片的复制不要成本，=人类和生产资料是直接从这个过程被刨除在外的，拿的甚至还是原件，这个更恶性。;1;1;2;9097;0.00021985269869187644
15389;ai既然能取代大多数画师，那大概率也能取代大多数其他类型岗位，一起奔向毁灭咯。资本来到世间，从头到脚，每个毛孔都滴着血和肮脏的东西。;1;6;7;9097;0.0007694844454215675
15393;"大家难道都不看一下翻译行业吗[允悲] 说实话，画师的""无能狂怒""和翻译们坚持的机器翻译取代不了人工，本质上都是对自己既得利益的维护。机翻没有完全取代人工翻译，但是拉高了受众/资方对于人工翻译的期待和要求，拉低了翻译的从业门槛，拉平了翻译行业的整体薪资标准，拉大了行业内部的薪资水平差异。";1;4;5;9097;0.0005496317467296911
15398;嘻嘻[心]哈哈;1;1;2;9097;0.00021985269869187644
15401;所谓“AI对版权”的套路其实并不新鲜，就像“医学发展对动物实验”，动物实验和版权的问题虽然很现实，但在科技进步和发展面前，似乎就像当年下岗潮一样，注定只能是一场部分人类的牺牲。只是不知道长远看来，人类是否能找到全新的领域来满足创作欲。要么基础物理获得突破，要么冲出地球去开拓宇宙吧;1;0;1;9097;0.00010992634934593822
15403;说的都对。其实电脑画图二十年的历史已经让手绘者稀缺了，而突然出现的AI让未来真正磨炼技术的人会更少，最后就是绘画的消亡。说个我亲历，前阵子打算找个手绘的助手，居然很难找到，因为我认识的画画朋友都是板绘，都在骂AI，又都不想转回手绘，都在纠结着。配图是我的手绘半成品。  http://t.cn/A6CBZkSJ;5;0;5;9097;0.0005496317467296911
15409;创作是人本位的东西，交给机器就很迷惑。就算真的要发展这东西也应该是社会到人人衣食无忧的程度之后吧?;1;4;5;9097;0.0005496317467296911
15415;AI最核心的点是版权啊，AI都是用各路大神的画养出来的，国外现在已经不承认AI图的版权了，如果任其发展全部都搞AI的话，人类画师没有新作品，那AI也没有养料，就还是原来那个水平。;4;19;23;9097;0.002528306034956579
15421;说ai没有给前人画师付费，那么请问你给前人付费了嘛，你说的话算的数字，生活的经验这些本来就是站在前人肩膀上的。;3;4;7;9097;0.0007694844454215675
15429;基德今天化妆了 还做头发了[喵喵];1;2;3;9097;0.00032977904803781465
15432;首先，我不支持ai，ai配音是低劣赝品，ai绘画就是碎尸块，而且我看大部分人其实都是站中立态度的，而像我们这些努力维权的，其实维权失败也就会跑了，更多的则是无声无息的就跑了(这下半年这样跑的叶推我见的太多，不乏一些做饭厉害的厨子)，一个卖感情的游戏，让没有感情的ai来配音？我只能说要玩;2;11;13;9097;0.0014290425414971969
15435;因为AI配音有版权，AI绘画因为是爬虫移动搜索投喂所以版权有问题。如果AI绘画能全部使用有版权作品，我认为也是可以的[思考]。;3;4;7;9097;0.0007694844454215675
15442;其实个人感觉ai配音和ai作画还是不一样的（说不上来为什么，大概作画喂的是别人辛辛苦苦画出来的但是声带是出厂自带的？）我个人反对ai单纯因为难听和希望跟jgt割席（）然后感觉ai配音即使持续进步，短时间内也不可能达到真人效果，更是很难再有高光时刻，这是跟cv没法比的[单身狗];1;4;5;9097;0.0005496317467296911
15448;左边是文心？感觉更喜欢一些[doge];1;0;1;9097;0.00010992634934593822
15452;说起打工人可能被chatgpt取代，不是资本家的人们担忧恐慌，说起美术民工可能被ai取代，不是资本家的人们弹冠相庆【】;1;0;1;9097;0.00010992634934593822
15457;是的，对它真的无语了，最近总是能刷到AI;4;1;5;9097;0.0005496317467296911
15462;真的，唉，一个冰冷的机器拿人类的最高智慧做出来的东西就说是自己做的;1;0;1;9097;0.00010992634934593822
15486;第二张好高级[doge];1;0;1;9097;0.00010992634934593822
15488;交流群799839872[doge];2;9;11;9097;0.0012091898428053204
15491;确实棒[good][good][good];1;0;1;9097;0.00010992634934593822
15497;一人血书教程！！;1;2;3;9097;0.00032977904803781465
15525;哈哈哈哈哈哈哈哈哈哈哈哈哈真的很心疼这12块，这啥啊！！;2;3;5;9097;0.0005496317467296911
15528;[泪]那天直播间说你直播间的物品摆放没之前的温馨就给管理拉黑了，海海能不能给我拉回来;2;0;2;9097;0.00021985269869187644
15531;特别特别吓人[苦涩];1;2;3;9097;0.00032977904803781465
15545;AI会不会把所谓的现代艺术绘画给搞死，起码应该搞尴尬～;1;11;12;9097;0.0013191161921512586
15555;什么平台？;1;0;1;9097;0.00010992634934593822
15558;再练练还能画的更好 它还需要时间来收集数据;1;0;1;9097;0.00010992634934593822
15560;请他画个rlq看看[開學季];1;0;1;9097;0.00010992634934593822
15574;这队徽神似伯尔尼年轻人[笑cry];1;4;5;9097;0.0005496317467296911
15576;怎么会有人穿7号球衣但是8号球裤哈哈哈哈哈哈;1;1;2;9097;0.00021985269869187644
15578;对我来说，绘画带来的情绪价值远比商业价值重要得多（还想再夸夸老师的画！您是神仙啊啊啊！！）[抱一抱];2;0;2;9097;0.00021985269869187644
15586;我在boss和智联上刷到过好几个ai岗[裂开][裂开]好无语;3;0;3;9097;0.00032977904803781465
15600;@iamyu_u;1;0;1;9097;0.00010992634934593822
15612;拿自己的照片画的吗;2;0;2;9097;0.00021985269869187644
15615;淦;1;0;1;9097;0.00010992634934593822
15638;@刀口zmz [笑cry][哈哈][哈哈];1;0;1;9097;0.00010992634934593822
15646;比较可笑的是，AI法师们基本一眼能看出谁是炼的谁不是，而小警察们既不会画画也不会AI[doge];1;9;10;9097;0.0010992634934593821
15654;你好呀，想问一下ai绘画需要什么工具呢;1;0;1;9097;0.00010992634934593822
15657;牛啊，瑶总👏;1;0;1;9097;0.00010992634934593822
15659;[笑cry]仿佛三条腿;1;0;1;9097;0.00010992634934593822
15662;看来也并是不是所有的东西都是AI科技所能代替的！;5;8;13;9097;0.0014290425414971969
15668;操作起来也是更简单，便利提供了方便;4;5;9;9097;0.000989337144113444
15673;经验丰富的话是肯定保住了工作，但是新手小白就难了;4;4;8;9097;0.0008794107947675058
15678;说实话，如果要让AI真的代替所有的人类工作的话，是绝对不可能的;2;2;4;9097;0.0004397053973837529
15681;AI想要取代人的画师，我觉得是不可能的呀AI就是程序设计呀;2;1;3;9097;0.00032977904803781465
15684;人工智能也是人类开发的，不会取代人类;2;2;4;9097;0.0004397053973837529
15689;现在不会取代的 不过以后人工智能发展起来也是很厉害;1;0;1;9097;0.00010992634934593822
15692;目前ai技术还不成熟，在很多地方上比不上人工[心];1;1;2;9097;0.00021985269869187644
15701;AI的出现是很智能，超现实化！但有些东西它是局限的;2;3;5;9097;0.0005496317467296911
15706;这个主题想到了underverse的fighting JC http://t.cn/A6C1Qehj;1;1;2;9097;0.00021985269869187644
15708;朝闻道夕死可矣：早上让我知道去你家的路，晚上就可以打死你[doge];1;1;2;9097;0.00021985269869187644
15711;干脆 AI 生成一个完整的川总越狱剧集，绝对大卖…;1;35;36;9097;0.003957348576453776
15780;@木酋- 来看;1;0;1;9097;0.00010992634934593822
15805;我是为了做广告内容，省的做模特拍摄了;1;0;1;9097;0.00010992634934593822
15823;人物只能修图呢？;1;2;3;9097;0.00032977904803781465
15826;咦，我还说怎么和之前的风格不一样[笑cry];2;0;2;9097;0.00021985269869187644
15832;ChatGPT么？;4;0;4;9097;0.0004397053973837529
15837;亏损不再是你的代名词，#从庄行#老师带你翻身赚大钱！  [doge][doge];1;2;3;9097;0.00032977904803781465
15840;人类，没工作，没有钱，不花钱，AI再厉害也没有工资没有欲望当不了消费者，所以他们打算自产自销？[费解];1;7;8;9097;0.0008794107947675058
15844;这其实对我们摄影行业的打击也不是特别大，重点打击的是制图那一类的;2;0;2;9097;0.00021985269869187644
15850;希拉里扔子不错[doge];2;2;4;9097;0.0004397053973837529
15859;果然通过手还是能看出来是ai画的;1;2;3;9097;0.00032977904803781465
15862;是那个AI软件吗;3;0;3;9097;0.00032977904803781465
15872;好喜欢这种风格啊，请问这是用什么APP画的呀;1;0;1;9097;0.00010992634934593822
15879;这也是用stabble diffusion训练出来的？还是midjourny更好用？;1;0;1;9097;0.00010992634934593822
15881;太牛了[打call];1;0;1;9097;0.00010992634934593822
15883;好潮，好酷，对不起，我语言匮乏，就只能想到这两个词;1;0;1;9097;0.00010992634934593822
15893;a bird crane in real world, by the lake, with a little fish in its beak. 为什么还有起重机？！ http://t.cn/A6CBspoy;3;0;3;9097;0.00032977904803781465
15897;有没有可能因为mj本身就是外国人做的，所以他们生成图片需要把其他语言翻译成英文再生成？百度宣称全部自研，为啥不利用中文语义直接生成图片呢？换句话说，你用mj，使用描述文字Data Bus来生成图片，应该跟数据有关系，跟公交车区别较大吧。;2;0;2;9097;0.00021985269869187644
15905;产生大量失业倒逼分配关系改变，后面有意思了。;2;8;10;9097;0.0010992634934593821
15908;不太认可这个说法。Chatgpt更像滴滴打车/共享单车之类的资源整合。用不了多久，知识和艺术的反击会到来的。;1;3;4;9097;0.0004397053973837529
15910;教育和就业其实都是小事，主要是ai可能会引发的社会动荡，当人们的饭碗被剥夺，必然会向社会和政府诉诸暴力;1;2;3;9097;0.00032977904803781465
15915;emmm，我还是不觉得现在的ai能对程序员有啥影响，程序员的工作高度和业务相关啊，ai应该只能提供一小点算法支持，美术和文案导师估计会被替代的比较狠;2;1;3;9097;0.00032977904803781465
15931;ai脚刹，脚刹，通通脚刹[兔子];1;1;2;9097;0.00021985269869187644
15941;惊为天人，摄影师、插画师都要受影响了;1;2;3;9097;0.00032977904803781465
15943;画师可以失业了吗;1;2;3;9097;0.00032977904803781465
15945;惊为天人;1;0;1;9097;0.00010992634934593822
15947;这用的是openai？;2;0;2;9097;0.00021985269869187644
15950;感觉比真人画的还好;1;0;1;9097;0.00010992634934593822
15959;没有作品点评，被骗了，原来是摇号摇出来的[允悲];3;0;3;9097;0.00032977904803781465
15969;这种最终解果是人类集体失业，体力与脑力，人类消费市场完全崩溃，这样的后果完全是胡搞，我真不知道这样的结果有什么意义？;5;7;12;9097;0.0013191161921512586
15984;网站能搜索用户名称吗[doge];1;0;1;9097;0.00010992634934593822
15987;[开学季][开学季]巧克力;1;0;1;9097;0.00010992634934593822
15989;本来版权就存在争议;2;11;13;9097;0.0014290425414971969
15992;是很漂亮;2;10;12;9097;0.0013191161921512586
15995;素材拼接更适合;2;11;13;9097;0.0014290425414971969
15998;美国不是有案例吗，没有版权;2;9;11;9097;0.0012091898428053204
16001;这也不是原创啊;2;11;13;9097;0.0014290425414971969
16004;AI绘画没有著作权保护吧;1;8;9;9097;0.000989337144113444
16006;都是网上素材拼的，版权怎么算;2;11;13;9097;0.0014290425414971969
16009;转发微博;1;2;3;9097;0.00032977904803781465
16026;画的不错，下次头盔就做成这样[doge];19;0;19;9097;0.002088600637572826
16046;这是我见过为数不多好看的图了[喵喵];19;0;19;9097;0.002088600637572826
16089;我预约了，我是第1477201人[二哈][二哈][二哈][二哈];1;0;1;9097;0.00010992634934593822
16106;这组也都是你画的吗？;1;0;1;9097;0.00010992634934593822
16108;不发三上了？发ai绘画？;2;1;3;9097;0.00032977904803781465
16113;冰冰老师是狐狸狗狗小猫🐱🐱;1;0;1;9097;0.00010992634934593822
16115;看到过的最好看的[求饶];1;1;2;9097;0.00021985269869187644
16122;多多劳斯还会画头像 好牛[抓狂];1;0;1;9097;0.00010992634934593822
16125;新冠线刚过完就来ai线，好时代！;1;3;4;9097;0.0004397053973837529
16128;没有版权怎么捞钱;2;0;2;9097;0.00021985269869187644
16131;画的龙都是外国人理解的大肚皮恶龙[笑cry][笑cry][笑cry]都是外国元素。接下来机翻的时候，估计自动添加中国关键词，让国外接口作图，然后渲染[笑cry][笑cry][笑cry];1;2;3;9097;0.00032977904803781465
16134;搜不到啊姐;1;0;1;9097;0.00010992634934593822
16136;有没有免费抠图的[可怜][可怜][可怜];2;0;2;9097;0.00021985269869187644
16145;mj：长胖是一个不可逆的过程，hhhhh;1;0;1;9097;0.00010992634934593822
16147;求帮一个;5;0;5;9097;0.0005496317467296911
16153;求教程！[送花花];3;0;3;9097;0.00032977904803781465
16157;这个头像跟同事长得像吗？是用同事的照片生成的？;1;0;1;9097;0.00010992634934593822
16159;需要教程，感谢了;1;0;1;9097;0.00010992634934593822
16163;祝他后半生吃泡面只有调料包，买到的饼干全是碎的[裂开][裂开][裂开];1;2;3;9097;0.00032977904803781465
16170;哈哈哈哈哈个个都好离谱;6;4;10;9097;0.0010992634934593821
16178;有点吓人;2;0;2;9097;0.00021985269869187644
16184;每一张图片都很夸张;1;0;1;9097;0.00010992634934593822
16186;这个确实厉害了，到目前为止看到的AI漫画，都是分镜扁平，故事无聊的，这个作者本身创作能力肯定也很强。然后这个画面也出奇的统一，无论是画风还是人物。[跪了];3;849;852;9097;0.09365724964273936
16190;文字也是ai自动编辑吗？ http://t.cn/A6CBS1g1;1;176;177;9097;0.019456963834231067
16192;哇~~好奇这个AI创作是介入到了什么程度。是作者给了脚本，镜头描述，AI生成了画面，还是其它的方式？;3;103;106;9097;0.011652193030669451
16196;哥们骗骗别人得了别真骗了自己了，AI吸的哪部作品都能看出来了你和我说创作，叫作用【ai抄袭】的漫画还差不多bro http://t.cn/A6Cgqfu8;10;738;748;9097;0.08222490931076179
16207;故事是完整的，画面看上去也很充实，但过于流水账，没有节奏概念和情感起伏，缺少对读者情绪的引导调动就没有代入感，整个看下来像是已经凉透了的心电图……;17;605;622;9097;0.06837418929317357
16225;ai生成的东西是没有版权的，叫作者可能也不太合适。;17;427;444;9097;0.04880729910959657
16243;不如大学生毕设;12;238;250;9097;0.027481587336484554
16256;能不能别用漫画作者，配得上作者二字吗就那么用。。;2;254;256;9097;0.028141145432560185
16260;《作者操作ai的技术很纯熟了》你发这话的时候不会笑吗[允悲];3;123;126;9097;0.013850720017588216
16265;我的英雄学院绿谷出久无敌老头车，没想到我的记忆还能这样攻击我;2;72;74;9097;0.008134549851599428
16272;下次可以不说是ai生成的 看看评论区的反应;2;3;5;9097;0.0005496317467296911
16275;应该是画了很潦草的线稿后用AI加工的吧？;1;30;31;9097;0.003407716829724085
16278;感觉故事很无聊  画面确实牛逼;2;11;13;9097;0.0014290425414971969
16336;@是柠檬不是柠萌吖 我原先以为起码漫画这么有意思的东西没法被取代，结果我看的还挺爽[笑cry];1;0;1;9097;0.00010992634934593822
16375;前三张和我以前梦到的场景完全一致。。;1;0;1;9097;0.00010992634934593822
16404;我擦。。。@三号热线HotLine3;1;0;1;9097;0.00010992634934593822
16407;@果冻我吃了06689;1;0;1;9097;0.00010992634934593822
16435;这作者的分镜功底好强啊;8;1;9;9097;0.000989337144113444
16452;@迄今为止快要发疯 要变天了;1;1;2;9097;0.00021985269869187644
16454;等拜登出门打猎就关城门攻占武器库是吗;1;0;1;9097;0.00010992634934593822
16457;AI生成的新闻图，一般我感觉两个假的地方，一是各种细节容易穿帮，比如手指，第二个就是图片质量，要么特别像油画，要么太高清了像电影;1;2;3;9097;0.00032977904803781465
16462;最近发了好多ai绘画的内容[嘻嘻][嘻嘻];3;0;3;9097;0.00032977904803781465
16466;还真是相似;2;0;2;9097;0.00021985269869187644
16489;话说有了ai绘画这么bug的，会不会影响画手的利益啊;22;0;22;9097;0.0024183796856106408
16512;自己拍的ai也不要弄，因为别人会用你的图片做不好的事情，这个挺好理解的，就是别人做的辛苦事被ai轻松完成，换做是谁都会哭，我也是最近才知道我用过的一个头像是ai [苦涩];3;0;3;9097;0.00032977904803781465
16516;感觉ai绘画有点像是尸块拼接所以虽然不怎么画画但一直不怎么用，当然可能有的图我没认出来是ai还是用了，但是认出来的就一直都不用（）;4;0;4;9097;0.0004397053973837529
16524;没有灵魂;1;0;1;9097;0.00010992634934593822
16526;百度千错万错，也是自家人，要对文心一言有耐心;19;209;228;9097;0.025063207650873914
16546;华为鸿蒙系统也一直被攻击套皮，基于开源代码构建自己的商业项目，是最科学最高效的方法。有很多人不懂，还有一些人是坏，在乱带节奏;13;257;270;9097;0.02968011432340332
16560;坏消息：人家是bba，你是老头乐 好消息：除了你俩，其他人都是步行;1;121;122;9097;0.013411014620204463
16562;居然现在还有人说鸿蒙是套壳[二哈];9;48;57;9097;0.006265801912718479
16572;我建议别改了，挺艺术的;19;40;59;9097;0.006485654611410355
16592;开源的图文数据大部分是英文的，看laion这个开源数据库就知道，所以目前diffusion model基本都是英文驱动很正常，即使是中文语言模型库也会有一些，而且现阶段因为中文clip翻译效果不好匹配英文的用很正常，信息环境虽然都透明化了，技术这个事情不可能套壳的，不靠谱;3;59;62;9097;0.00681543365944817
16596;百度抄袭chatGPT？;14;1;15;9097;0.0016488952401890733
16612;别扯淡了，百度那是根据网友反馈做的定向修改。举例，鱼香肉丝的bug改了，然后你让他画个鱼香鸡丝的图，又TM露馅了;5;22;27;9097;0.002968011432340332
16618;像Laion这样训练数据也就是4亿张，翻译成中文再人工校正一下的成本也不一定比他开场发布会的成本高吧～用人家开源的模型和开源的数据改都不改就放出来只能说明baidu做这事的态度了～;3;5;8;9097;0.0008794107947675058
16622;不管怎么说，至少人家百度敢拿出来，这些年也是专心在搞AI，不像另外几家居然去抢菜贩的饭碗。;2;13;15;9097;0.0016488952401890733
16625;百度成功不了的，核心价值观AI怎么掌握[允悲];4;1;5;9097;0.0005496317467296911
16633;英语一词多义，它的歧义性更大，这一点可能会成为中文ai的一个优势。;2;2;4;9097;0.0004397053973837529
16638;AⅠ画图不都是基于stable diffusion吗？这是开源的啊;1;4;5;9097;0.0005496317467296911
16640;我在百度页面上，都没找到这个画图AI[允悲];1;0;1;9097;0.00010992634934593822
16683;百度自己都承认了，你还在这洗。;1;0;1;9097;0.00010992634934593822
16705;开源不是谁都用吗？怎么就不是自己的？;1;0;1;9097;0.00010992634934593822
16708;对于普通网站来说中文库确实不够大，但百度作为国内最大的搜索引擎，数十年的积蓄，它也靠外文库就讲不过去了。只能说鞭策他成长;1;2;3;9097;0.00032977904803781465
16733;英文数据搭配连机翻都不如的中译英，模型也不知道有多少是自主研发的，这跟直接套皮差多少呢？你食材和菜谱都是西餐的，就厨子是中国人，做出来能叫中餐吗？;1;1;2;9097;0.00021985269869187644
16737;可笑的是完全不懂操作系统的人居然说鸿蒙是套皮，傻子一样。;1;3;4;9097;0.0004397053973837529
16768;哎 就是存不下来啊 博主给会员们来个合集吧;1;0;1;9097;0.00010992634934593822
16773;了解;1;1;2;9097;0.00021985269869187644
16779;救命真的好牛逼[舔屏][泪];2;247;249;9097;0.027371660987138616
16782;这位老师的每一个梦都要成真🙏;1;200;201;9097;0.02209519621853358
16784;爹你好牛;1;148;149;9097;0.016379026052544796
16786;最后一个镜头，火前那个昂头俯视，妈呀绝了[作揖][作揖][作揖];2;23;25;9097;0.0027481587336484555
16789;大大，你是我的神;2;13;15;9097;0.0016488952401890733
16792;哎呀，我还想要图片啊，天使与恶魔[哇][哇][哇];1;9;10;9097;0.0010992634934593821
16794;哇哇啊啊啊哇我的G点！！！！大神大神！！！只剩下最后一个世界了吗[苦涩][苦涩][苦涩];1;7;8;9097;0.0008794107947675058
16796;我说咋不见你[抱一抱]欢迎回来老干部哈哈哈;1;6;7;9097;0.0007694844454215675
16798;我真的现在才发现大佬[泪];1;5;6;9097;0.0006595580960756293
16800;太太您是何方神圣[老师好];1;3;4;9097;0.0004397053973837529
16802;洛老师，我就按着你的作品做梦了[老师好]希望我的美梦都能实现;1;2;3;9097;0.00032977904803781465
16804;我在卢浮宫看到过[可怜];1;1;2;9097;0.00021985269869187644
16806;不允许有人没看过这个视频！！！太牛了！！！;1;2;3;9097;0.00032977904803781465
16808;神作啊[awsl]太太好用心好会给啊[awsl]喜欢喜欢[好爱哦];1;2;3;9097;0.00032977904803781465
16810;誓要做第一个评论的鲨！;1;2;3;9097;0.00032977904803781465
16812;在字母站三连了，大大好厉害👍🏻;1;1;2;9097;0.00021985269869187644
16814;[哇]哔哩哔哩，一键三连啦，超厉害;1;1;2;9097;0.00021985269869187644
16816;一个比一个喜欢 好喜欢;1;1;2;9097;0.00021985269869187644
16818;感谢刘宇先生的素材提供[doge];1;2;3;9097;0.00032977904803781465
16820;这个系列一定要无限更新，超牛的;1;1;2;9097;0.00021985269869187644
16822;好久不见[送花花]今天重要日子你回来的正是时候[抱一抱];1;1;2;9097;0.00021985269869187644
16824;你是我爹;1;2;3;9097;0.00032977904803781465
16826;今天直播看到太太甚至想当场催更，结果真的更啦[憧憬];1;1;2;9097;0.00021985269869187644
16828;啊好想接下去看！还有吗？太酷啦[哇];2;1;3;9097;0.00032977904803781465
16831;浑身是肝;1;0;1;9097;0.00010992634934593822
16833;终于更新了，我这就叫我奶奶来看;1;0;1;9097;0.00010992634934593822
16835;发b 站，我去三连[彩虹屁];1;0;1;9097;0.00010992634934593822
16837;我靠我靠我靠，我的所有小说都有得代了;1;0;1;9097;0.00010992634934593822
16839;膜拜大佬，终于更新了[送花花][送花花][送花花][送花花];1;0;1;9097;0.00010992634934593822
16841;很好，刘宇提供的取材用上了哈哈哈，太太好厉害[哇];1;0;1;9097;0.00010992634934593822
16843;请问什么时候上映;1;0;1;9097;0.00010992634934593822
16845;今晚看到你的视频感觉好幸运[泪][泪]大大好厉害[送花花][送花花]赶上新鲜的了[哇];1;0;1;9097;0.00010992634934593822
16847;没有了吗？？没有了吗！？？？;1;0;1;9097;0.00010992634934593822
16849;老师我刚刚在直播间看到你疯狂送礼物哈哈哈哈[羞嗒嗒];1;0;1;9097;0.00010992634934593822
16851;啊啊啊啊，震惊我一百年，每次劳斯更新我都要把前几个重刷一遍[泪][作揖];1;1;2;9097;0.00021985269869187644
16853;呜啦啦啦啦，太太我来了，我这微不足道的赞你一定收下[赞];1;0;1;9097;0.00010992634934593822
17138;哈哈哈哈手还是依旧没法看，ai绘画;2;6;8;9097;0.0008794107947675058
17141;什么软件！安九那个好有少年感！;1;0;1;9097;0.00010992634934593822
17143;图二是gala还是deft呀？;2;0;2;9097;0.00021985269869187644
17155;请教一下，这种单丸子头的prompt应该怎么描述，我用bun hair出来的都是双丸子春丽头。望能不吝赐教。🙏;2;0;2;9097;0.00021985269869187644
17159;AI可以瞬间生成各种随机的精美图片，但要让AI完全按照创作者的意图制作视觉小说，漫画还是挺麻烦的。现在最大的挑战就是创作出稳定的人物形象和精准连贯的场景。;1;0;1;9097;0.00010992634934593822
17161;出画册吧[阴险][阴险][阴险];1;0;1;9097;0.00010992634934593822
17167;图片评论 http://t.cn/A6Cd5aUs;1;1;2;9097;0.00021985269869187644
17169;用海棠花照片画的小美女 http://t.cn/A6CD7aie;1;0;1;9097;0.00010992634934593822
17171;用表情包画的猫耳娘[爱你] http://t.cn/A6CgUEUG;1;0;1;9097;0.00010992634934593822
17182;也许ai往好了用确实可以拯救例如我这样的残疾人（。）只可惜现在用ai的动机大多……哎;3;2;5;9097;0.0005496317467296911
17197;用ai训练设计球鞋？;3;0;3;9097;0.00032977904803781465
17216;因为中文没有高质量的图文数据集。使用现有开源的英文数据集很正常，百度应该是把英文数据集直接翻译成中文之后进行训练的，像这些标注信息缺少上下文，直接机翻成中文，很容易一个英文单词翻译成多个中文词汇;2;1;3;9097;0.00032977904803781465
17219;知道了 去站街[NO];4;14;18;9097;0.001978674288226888
17224;学校老师行业不会吧 [doge] 我们老师上午刚讲这个东西非常强大的功能;2;0;2;9097;0.00021985269869187644
17227;到那时候压力减少很多了吧[思考];1;2;3;9097;0.00032977904803781465
17241;无非蹭热度引流的;3;2;5;9097;0.0005496317467296911
17245;都炒高了，你才总结出来，还要吸把流量！哎....;1;1;2;9097;0.00021985269869187644
17249;一直觉得AI应该做的是走进人的家庭中，负担家政清洁、家务，对老人、孕妇、病人、残疾人、儿童的日常照料…希望早日看到在这个领域的突破发展;1;98;99;9097;0.010882708585247884
17251;要不你还是只讲营养学吧……;6;88;94;9097;0.010333076838518192
17258;AI小姐姐被设计成擅长嗲声嗲气不是男人的功劳吗？[喵喵]是男凝产物啊，跟AI小姐姐有什么关系;1;123;124;9097;0.01363086731889634
17260;因为女人正在免费做啊;1;83;84;9097;0.00923381334505881
17265;范老师这是招谁惹谁了;1;3;4;9097;0.0004397053973837529
17278;连AI女性都要雌竞地评价 “嗲声嗲气”的话，不如直接设置为男性声音好了。反思一下为什么服务者往往默认是女性声音这种问题反而比较有意义;1;20;21;9097;0.0023084533362647025
17280;评价了一句ai声音嗲直接被鉴定为媚男厌女，看来范老师也被开除女籍了，我发出今天的第一声爆笑[good];2;1;3;9097;0.00032977904803781465
17284;没必要用这种厌女词汇形容ai，都和上ai雌竞上了;1;7;8;9097;0.0008794107947675058
17286;这个说法好厌女;2;11;13;9097;0.0014290425414971969
17289;范老师，请问油炸定型后的芋头条再炖煮了吃是不是油脂会降低些？;2;0;2;9097;0.00021985269869187644
17295;范老师你吃醋啦？怕亲亲老公被勾引吗？[微笑];1;15;16;9097;0.0017588215895350116
17301;主视觉和启动仪式真的很好啊 启动视频回头我要单发哈哈;2;0;2;9097;0.00021985269869187644
17312;看学那种类型的绘画，比如纯艺术可能不太吃香，毕竟ai能画，但是那种新媒体绘画，需要各种变化，要应付甲方需求的还可以学。;3;0;3;9097;0.00032977904803781465
17319;咋玩啊老铁;1;0;1;9097;0.00010992634934593822
17321;请多多创作[泪]特别想看[抱一抱];1;0;1;9097;0.00010992634934593822
17323;我也有张AI的，但是我觉得真人好看[羞嗒嗒];1;1;2;9097;0.00021985269869187644
17325;“我将思念藏进风里 年年有风 年年对你有思念。” “𝓘 𝔀𝓲𝓵𝓵 𝓶𝓲𝓼𝓼 𝓱𝓲𝓭𝓭𝓮𝓷 𝓲𝓷 𝓽𝓱𝓮 𝔀𝓲𝓷𝓭 𝓮𝓿𝓮𝓻𝔂 𝔂𝓮𝓪𝓻（互赞互评）;1;1;2;9097;0.00021985269869187644
17329;翻译的AI也很6[偷笑];2;0;2;9097;0.00021985269869187644
17332;I tried midjourney and feel that in the future there's really no need to learn painting or programming. Just focus on learning Chinese or English, and when facing AI, you just need to be able to describe your problem in detail and let AI handle the rest.[偷笑];1;0;1;9097;0.00010992634934593822
17334;配个3D眼镜;1;0;1;9097;0.00010992634934593822
17336;能把这古文翻译成英文，也是牛啊;1;1;2;9097;0.00021985269869187644
17344;@十二指橙 我靠快来看;1;0;1;9097;0.00010992634934593822
17352;好好看[熊猫][好喜欢];1;0;1;9097;0.00010992634934593822
17363;ai绘画ai写文真的有种很空洞的感觉[悲伤];1;1;2;9097;0.00021985269869187644
17366;请问在哪里可以做ai绘画;1;0;1;9097;0.00010992634934593822
17368;太大[衰]不好看了;2;0;2;9097;0.00021985269869187644
17372;P5高级感upup;1;0;1;9097;0.00010992634934593822
17381;现在把扫描版pdf扔给ai，ai能理解吗？;1;0;1;9097;0.00010992634934593822
17383;cursor需要有自己的key么？;1;0;1;9097;0.00010992634934593822
17398;老师 我看他们用你的图喂AI了 结果跑了一百多张你的风格[doge];1;11;12;9097;0.0013191161921512586
17401;好像没有看到以图生图的选项？只有一个enter your prompt。能麻烦贴一下链接嘛？;1;0;1;9097;0.00010992634934593822
17404;因为写手是食物链底端啦;1;0;1;9097;0.00010992634934593822
17406;（是谁啊）;3;0;3;9097;0.00032977904803781465
17411;我尼玛真的服了[衰];1;0;1;9097;0.00010992634934593822
17415;可能这段时间进化了[笑cry];2;3;5;9097;0.0005496317467296911
17427;不好用，对于漫画来说擦屁股的地方太多了，我玩了两周还是自己去画了，插图设计或者封面参考很好用;5;0;5;9097;0.0005496317467296911
17434;本质上都是尸块拼凑吧;1;0;1;9097;0.00010992634934593822
17436;本质都是碎尸粘贴……;1;0;1;9097;0.00010992634934593822
17438;本质一样;1;0;1;9097;0.00010992634934593822
17440;真正的宇宙飞船一定会有护盾，你肯定无法探测;5;0;5;9097;0.0005496317467296911
17446;希望是飞船;2;1;3;9097;0.00032977904803781465
17456;额，原po说太香了太香了[亲亲]。;1;0;1;9097;0.00010992634934593822
17459;想起了君士坦丁堡的女郎;2;0;2;9097;0.00021985269869187644
17462;支持，ai写作真的是更可怕的存在;1;1;2;9097;0.00021985269869187644
17466;真不错;2;0;2;9097;0.00021985269869187644
17473;AI换钱？;1;0;1;9097;0.00010992634934593822
17488;在哪儿进网站;1;0;1;9097;0.00010992634934593822
17490;刚去玩了，还不赖;1;0;1;9097;0.00010992634934593822
17494;你关键词输的什么[笑cry];1;0;1;9097;0.00010992634934593822
17507;乍一看逻辑没毛病。但有个事实是，人的数量在剧减;2;0;2;9097;0.00021985269869187644
17510;最后一张像！;1;0;1;9097;0.00010992634934593822
17512;我觉得挺好的了，抓住了你的面貌特征。;1;0;1;9097;0.00010992634934593822
17516;我要不打印出来慢慢研究[二哈][二哈];1;6;7;9097;0.0007694844454215675
17538;石榴姐，请教下汤圆是怎么英语启蒙的？;1;0;1;9097;0.00010992634934593822
17540;也是因为loft吗？;1;0;1;9097;0.00010992634934593822
17544;富豪们评论一下吧，时间久不互动就刷不到我了;1;0;1;9097;0.00010992634934593822
17548;@KKKKKirito 都好好看;1;0;1;9097;0.00010992634934593822
17550;挺好看;1;0;1;9097;0.00010992634934593822
17553;你这个提示词就不公平啊。;1;1;2;9097;0.00021985269869187644
17555;我看画图其实可以先给一个原图的链接过去再画，可能发一张大刘老师的照片过去就能画出来像模像样的;4;0;4;9097;0.0004397053973837529
17560;倒是有点像俞敏洪。;1;0;1;9097;0.00010992634934593822
17573;拿游戏人物过过瘾都还好，千万不要传自己的照片去ai绘画[揣手];10;0;10;9097;0.0010992634934593821
17584;怎么说呢，我们老师和我们说，现在大厂已经在培养AI，就是用图来喂AI（还没毕业就要失业了[泪]）;1;2;3;9097;0.00032977904803781465
17586;其实对于画师来讲真的很伤心，感觉就像是自己辛苦创作的孩子被别人偷去然后各种拼接[泪][泪][泪]可是又无能为力;1;0;1;9097;0.00010992634934593822
17588;[哆啦A梦害怕]我真的没感觉有多好看;1;0;1;9097;0.00010992634934593822
17590;应该是不知道吧，上次有人跟我说是尸块拼接我就对ai恶心了;4;0;4;9097;0.0004397053973837529
17595;我也想说来着，今天晚上怎么突然多这么多AI;1;0;1;9097;0.00010992634934593822
17597;「AI画出来的小姐姐们简直比某音上的某些网红看起来更真实! 」這句話也太損了[笑cry][笑cry][笑cry];1;0;1;9097;0.00010992634934593822
17602;今天分享的是什么咒语，好奇！;1;0;1;9097;0.00010992634934593822
17604;欧凯，这就去关注;1;0;1;9097;0.00010992634934593822
17620;冷艳甜美帅哥 怎么会有人有这么多形容词啊[泪];1;0;1;9097;0.00010992634934593822
17622;好kiyo;1;0;1;9097;0.00010992634934593822
17625;这个上瘾[哈哈];3;0;3;9097;0.00032977904803781465
17630;我来凑凑热闹[开学季];1;1;2;9097;0.00021985269869187644
17632;来了;1;0;1;9097;0.00010992634934593822
17634;设计的好喜欢;1;0;1;9097;0.00010992634934593822
17636;嗯？？？有一张是不是凸了[doge];1;0;1;9097;0.00010992634934593822
17638;绝绝子！！！可惜赛博的皮肤好像不是胡桃的~[悲伤];1;0;1;9097;0.00010992634934593822
17640;缺少了一点灵魂霓虹灯效;1;0;1;9097;0.00010992634934593822
17703;请问生成的图片长边是多少？;2;1;3;9097;0.00032977904803781465
17706;你得用文心一格去比，图片质量会高很多;1;0;1;9097;0.00010992634934593822
17731;@无烬灯 我在通知栏看到你的评论了！但点开又没了……对，就是太碎！;1;0;1;9097;0.00010992634934593822
17733;嘿嘿嘿贴贴阿迟，冲冲冲[奋斗][奋斗][奋斗][憧憬];1;0;1;9097;0.00010992634934593822
17736;对的，不必焦虑，开心最最重要;1;0;1;9097;0.00010992634934593822
17738;414！;1;0;1;9097;0.00010992634934593822
17740;414[团圆兔];1;0;1;9097;0.00010992634934593822
17742;44;1;0;1;9097;0.00010992634934593822
17744;[抱抱]试试;1;0;1;9097;0.00010992634934593822
17746;414[鲜花];1;0;1;9097;0.00010992634934593822
17748;414！;1;0;1;9097;0.00010992634934593822
17750;414？;1;0;1;9097;0.00010992634934593822
17752;请问是用哪个软件绘画的呢？[doge][爱你];1;2;3;9097;0.00032977904803781465
17763;摸摸你！确实是这样，多想想好的方面，知足和感恩可以缓和很多负面情绪[苦涩];1;0;1;9097;0.00010992634934593822
17765;会好的～抱抱[抱抱][抱抱][抱抱];1;0;1;9097;0.00010992634934593822
17771;xs哈哈哈哈哈哈哈哈哈哈哈哈哈！;1;0;1;9097;0.00010992634934593822
17774;女孩像爸爸，光头强家的姑娘，没错了;1;4;5;9097;0.0005496317467296911
17776;光头强[交税][交税][交税];1;0;1;9097;0.00010992634934593822
17779;光头强的老婆？;1;1;2;9097;0.00021985269869187644
17786;[允悲][允悲];1;4;5;9097;0.0005496317467296911
17790;Midjourney关键词大全 链接：http://t.cn/A6CkTOmA  提取码：6666;2;2;4;9097;0.0004397053973837529
17793;我按你的视频操作，新建了一个Service，然后通过链接邀请了个新的id进来，但是刷新页面以后，打/ 出来没有image……是为什么呀？ http://t.cn/A6CgSaum;5;0;5;9097;0.0005496317467296911
17799;需要每个月支付8USD才能玩，是吧？我看好似不给钱玩不了了;4;0;4;9097;0.0004397053973837529
17804;感谢教程！！！[打call][打call]请问可以分享一下头像生成的关键词吗？;1;0;1;9097;0.00010992634934593822
17806;找不到机器人[允悲];2;0;2;9097;0.00021985269869187644
17809;请问为什么我登录Midjourney官网后点击接受邀请，每次都会弹出两个验证，每次都不能被邀请成功，这是为什么呢？;3;0;3;9097;0.00032977904803781465
17813;能做工程图纸吗;1;0;1;9097;0.00010992634934593822
17815;是不是只有苹果设备可以加入[泪];1;0;1;9097;0.00010992634934593822
17817;博主可以分享下头像生成的关键词吗，很帅气[打call];2;0;2;9097;0.00021985269869187644
17821;第一个网站打不开[允悲];1;0;1;9097;0.00010992634934593822
17846;看到了，真不错;1;0;1;9097;0.00010992634934593822
17848;可爱;1;0;1;9097;0.00010992634934593822
17856;现在AI能不能 同一张脸 同一个服饰  装饰 头发型  啥的  就是保持人不变  换其他姿势或者场景里面 ？？？;1;0;1;9097;0.00010992634934593822
17858;这就是你给我和妮妮准备的四合院吗[喵喵]@妮子只想退休;3;0;3;9097;0.00032977904803781465
17868;之前看到一个博主，说AI出来以后，那些画手都是抱团攻击，从“AI代替不了人类”等等人文视角反对AI，但是却没有一个真正去用AI，去看AI研究的论文，去了解它，全部动嘴上功夫，最终他们只会被碾过。我觉得很有道理，显然AI已经是大势所趋了，以后法规会完善，但不可能没有AI，梗着脖子不了解，只会挨打;3;0;3;9097;0.00032977904803781465
17873;[憧憬];1;0;1;9097;0.00010992634934593822
17875;你说是啥就是啥[doge];1;0;1;9097;0.00010992634934593822
17882;崔老师参加内测了？;4;0;4;9097;0.0004397053973837529
17904;但ai其实并不能帮助画师精准高效地完成表达，梵高用ai永远创作不出星月夜，因为ai生成不是脑机，他的底层逻辑说到底不是基于创作者个体本身的。使用者与作品的关系与其说是艺术家更像是甲方，这也是和以往其他绘画工具和创作方式迭代所不同的地方;13;21;34;9097;0.0037374958777618996
17919;但是ai相对于绘画而言并不能精准的表达自己的想法和情感;1;3;4;9097;0.0004397053973837529
17923;midjourney？;1;0;1;9097;0.00010992634934593822
17930;@暗de刺客 @LAS91214本人 @明天C奥@Stephen樽  @機允俊 @椒盐二狗 @百事256 @牛腩粉想睡觉 文化大垦辟;1;1;2;9097;0.00021985269869187644
17932;老了三十岁;1;1;2;9097;0.00021985269869187644
17946;🐮;2;0;2;9097;0.00021985269869187644
17949;是时候需要一个导航了，哈哈哈 www.amz123.com/ai;1;1;2;9097;0.00021985269869187644
17951;最近要学的新知识太多了[doge]眼花缭乱;1;1;2;9097;0.00021985269869187644
17957;哇，这应该无水印;1;0;1;9097;0.00010992634934593822
17960;行长收手吧，外面全是排队取钱的美国队长！;1;30;31;9097;0.003407716829724085
17982;现在ai都被扣上父权制男性主义产物的大帽子了，除了离谱和无语我也不知道该说啥(;1;0;1;9097;0.00010992634934593822
17986;他们天然对文学有一种“努努力我也可以”的盲目自信。;1;0;1;9097;0.00010992634934593822
17989;[doge]赚不到钱怎么不重要？;1;0;1;9097;0.00010992634934593822
18002;好多钱啊;5;0;5;9097;0.0005496317467296911
18008;怎么买;1;0;1;9097;0.00010992634934593822
18010;怎么买;1;0;1;9097;0.00010992634934593822
18049;这不是很合理吗，流水线明星和真正的巨星....艺术品是对人性和美的深刻理解的呈现，大多数时候其实是呈现了某种残缺，人工智能没有这种残缺美.....;1;0;1;9097;0.00010992634934593822
18051;什么什么谷效应？我也不喜欢[委屈];1;0;1;9097;0.00010992634934593822
18057;他们自己都在游戏里玩AI的梗了[哼];12;4;16;9097;0.0017588215895350116
18071;确定不是在嘲讽画77六星卡的画师水平跟ai一样？;3;1;4;9097;0.0004397053973837529
18078;最近这个话题太火了;9;23;32;9097;0.003517643179070023
18088;大概看了一下，人确实是很难被取代的[doge];10;22;32;9097;0.003517643179070023
18099;是啊，人是一个人，不是一个工具[泪];6;15;21;9097;0.0023084533362647025
18106;人工智能也是被人类发明创造出来的;1;1;2;9097;0.00021985269869187644
18108;人类是有感情的，但是人工智能是没有的！;1;1;2;9097;0.00021985269869187644
18110;博主是一个明白人，写得很有道理;1;3;4;9097;0.0004397053973837529
18119;我认为人工智能不会取代人类的;1;3;4;9097;0.0004397053973837529
18146;求原图;1;0;1;9097;0.00010992634934593822
18148;太牛逼了[good][good][good];1;1;2;9097;0.00021985269869187644
18150;俊宝太牛了[泪];1;2;3;9097;0.00032977904803781465
18154;wallpaper上咋搜啊，有吗，想做壁纸[色][色][色];2;1;3;9097;0.00032977904803781465
18182;AI现在也能生成视频了，还能3D建模，实在不行黄导拿AI做个勇冒三吧[二哈];2;12;14;9097;0.001538968890843135
18201;老公你…什么专业的？;1;0;1;9097;0.00010992634934593822
18215;仿佛一幅写意的画，飘逸洒脱，品起来，让人回味无穷 http://t.cn/A6Ce6GAB;5;5;10;9097;0.0010992634934593821
18221;从秀款设计、项目理念到秀场观感，让人很难不心动啊！[打call] http://t.cn/A6CeijQ0;4;3;7;9097;0.0007694844454215675
18226;简直太让我心动了 http://t.cn/A6C1mADB;1;1;2;9097;0.00021985269869187644
18228;设计非常令人惊喜，太好看了[送花花] http://t.cn/A6CeSgbG;2;0;2;9097;0.00021985269869187644
18232;服装设计的都好精美，很难不喜欢啊[哇] http://t.cn/A6CeSv2I;2;1;3;9097;0.00032977904803781465
18235;发生什么大地震了？？我错过了什么;4;7;11;9097;0.0012091898428053204
18240;什么你还接了新设，接我的（伸手）;3;2;5;9097;0.0005496317467296911
18244;哈哈哈哈哈 原来只是个巧合 意思他不应激的话 也不会被扒这么惨;3;3;6;9097;0.0006595580960756293
18260;小时候我抓周抓到了一只小狗 ，家人以为我长大后是一个训犬师 ，或者是一个兽医 ，没想到最后我成为了太太的舔狗[doge];3;3;6;9097;0.0006595580960756293
18264;棒棒[开学季][开学季][开学季]保存了;1;1;2;9097;0.00021985269869187644
18266;好可爱啊;1;0;1;9097;0.00010992634934593822
18269;满满的[允悲][允悲][允悲];1;0;1;9097;0.00010992634934593822
18275;[赞];1;1;2;9097;0.00021985269869187644
18277;谁信造谣的我笑谁;1;1;2;9097;0.00021985269869187644
18279;你仔细看看，造谣的人都是关注超话一天，主页还全是（）相关[嘘][嘘][嘘];1;0;1;9097;0.00010992634934593822
18289;哎呀，我怎么是二三四楼，我不应该是一二三吗;2;2;4;9097;0.0004397053973837529
18296;请问什么是AI灯光舞台效果？[作揖];1;0;1;9097;0.00010992634934593822
18303;"我觉得尸块说法有点道理。 用《狂人日记》举例，吃人在一般语境下就是吃掉人类，但在文中语境下表达的意思显然不是。 这个差别来自作者的主观处理，而如果把吃人这两个字拆出来放到别的文里。 表达意思变了，可以说吃人这从《狂人日记》中拆出来的两个字""死了""，因为与作者表达原来要的意思南辕北辙。";4;3;7;9097;0.0007694844454215675
18321;ai打光好吓人[微笑]像恐怖片里的;1;5;6;9097;0.0006595580960756293
18337;文案和美工虽然做一个项目，但是文案的一些想法不能加在美术身上啊[允悲];1;5;6;9097;0.0006595580960756293
18341;明明ai有很多好的辅助方向偏偏现在（）;1;150;151;9097;0.01659887875123667
18343;已经有人用ai生成的说是自己的原创作品了[微笑];1;67;68;9097;0.007474991755523799
18345;前几天看到我喜欢的明星已经开始用ai发微博了，很难讲那种感觉……就像前一秒还在感动下一秒脑子里就被泼进了一桶冷水一样;4;38;42;9097;0.004616906672529405
18351;你觉得学翻译的人当初是怎么想的;2;25;27;9097;0.002968011432340332
18354;等AI能完全自主创作一部漫画作品了再来担心AI写作会取代写手吧。现在AI写的东西可以生成一些看起来好像不错的简短段落，或者是完形填空写有固定格式的定型文书，但你要它写一个篇幅稍微长一些的小说，结果可能会很克……（这个是我自己尝试的结果，前面涂色部分是我提供的开头，后面是续写） http://t.cn/A6Ce20Lx;1;16;17;9097;0.0018687479388809498
18356;各领域的Ai创作最大的问题是随之而来的失业潮【正在进行时】，兴趣创作者的情绪是最没必要关心的问题。如果你觉得自己在生产的是内容同质化的小说，那确实应该多担心担心ai了;3;8;11;9097;0.0012091898428053204
18370;神奇的是ai画我一眼就能辨别出来，就像我小学时辨别盗版查理九世[doge];1;0;1;9097;0.00010992634934593822
18372;亲爱的，ai写文早于ai绘画，而且是早很多，这你都不知道么？[笑cry]最典型的，老福特搞过几次生成cp文段的活动，你以为那些段子是哪来的？;1;1;2;9097;0.00021985269869187644
18374;翻译不早就是这样了吗？那时候可没人义愤填膺。现在怎么都跟活不了了似的？不至于，真的不至于。;5;9;14;9097;0.001538968890843135
18381;其实写作ai早就有了，国外的游戏大厂基本都有开发而且实用[允悲]定好逻辑后剧情安排和人物几乎不会出现ooc[允悲]现在就看网文平台什么时候开发网文ai，开发出来大部分网文写手只有换赛道了，如果不以恰饭为目的的话其实没啥影响的;3;12;15;9097;0.0016488952401890733
18385;安啦[允悲]同人的纯情感类还稍微有点危险，毕竟有现成人设，也不需要太多逻辑。但如果ai能独立创作人设丰满逻辑合理情感充沛的小说的话，该操心的也就不是写文这点事了[笑cry];1;11;12;9097;0.0013191161921512586
18388;看到不少人反对或者嘲笑ai写文还停留在因为ai写的玩意烂，可是只要他们愿意迭代愿意喂数据我感觉ai能写出几十万字流畅小说就是迟早的事情。到时候呢？其实我觉得如果没有炼私炉和攻击正常创作的创作者那些出生的话，ai本来也不会那么面目可憎[摊手]还得是人;1;18;19;9097;0.002088600637572826
18408;尸体拼接术[悲伤];1;0;1;9097;0.00010992634934593822
18411;好真啊 …真得让人害怕;1;1;2;9097;0.00021985269869187644
18427;你的例子都是画师必须从2b变成2c，我现在也是，做了7年2b了，今年彻底断了，一点外包都没了，转向自己搞2c尝试一下;1;1;2;9097;0.00021985269869187644
18446;厉害了[赞][鲜花];1;0;1;9097;0.00010992634934593822
18448;京哥就是富有且慷慨[赞][泪][赞];1;4;5;9097;0.0005496317467296911
18450;摄影师太会了，导演也很会，专门整个白衬衫侧身。[泪];1;2;3;9097;0.00032977904803781465
18452;诶呀[抓狂]让我埋;1;0;1;9097;0.00010992634934593822
18454;哇，那么深的沟.jpg;1;2;3;9097;0.00032977904803781465
18456;这么，，，鼻血[doge];1;0;1;9097;0.00010992634934593822
18458;辟谷也很翘[老师好];1;0;1;9097;0.00010992634934593822
18461;好厉害的样子[哇];1;0;1;9097;0.00010992634934593822
18471;细节很难把控，免费次数用完了，请续费。 http://t.cn/A6Cejx0z //@我是张大头:握草 可以给我画一个嘛 最后一个好喜欢;1;2;3;9097;0.00032977904803781465
18474;来个教程，我也想要[泪];1;1;2;9097;0.00021985269869187644
18514;我恨ai[泪];1;0;1;9097;0.00010992634934593822
18518;作为观众，我觉得ai对绘画的冲击已经到点了;2;2;4;9097;0.0004397053973837529
18521;生活中能画成这样的，真的，不多。。;1;2;3;9097;0.00032977904803781465
18524;天呐！这些都是chatgpt画出来的！？？？;1;0;1;9097;0.00010992634934593822
18526;感觉给ai喂了很多皮特道格的画;1;0;1;9097;0.00010992634934593822
18534;我也是[微笑][微笑];1;1;2;9097;0.00021985269869187644
18536;为啥;1;0;1;9097;0.00010992634934593822
18538;真的好看到这种程度吗[泪];3;0;3;9097;0.00032977904803781465
18542;请问是买的哪家工具用的chatGPT 啊，我换了两家都显示access denied[苦涩];4;0;4;9097;0.0004397053973837529
18550;佬教教;1;0;1;9097;0.00010992634934593822
18557;很形象～[太开心];1;0;1;9097;0.00010992634934593822
18559;摸摸;1;0;1;9097;0.00010992634934593822
18576;啊这谁啊这是;6;0;6;9097;0.0006595580960756293
18583;怎么上大号;1;0;1;9097;0.00010992634934593822
18620;特别特别对，还是得看人的接受程度吧[傻眼];1;0;1;9097;0.00010992634934593822
18626;感觉你压力很大，抱抱;1;0;1;9097;0.00010992634934593822
18628;kill them，让他们永远闭嘴;1;0;1;9097;0.00010992634934593822
18636;鹅我来啦[送花花]码住;8;0;8;9097;0.0008794107947675058
18645;好耶;8;0;8;9097;0.0008794107947675058
18677;@啊啊啊阿袁啊;1;0;1;9097;0.00010992634934593822
18685;图1像你;1;0;1;9097;0.00010992634934593822
18687;怎么搞的;3;0;3;9097;0.00032977904803781465
18696;画画的已经失业;1;1;2;9097;0.00021985269869187644
18699;把画手气走了谁来画神卡，本来心情挺好的，全靠小警察张口就来，觉得自己有道理干嘛删博呢[太开心];12;30;42;9097;0.004616906672529405
18712;画师辛苦画出来的，被她朋友空口捶AI画的[费解][费解]没证据别乱鉴[开学季];1;3;4;9097;0.0004397053973837529
18714;http://t.cn/A6CD9HTv既然道歉了，以后谨言慎行;1;0;1;9097;0.00010992634934593822
18716;哪位？有主页吗;2;0;2;9097;0.00021985269869187644
18719;什么证据都没有说句我和我朋友都觉得是ai，，，多膈应啊[允悲];1;12;13;9097;0.0014290425414971969
18744;😯AI已进化成这样啦？;1;0;1;9097;0.00010992634934593822
18757;6 http://t.cn/A6CD65Zg;1;6;7;9097;0.0007694844454215675
18780;@世风先生 有没有类似的宗教文化和赛博朋克结合的文or动漫or影视作品推荐;1;0;1;9097;0.00010992634934593822
18790;又想看盗墓迷城了[苦涩][苦涩];1;0;1;9097;0.00010992634934593822
18799;@cyycyyccc;1;0;1;9097;0.00010992634934593822
18806;@斌炳狐 [哆啦A梦吃惊];1;0;1;9097;0.00010992634934593822
18812;@爱恰柠檬的沙雕网友;1;0;1;9097;0.00010992634934593822
18819;ai太厉害了吧，超可爱！;1;1;2;9097;0.00021985269869187644
18823;猎人身上的刺就是脑子姐的雕塑作品！;1;0;1;9097;0.00010992634934593822
18825;是的e神！我们喜欢画画！[哇];2;2;4;9097;0.0004397053973837529
18828;打击绘画热情什么的不存在的，ai最大的问题是对美术市场的打击，以前要雇十个人现在只要两个，以前要画一万的图以后只要两千，新人看不到未来，普通画师吃不上饭，未来职业美术的门槛其实更高了，不仅要求技术还要求画师设计师一路走来不能因为钱的问题放弃，穷人普通人很难在这个行业立足，除非是天才;2;7;9;9097;0.000989337144113444
18831;[交税]进入农业机械时代之后 做学会使用机械的农民 虽然可以自动播种 自动收割 但是还是需要本人下田的  ;1;4;5;9097;0.0005496317467296911
18833;如果AI如果为他白嫖的素材库付费，特别是炼模型风格的素材库，也不会有这么多人讨厌AI了……现在就像个强盗;1;13;14;9097;0.001538968890843135
18835;目前国内国外的画师，反对AI也不是反对技术本身，主要反对的是侵犯版权的问题。如果没有版权问题，大家当然愿意看见技术进步，我想没人会反对的。;1;28;29;9097;0.0031878641310322084
18837;之前听到过这样一种说法：我们与AI最大的不同，就是因为我们不够完美;1;0;1;9097;0.00010992634934593822
18839;现在无论创作了什么内容，都会很快被喂进ai，没有授权（包括之前用于训练ai的图）。如果您的漫画发布，很可能一周内就会被喂进ai，量产很多类似风格的图片，而这种侵权行为没有任何成本。大众并没有办法分辨这些发布时间相差不到一周的作品谁才是原创。这种0成本的洗稿会杀死创作。;2;3;5;9097;0.0005496317467296911
18842;现在的问题是AI的图不是出来就能用的，修改需要更多精力更多时间，且与正常绘画对比来说，修改AI画作是件毫无成就感的过程，AI目前是对刚入门者热情的消磨，也很难让使用者看到自我进步的空间。;7;46;53;9097;0.005826096515334726
18854;结果还是对房间里的大象闭口不言。。。;1;3;4;9097;0.0004397053973837529
18857;[失望] http://t.cn/A6CDCYzT;1;4;5;9097;0.0005496317467296911
18896;@奢华版鹌鹑;1;0;1;9097;0.00010992634934593822
18906;大猫，你天天玩AI作画啊[doge];1;0;1;9097;0.00010992634934593822
18930;挖坑埋自己是吧;1;169;170;9097;0.0186874793888095
18932;想死，但感觉该死的另有其人.jpg;2;126;128;9097;0.014070572716280092
18935;现代万人坑🕳;1;18;19;9097;0.002088600637572826
18937;我们公司也在开发ai。。从原画部门也拉走就两三个人加入……每天感觉都在焦虑的梦魇里循环往复……不知道明天自己能不能还在画画，除了画画自己又能去做什么来活下去呢？;1;31;32;9097;0.003517643179070023
18939;这个问题怎么解，别只是提出问题呀。谁都知道问题、;6;11;17;9097;0.0018687479388809498
18946;行测申论看起来吧，到时候考不上编，起码也能考个社工，一年也有个十万出头，别等到大部队劝退都来了，那连环卫合同工都够呛;1;5;6;9097;0.0006595580960756293
18948;以后是不是画家产出画风，ai批量生产。[吃瓜][吃瓜];1;2;3;9097;0.00032977904803781465
18950;自己搓麻绳吊死自己;1;19;20;9097;0.0021985269869187643
18952;给自己挖坟[允悲]，什么电子祭品;1;7;8;9097;0.0008794107947675058
18954;能自己研发AI软件的寥寥无几吧，需要天才程序员;1;1;2;9097;0.00021985269869187644
18956;找资源是不是侵权了;1;24;25;9097;0.0027481587336484555
18992;创作失败在哪里退还电量;3;2;5;9097;0.0005496317467296911
18997;参考图相似度，选的6，对话框里输入的文字还没搞明白，写了好些个，出来的图啊，惨不忍睹，直接退出小程序，💔 中[裂开][苦涩];7;0;7;9097;0.0007694844454215675
19005;周一愉快！;1;0;1;9097;0.00010992634934593822
19007;路过……;1;0;1;9097;0.00010992634934593822
19015;来咯[打call];1;1;2;9097;0.00021985269869187644
19017;来了来了;1;0;1;9097;0.00010992634934593822
19019;加俺一个[赢牛奶];2;0;2;9097;0.00021985269869187644
19022;虽然很想加入，但是手真的差，我等着吃粮了[抱一抱];2;0;2;9097;0.00021985269869187644
19025;还加人吗[送花花];1;0;1;9097;0.00010992634934593822
19027;来了[阴险];1;0;1;9097;0.00010992634934593822
19029;宝剪视频可以吗[送花花];1;0;1;9097;0.00010992634934593822
19031;问问还要人吗！[送花花];1;0;1;9097;0.00010992634934593822
19033;问问文可以吗[跪了];1;0;1;9097;0.00010992634934593822
19035;探头。来啦来啦，可以参加嘛ww;1;0;1;9097;0.00010992634934593822
19041;如果我的私生娃能20号之前生下来我就参加[憧憬];2;0;2;9097;0.00021985269869187644
19044;菜鸡探头，手书做了一小半，贼烂但想试试[doge];1;0;1;9097;0.00010992634934593822
19046;破烂的菜鸡探头，好想试一试;1;0;1;9097;0.00010992634934593822
19048;写文可以吗，但是可能小学鸡文笔[泪];1;0;1;9097;0.00010992634934593822
19050;来了，请问微信有没有啊！;1;0;1;9097;0.00010992634934593822
19052;[打call]来了来了，大家都来给殿下过生日嘿嘿嘿;1;0;1;9097;0.00010992634934593822
19054;俺来了;1;0;1;9097;0.00010992634934593822
19056;是直接进群吗;1;0;1;9097;0.00010992634934593822
19064;是这个嘛（）;5;0;5;9097;0.0005496317467296911
19070;有原图吗;1;0;1;9097;0.00010992634934593822
19074;百度搜索那个不是落后人家多少年的问题，那和人家基本是两个东西[doge];1;22;23;9097;0.002528306034956579
19076;为啥大家都认为科学技术啊品牌啊这些跟跑步一样，只有先后之分。耐克鞋和可口可乐也不是什么高科技啊，五年十年二十年以后就会被追上吗;2;5;7;9097;0.0007694844454215675
19080;GPT是微软的;1;0;1;9097;0.00010992634934593822
19099;好看好看~阿林太厉害啦~;1;1;2;9097;0.00021985269869187644
19105;[嘻嘻];1;0;1;9097;0.00010992634934593822
19107;哈哈 讲真 我自己随便做做 感觉都比外面好吃很多很多。还不说预制菜，外面的佐料+原材料~~除非偏高档的餐厅 才舍得少放乱七八糟的佐料和材料好一些，坐标长沙~~;2;0;2;9097;0.00021985269869187644
19115;你这个博士白读了。人工智能的底层是数学。只要没有中国人学不会的数学。就没有中国学不会的人工智能。年底之前中国的人工智能产品会有相当好的体验。;4;10;14;9097;0.001538968890843135
19120;不敢苟同。对中国企业而言，AI 真正的瓶颈在算力，也就是Nvdia 高端芯片的限制出口。算法和人才不是大问题。;8;2;10;9097;0.0010992634934593821
19139;拿着西方为了自抬身价真假参半的历史，居然还朗朗上口。 西方那套东西是怎么来的，你知道吗？ 这个绕着那个转，那个绕着这个转？！你不知道运动是相对的么？在一片茫茫宇宙中，谁绕着谁转，那还不是一个参考系的事情。为了达到一定目的，谁绕着谁，按需而定。;13;0;13;9097;0.0014290425414971969
19174;虽然但是，最近的很多文章都在讨论如何不会被ai取代，或者ai到底不能做什么，看多了之后得到的结论就是绝大多数都会被代替，而现在它还不行的，也未必将来学不会。与技术共存，听起来是能力问题，但好像是成本问题，写字楼里的分析师们会被代替，我家门口摊煎饼果子的阿姨好像不会。;8;69;77;9097;0.008464328899637243
19184;他不可能写出阿紫挖出自己眼睛，跟着姐夫走了的文章。。;1;32;33;9097;0.0036275695284159614
19187;但是AI还在进化啊……;3;7;10;9097;0.0010992634934593821
19191;不愧是作家;2;10;12;9097;0.0013191161921512586
19194;我反而會樂見ai 的發展，因為就技術 文化 藝術 科技等等方面來看 ，人類世界彷彿已經陷入了創造的疲怠期和瓶頸期 ，以及一定程度上的審美和素養降級。一些外力的介入說不定可以促使多方面的進步和改革，我始終覺得扼殺創造性的並不是強勁的對手，而是惰性和沒有對手。;4;4;8;9097;0.0008794107947675058
19203;人类最有价值的地方，大概就是每个人都在经历的不同的人生，这里面不止悲欢离合还有偷抢拐骗，每个人都生活得好累好想死，但这都是一个个鲜活的人生，人类会自相残杀，也需要彼此共情互相安慰，所以以此为基础的艺术才能打动人心，但ai只能做到形似。;1;1;2;9097;0.00021985269869187644
19253;自动交换机夺走接线员的工作时我没出生，网络夺走棋牌室的工作时我还有点兴奋，AI夺走客服的工作时我漠不关心，AI夺走画师的工作时我惊慌失措[二哈];1;0;1;9097;0.00010992634934593822
19257;第8是不平整的吗？还是说视觉…房子陷进去的感觉;1;0;1;9097;0.00010992634934593822
19259;展太深奥 要人讲 小艺[喵喵];1;0;1;9097;0.00010992634934593822
19292;@阴阳师手游客户服务 进来看看，已经开始无差别造谣你了，怎么办[二哈];2;26;28;9097;0.00307793778168627
19295;绘画有点小瑕疵倒没什么，主要不看建模吗？建模又没有什么问题;1;19;20;9097;0.0021985269869187643
19305;6的，有没有一种可能那个后面的黑色根本就不是头发而是画上的，前面更深的黑色 和 画上的黑色明显就是一个遮挡的感觉 无脑鉴ai我㊗️您清明忙一天[哇];3;9;12;9097;0.0013191161921512586
19355;可以直接做漫画吗？;2;0;2;9097;0.00021985269869187644
19358;这是你提的词？;1;0;1;9097;0.00010992634934593822
19360;请问这是什么ai呀;2;0;2;9097;0.00021985269869187644
19367;每张人脸都有一种怪异的相似;1;0;1;9097;0.00010992634934593822
19369;可以当成快速收集资料整合机器;1;0;1;9097;0.00010992634934593822
19371;这个图应该不是用描的，是用了一款ai插图分层的软件，AI图可以根据色块分层，看了一下那个人的截图的分层也都只是色块[吃瓜][吃瓜][吃瓜][吃瓜];5;73;78;9097;0.00857425524898318
19377;又是小红书，小红书已经是ai小鬼的领地了，绘圈小孩的自娱自乐罢了;1;69;70;9097;0.007694844454215676
19381;那个倒三角形的发丝[苦涩]我会画出来这种东西;1;0;1;9097;0.00010992634934593822
19383;发发水水~~[心];1;1;2;9097;0.00021985269869187644
19385;暖暖❤窝;1;1;2;9097;0.00021985269869187644
19387;奶子再大点;1;2;3;9097;0.00032977904803781465
19389;子棋，arb现价1.15你觉得能接吗，或者有什么别的好的标的值得入手;2;0;2;9097;0.00021985269869187644
19419;[挖鼻] http://t.cn/A6Ckpk65;3;96;99;9097;0.010882708585247884
19425;窃以为没用，只会进一步造成恐慌情绪以及恐慌之下传谣的动力;1;0;1;9097;0.00010992634934593822
19428;本石家庄人，表示这一看就不是石家庄哈哈哈[doge];1;0;1;9097;0.00010992634934593822
19431;啊，你居然没被踢出群[允悲];1;6;7;9097;0.0007694844454215675
19446;最近经常因为这个事情焦虑来着[泪];1;1;2;9097;0.00021985269869187644
19448;转型做自己的内容吧（）;5;1;6;9097;0.0006595580960756293
19454;提升自身才不会被淘汰，AI解决了版权问题后也还是人使用的一个更强大的工具而已，想法从产生到实现效率会被大大提升，将来创作的方向可能更专注于突破性的创造力。;1;1;2;9097;0.00021985269869187644
19456;老师教我画画[色];1;1;2;9097;0.00021985269869187644
19458;[爱你]你可以练自己画的画吖，然后提高自己的效率，好多画手已经练自己的画了;1;0;1;9097;0.00010992634934593822
19460;加油[团圆兔];1;0;1;9097;0.00010992634934593822
19462;太太加油[舔屏];1;0;1;9097;0.00010992634934593822
19623;下班了可以带几只鱼回去;1;0;1;9097;0.00010992634934593822
19633;真我的嘴替 我能复制到朋友圈不;1;0;1;9097;0.00010992634934593822
19641;又试了一下达利，虽然我知道他本身就很潮但……;2;9;11;9097;0.0012091898428053204
19644;哈哈哈哈哈，达芬奇感觉中了彩票;1;5;6;9097;0.0006595580960756293
19646;MJ 已经可以渲染真实人像了吗？;2;2;4;9097;0.0004397053973837529
19649;哈哈，艺术家们极不情愿地重生在了新的网络世界;1;7;8;9097;0.0008794107947675058
19651;OOTD是什么的缩写;2;0;2;9097;0.00021985269869187644
19654;人类助理这个词用的好[2023];1;2;3;9097;0.00032977904803781465
19656;图4不是野人托蒙德么[喵喵];1;0;1;9097;0.00010992634934593822
19692;[并不简单]顾清寒;1;1;2;9097;0.00021985269869187644
19701;这个是什么软件呀;5;0;5;9097;0.0005496317467296911
19719;@SweetGin;1;0;1;9097;0.00010992634934593822
19722;其实有一点，正常情况人戴十字架还是会戴自己脖子上然后从衣服里面拿出来吧？;2;8;10;9097;0.0010992634934593821
19727;discord验证烦死了，到现在都是一直用的网页版[裂开];8;30;38;9097;0.004177201275145652
19737;能不能标注一下，这人不是midjourney公司员工，只是他听说的消息，不是官方消息;2;2;4;9097;0.0004397053973837529
19741;discord简直反人类，被母公司绑架，强行接入一个难用的ui;2;7;9;9097;0.000989337144113444
19746;我早早买了288刀的年卡，然后被用sd的兄弟嘲笑，终于能扬眉吐气了[打call];1;2;3;9097;0.00032977904803781465
19764;所以还有chatGPT的注册教程么[泪];3;0;3;9097;0.00032977904803781465
19782;皮肤还是太光滑了，不真实;18;11;29;9097;0.0031878641310322084
19802;画个蜈蚣试试[doge];2;2;4;9097;0.0004397053973837529
19813;👂;1;0;1;9097;0.00010992634934593822
19815;嘎哈哈哈哈哈哈哈哈哈哈哈哈哈哈哈哈哈哈哈哈哈哈哈哈哈哈，说得好！！;1;0;1;9097;0.00010992634934593822
19818;是哪个软件呢？;1;0;1;9097;0.00010992634934593822
19821;风光摄影师作为艺术和爱好范畴，还能继续存在下去。但作为商业途径也就是想靠拍风光片卖图库挣钱的话，钱途很难了。;3;19;22;9097;0.0024183796856106408
19825;托哥牛逼，荷赛是你吗[举手];1;1;2;9097;0.00021985269869187644
19827;恭喜获奖;1;0;1;9097;0.00010992634934593822
19836;AI把除了顶级摄影师以外的摄影师替代了。创造不行，模仿可以的;1;0;1;9097;0.00010992634934593822
19865;ai好牛啊[哈哈];1;0;1;9097;0.00010992634934593822
19867;哈哈哈哈哈[允悲]以后不可以相信图片了，好在ai还是不会用筷子;1;0;1;9097;0.00010992634934593822
19869;好吓人，以后肖像权没了🙊;1;0;1;9097;0.00010992634934593822
19882;点了;1;0;1;9097;0.00010992634934593822
19885;美死啦[爱你][爱你][爱你]大林子超厉害~[打call];1;0;1;9097;0.00010992634934593822
19887;哇！！！太好看了！！！阿林yyds;1;0;1;9097;0.00010992634934593822
19889;mj不是得输英文吗？诗句是怎么输进去的呀？;1;0;1;9097;0.00010992634934593822
19892;Discord里生成的好慢[悲伤];1;0;1;9097;0.00010992634934593822
19895;请问哪里看;2;0;2;9097;0.00021985269869187644
19898;码一下;1;0;1;9097;0.00010992634934593822
19901;好像是拍x光的感觉！;2;1;3;9097;0.00032977904803781465
19908;是的，粉圈对这部分可能不太关注，但抵制ai是大势所趋且理所应当，这种侵权行为要不得[团圆兔];1;6;7;9097;0.0007694844454215675
19910;自己的照片偶像的照片都不要丢进去…丢进去了就会成为素材;1;14;15;9097;0.0016488952401890733
19921;热情不知道，但是影响我收入了;1;2;3;9097;0.00032977904803781465
19923;我比较怕它影响蓝铅笔;1;0;1;9097;0.00010992634934593822
19926;影响并不大，毕竟AI的手画出来能看的不多[馋嘴];2;0;2;9097;0.00021985269869187644
19930;真的很好笑。。;1;0;1;9097;0.00010992634934593822
19936;妈的破大防，给我旁边的姐做这个测试，她：“都能想出来啊，因为要画画的啊”[老师好];3;0;3;9097;0.00032977904803781465
19941;项目组的两位原画小姐姐已经通过喂图，整理prompt，AI出图，筛改成品这个流程，目前能高效地产出了。 至于原来的外包和其他原画同事。。。[doge];1;2;3;9097;0.00032977904803781465
19951;有这个算力，估计超级抗体早做出来了 但是就是不上市。咱也不知道这帮人究竟在干嘛，看不懂。;5;0;5;9097;0.0005496317467296911
19959;那可不，都是喂出来的[doge]，有些我都能看出来喂的哪个老师[doge];1;0;1;9097;0.00010992634934593822
19962;其实就像咖啡行业，设备越来越智能，完全可以做无人店，但是咖啡馆并不只是提供咖啡因啊。;1;16;17;9097;0.0018687479388809498
19964;棒啊这感觉;1;5;6;9097;0.0006595580960756293
19966;突然觉得，无力可以去画漫改小说。不知道无力感不感兴趣？;2;1;3;9097;0.00032977904803781465
19969;特别喜欢P12，我记得这张图很早了，最近在学Maya，特别痛苦[泪][泪][泪].;2;1;3;9097;0.00032977904803781465
19972;真的好喜欢好喜欢@孙无力 大触的画风;1;0;1;9097;0.00010992634934593822
19974;千个哈姆雷特的感觉，个人见解和偏好不一样，我喜欢你给我的独属于你自己的感觉[心];1;4;5;9097;0.0005496317467296911
19976;真的非常喜欢您的画风，ai怎么可能代替呢，不喜欢没有情感注入的画面;1;0;1;9097;0.00010992634934593822
19978;好棒啊 孙醉[doge];1;0;1;9097;0.00010992634934593822
19980;想问问孙老师用的是ps 还是procreate  这个墨色笔刷看起来挺棒;1;0;1;9097;0.00010992634934593822
19982;喜欢纷纷扰扰的背景，会有很多小彩蛋，好像在挖宝藏[抱一抱];2;2;4;9097;0.0004397053973837529
19985;但我恰恰就喜欢你画的背景，这就是你的风格;1;3;4;9097;0.0004397053973837529
20044;博主2023年之后发的图都是ai了;2;0;2;9097;0.00021985269869187644
20063;求分享[笑哈哈][笑哈哈];1;0;1;9097;0.00010992634934593822
20072;特别有趣，不知道自己会变成什么样;1;1;2;9097;0.00021985269869187644
20075;我ai绘画出来是个男的;1;1;2;9097;0.00021985269869187644
20095;图2和3可以做头像咯，真好看[嘻嘻];1;0;1;9097;0.00010992634934593822
20098;他自己静静走开就行了。干嘛说话没礼貌。[允悲];1;1;2;9097;0.00021985269869187644
20101;大潮已经到来，扭头就跑总不是办法，不如踏浪而行吧。;1;2;3;9097;0.00032977904803781465
20107;渠道为王，你有渠道吗[笑cry]？这个美食方面你之前有接触过吗？副业还是找跟自己技能擅长点相关的或者说之前有点准备基础的东西好，如果还没有想好，为了解决近在眼前的困难可以放下身段，端盘子都可以，要先养活自己，副业可以慢慢想，打算。（纯个人意见）;1;1;2;9097;0.00021985269869187644
20109;@屠龙的胭脂井 谢谢友友整理呀 帮你圈;1;0;1;9097;0.00010992634934593822
20113;[doge]抽不中就自己买;2;0;2;9097;0.00021985269869187644
20191;虽然这个是图片，但是看起来很好吃，炫我嘴里;1;1;2;9097;0.00021985269869187644
20193;咱就说这看着食欲就直接上来了，拒绝不了;1;2;3;9097;0.00032977904803781465
20195;现在AI绘画制作都已经这么内卷了;1;2;3;9097;0.00032977904803781465
20203;Al运用越来越广了啊;2;2;4;9097;0.0004397053973837529
20206;没有吧，连AI都这么神奇吗？[抱一抱];1;2;3;9097;0.00032977904803781465
20208;每一个都如此诱人!哪一个都想吃[笑cry];1;1;2;9097;0.00021985269869187644
20212;顶起，对这样的东西就是无法抵抗[赞啊];1;1;2;9097;0.00021985269869187644
20216;真的太强了吧;2;5;7;9097;0.0007694844454215675
20219;真的分辨不出来;3;6;9;9097;0.000989337144113444
20253;被机器取代的焦虑，未来只会更多，生产力那一套我已经不信了;1;0;1;9097;0.00010992634934593822
20255;很克苏鲁，很不错，加油！;1;0;1;9097;0.00010992634934593822
20257;图三的只有一张里的手出破绽…技术问题看来基本解决了;1;0;1;9097;0.00010992634934593822
20278;或许是想说新动画的画风和光污染不如老版吗[笑cry];1;106;107;9097;0.01176211938001539
20283;我的天clamp的画风还不满意吗，还把原作者替了谁给他们想剧情啊，拿起碗吃饭，碗都不放下就骂娘了？？？;1;234;235;9097;0.025832692096295483
20289;第二张像二郎神[哈哈];1;0;1;9097;0.00010992634934593822
20291;好好看[爱你][爱你][爱你][爱你][爱你];1;0;1;9097;0.00010992634934593822
20294;感觉后两张很绝;2;0;2;9097;0.00021985269869187644
20299;也不对，弗兰肯斯坦至少还有自己的想法（一定程度）;1;0;1;9097;0.00010992634934593822
20301;一些赛博弗兰肯斯坦;1;0;1;9097;0.00010992634934593822
20305;感觉像是[思考];2;0;2;9097;0.00021985269869187644
20310;然后面试者再用GPT4回答问题，完成面试循环;1;0;1;9097;0.00010992634934593822
20312;真的吗吗，我现在找glow绘画，画得好好看[泪];1;0;1;9097;0.00010992634934593822
20314;啊啊啊啊我也是今天发现的，养胃了;1;0;1;9097;0.00010992634934593822
20316;还老给我推ai照片，这个世界可以不需要人类了[攤手];1;0;1;9097;0.00010992634934593822
20319;粉丝管这么宽，你们努努力，以后当老板，管理人;1;1;2;9097;0.00021985269869187644
20321;我觉得你可以把王姐画成古风的，华丽唯美的，小清新的，这些风格，还是不要把王姐画成这种风格，更容易被一些有颜色的网站盗用作为广告图，会被路人误解，你懂我意思吗？;7;4;11;9097;0.0012091898428053204
20329;求你别画王心凌了[求饶];6;1;7;9097;0.0007694844454215675
20336;坐等管理把你这个帖子删除;3;1;4;9097;0.0004397053973837529
20341;如果说博主本人是画游戏美女这种类型的，那你可以尽量考虑把王姐画得保守点，可以是铠甲风格，机动战甲风，古装女侠风，暗黑女王，雅典娜等，这样又有视觉美感，又能被年轻人喜欢;1;3;4;9097;0.0004397053973837529
20351;骂得好！[阴险][阴险][阴险];1;1;2;9097;0.00021985269869187644
20353;有几张好不伦不类……;1;0;1;9097;0.00010992634934593822
20402;？第一眼以为你又在复制粘贴什么段子;3;0;3;9097;0.00032977904803781465
20407;链接呢链接呢;1;2;3;9097;0.00032977904803781465
20414;挺好的 就是美女的胸长得有点奇怪;1;1;2;9097;0.00021985269869187644
20416;想起小说秦吏最后一章[允悲][允悲][允悲];1;0;1;9097;0.00010992634934593822
20427;想请问一下博主，联网的bingGPT可以作为知识性搜索引擎使用吗？;2;0;2;9097;0.00021985269869187644
20457;恭喜喵崽本月kpi达标;1;0;1;9097;0.00010992634934593822
20462;请问可以求一下无水印的图当壁纸吗？如果不可以也没关系;1;0;1;9097;0.00010992634934593822
20467;好棒呀！俺也要学！;1;0;1;9097;0.00010992634934593822
20483;是按月收费吗...;1;0;1;9097;0.00010992634934593822
20487;姐妹真的好有才华;1;0;1;9097;0.00010992634934593822
20489;好可愛[打call][心];1;0;1;9097;0.00010992634934593822
20500;这是什么软件呀？;2;1;3;9097;0.00032977904803781465
20508;你好，我们在制作了指路标，为各位读者指路各位老师们的跑路方向，目前收录了200位老师的信息，您可以来看看有没有你家大大[打call]指路标您可以在lof上搜索：lof守望者共创计划浏览，也可以在lofter贴吧中浏览，QQ频道：老坟头跑路基地中也有存档[doge];1;0;1;9097;0.00010992634934593822
20517;明明很切實很難過但笑了[笑cry];1;0;1;9097;0.00010992634934593822
20520;AI绘画接龙 / 基于第二张图 / 关键词：黑丝 （评论记得尽量多的描述） http://t.cn/A6NhUcCG;3;0;3;9097;0.00032977904803781465
20524;AI绘画接龙 / 基于第二张图 / 关键词：金丝眼镜 冷白皮 http://t.cn/A6NhU0R8;4;2;6;9097;0.0006595580960756293
20529;AI绘画接龙 / 第一张图 / 关键词：猫娘 http://t.cn/A6NhUA1f;4;1;5;9097;0.0005496317467296911
20534;你好，我;5;5;10;9097;0.0010992634934593821
20541;A Chinese18-year-old girl,student white shirt,happy girl,smiling face,black hair standingin2020,at university,spring season,the roadside is full of crabapple blossoms,hyper realistic portrait photography,pale skin,wide shot,natural lighting,Nikon NIKKOR Z,85mmf1.8S--ar16:9--V5;2;1;3;9097;0.00032977904803781465
20544;猫娘[喵喵][喵喵][喵喵];2;0;2;9097;0.00021985269869187644
20548;这个AI绘图的软件是不是只有电脑可以用;1;0;1;9097;0.00010992634934593822
20556;罗永浩，手机发布会，深蓝色短袖衬衫，黑裤子，亚瑟士鞋，背手，微笑;1;1;2;9097;0.00021985269869187644
20561;这就没必要了吧[干杯]支持AI，让画手送外卖进工厂去;2;0;2;9097;0.00021985269869187644
20573;路过，嗑一口。[开学季];1;0;1;9097;0.00010992634934593822
20576;在哪;1;0;1;9097;0.00010992634934593822
20581;哎呦这张真好看;1;0;1;9097;0.00010992634934593822
20593;认同;1;0;1;9097;0.00010992634934593822
20595;姐妹，劝删。不要在这个广场上裸奔，换个号。还有不要把他们的言论截图出来二次传播，从来不知道的内容看你那条微博全知道了…[跪了][跪了][跪了];2;1;3;9097;0.00032977904803781465
20599;视频｜图片｜文字｜剪辑｜PPT｜设计;1;2;3;9097;0.00032977904803781465
20604;这些都是要收费的吗;1;0;1;9097;0.00010992634934593822
20606;Canva真的很棒！免费的部分就很够意思了～～;2;1;3;9097;0.00032977904803781465
20626;好可爱[兔子];1;1;2;9097;0.00021985269869187644
20643;之前还看到一个国外程序员去世了，好像抑郁了，然后跟他的ai小机器人对话，机器人还说什么“我永远会陪着你”之类的，把他推入了一个更抑郁的地步[裂开];2;0;2;9097;0.00021985269869187644
20646;哪个AI这么听话[泪][泪];2;0;2;9097;0.00021985269869187644
20650;感觉文字类的拼贴很难察觉，而且gpt又是对话形式，像日常生活中聊天学别人说话一样，就更隐蔽了。而ai绘画拼接的痕迹很明显，会出现很多一眼就能看出的bug，但我也觉得这两类都存在侵权问题👉🏻👈🏻;4;0;4;9097;0.0004397053973837529
20655;我觉得AI驱动的未来都会有点可怕哈哈。可能是midjourney一进入普通公众视野里能获利的只能是艺术家们或者小部分人，而gpt带给大家的便利是更加日常化的，所以争吵少一些🤔🤔;1;0;1;9097;0.00010992634934593822
20669;少了一丝英气;1;1;2;9097;0.00021985269869187644
20671;那些对着GPT说写2000字的人还有没有良心。。。。;11;620;631;9097;0.06936352643728702
20683;细说拜登和明日香;7;350;357;9097;0.039243706716499946
20691;[doge]是的，atm机也是人工吐钱的，如果集中去一台机器取钱，里面那个人会崩溃的！;6;274;280;9097;0.030779377816862703
20698;[哆啦A梦吃惊]我想看看“拜登和明日香的婚礼”;2;135;137;9097;0.015059909860393536
20701;这不是文心一言那个梗吗？[doge]“明天百度员工全部待命，问啥答啥”;6;93;99;9097;0.010882708585247884
20708;（毁于大火的时候里面还有人吗;4;57;61;9097;0.0067055073101022315
20713;我真的会信[微笑];3;27;30;9097;0.0032977904803781466
20717;等等等等，图二这件事不会也是AI胡诌出来的吧[汗];1;23;24;9097;0.0026382323843025172
20725;就像ATM机里上班的员工一样辛苦[苦涩][求饶];1;1;2;9097;0.00021985269869187644
20769;@于不对 [doge];1;0;1;9097;0.00010992634934593822
20780;假消息是么……看到标题还高兴了一下……;1;1;2;9097;0.00021985269869187644
20783;我和朋友们还讨论过，new bing后面是不是一群印度人;1;5;6;9097;0.0006595580960756293
20788;所以老太太嗑瓜子，给饼干扎眼这些都是真人做的？[哆啦A梦害怕];2;13;15;9097;0.0016488952401890733
20791;看看拜登;1;1;2;9097;0.00021985269869187644
20793;你怎么天天在写作文[笑cry];2;2;4;9097;0.0004397053973837529
20796;玩cos目的是享受过程，就算时代变了。。。。emm玩的开心就好;2;6;8;9097;0.0008794107947675058
20804;我就说，我看到aicos的第一反应是，她们的这个cos服做的真好[苦涩][苦涩][苦涩];2;3;5;9097;0.0005496317467296911
20810;科技只用在揶揄上了嘛？;3;1;4;9097;0.0004397053973837529
20815;楼主是让尿憋醒的吗，我是这个原因[允悲];1;9;10;9097;0.0010992634934593821
20846;篮球和鸡靠cxk  绘画和厨艺靠cy;3;1;4;9097;0.0004397053973837529
20865;[doge][doge];1;0;1;9097;0.00010992634934593822
20867;厉害[doge];1;1;2;9097;0.00021985269869187644
20869;[心];1;0;1;9097;0.00010992634934593822
20871;星辰大海，为雲而来[心];2;1;3;9097;0.00032977904803781465
20874;牛[送花花];1;0;1;9097;0.00010992634934593822
20876;可以可以[哇];1;1;2;9097;0.00021985269869187644
20878;好美，像动漫少女[哇];1;0;1;9097;0.00010992634934593822
20880;好厉害啊！[打call][打call][打call];1;0;1;9097;0.00010992634934593822
20882;厉害哈哈哈哈哈哈;1;0;1;9097;0.00010992634934593822
20884;[心][心];1;0;1;9097;0.00010992634934593822
20886;[打call][打call][打call];1;0;1;9097;0.00010992634934593822
20888;这是chat画的？牛逼以后都能代替设计师;3;0;3;9097;0.00032977904803781465
20892;[心][心][心][心];1;0;1;9097;0.00010992634934593822
20894;[打call][打call][打call];1;0;1;9097;0.00010992634934593822
20896;今年面试 好多岗位都是ai绘画[泪];4;0;4;9097;0.0004397053973837529
20915;细看感觉像模型。。;1;4;5;9097;0.0005496317467296911
20923;啊啊啊啊哪个;1;1;2;9097;0.00021985269869187644
20928;他是不是喝多了在拉尿？ http://t.cn/A6NPokIl;1;0;1;9097;0.00010992634934593822
20930;哪个ai绘画;1;0;1;9097;0.00010992634934593822
20932;乍一看还以为Diablo2[doge][doge][doge];1;0;1;9097;0.00010992634934593822
20934;睡哪儿？;1;0;1;9097;0.00010992634934593822
20937;我很喜欢你发的图，我保存了一百多张了，用来当壁纸很好，不知道有没有清晰度更好;1;0;1;9097;0.00010992634934593822
20963;看着看着，点开一张居然是我自己哈哈哈哈哈[团圆兔];2;1;3;9097;0.00032977904803781465
20966;哦莫感觉效果很好[赞];1;1;2;9097;0.00021985269869187644
20968;画了这么多人没一张是我啊[开学季]我要开始复仇;2;1;3;9097;0.00032977904803781465
20971;太好看咧！真的猛男画这么多[good][good];1;0;1;9097;0.00010992634934593822
20973;训练的lora吗;2;0;2;9097;0.00021985269869187644
20976;牛啊佳骏老师[good][good][good];2;0;2;9097;0.00021985269869187644
20982;可以转发你的作品吗，会标明出处;2;0;2;9097;0.00021985269869187644
20987;图一很好呀;2;0;2;9097;0.00021985269869187644
20990;就体现了一个强壮[加油];4;0;4;9097;0.0004397053973837529
20995;前凸后翘风情万种;2;0;2;9097;0.00021985269869187644
20998;它读取了你的内心，哈哈哈哈哈哈;1;0;1;9097;0.00010992634934593822
21000;图二[嘻嘻][嘻嘻];1;0;1;9097;0.00010992634934593822
21002;好大啊[doge];1;0;1;9097;0.00010992634934593822
21004;第三张像小镇上黑店杀人老板娘;1;0;1;9097;0.00010992634934593822
21006;大眼睛漂亮[打call];1;0;1;9097;0.00010992634934593822
21008;哈哈哈哈哈哈女侠你好你什么时候行走江湖行侠仗义;1;0;1;9097;0.00010992634934593822
21010;好壮、好大、好吓人[偷笑];1;0;1;9097;0.00010992634934593822
21012;胸果然够大;1;0;1;9097;0.00010992634934593822
21021;评价109 居然真的有人约 很久以前这位就因为ai橱窗被挂烂了吧 怎么举报都不管用[疑问];2;91;93;9097;0.010223150489172255
21032;你这张脸越看越好看[抓狂];1;0;1;9097;0.00010992634934593822
21036;这样说的话，真人区的素材店铺卖的站图还有影视图都算侵权[干饭人];1;4;5;9097;0.0005496317467296911
21045;鬼鬼，太顶了;1;0;1;9097;0.00010992634934593822
21064;请用snapseed;1;0;1;9097;0.00010992634934593822
21080;很萌，zmnl[允悲];4;50;54;9097;0.005936022864680664
21086;不是你们审美都降级成这样了？？p1头颈肩关系依托答辩p2胸锁乳突肌都都没了锁骨连肩膀呀，能不能仔细看看啊……;3;24;27;9097;0.002968011432340332
21162;可以抱图吗[doge];2;1;3;9097;0.00032977904803781465
21165;好喜欢p2;1;0;1;9097;0.00010992634934593822
21167;最后一张好美[求关注];1;0;1;9097;0.00010992634934593822
21170;好漂亮好有力量感的手！（手腕好细哦。。。;1;0;1;9097;0.00010992634934593822
21176;打call;1;0;1;9097;0.00010992634934593822
21178;啊啊啊有没有蛇院鹰院的！;1;0;1;9097;0.00010992634934593822
21187;挺会玩啊一[嘻嘻];1;1;2;9097;0.00021985269869187644
21221;@郑芝仙大大 你喜欢的[偷乐];2;0;2;9097;0.00021985269869187644
21224;@风是空港雨是牧场_ 来看[哆啦A梦害怕];1;0;1;9097;0.00010992634934593822
21248;版权分钱这事也别梦了，官方图生图洗稿完加入素材库将正主图片踢出素材库即可[阴险];1;22;23;9097;0.002528306034956579
21263;ai摄影真的好没劲[草泥马];1;0;1;9097;0.00010992634934593822
21265;缝合也都是抄袭[苦涩][苦涩][苦涩]对我行业也是冲击;1;0;1;9097;0.00010992634934593822
21267;+1[裂开];1;0;1;9097;0.00010992634934593822
21272;哦莫;1;0;1;9097;0.00010992634934593822
21276;若华 http://t.cn/A6Nhg1QL;1;4;5;9097;0.0005496317467296911
21282;好假的人;1;0;1;9097;0.00010992634934593822
21320;怎么做;1;6;7;9097;0.0007694844454215675
21322;怎么做[鲜花];1;7;8;9097;0.0008794107947675058
21326;没有别的意思[傻眼]，礼貌问问AI绘画是有什么瓜吗，我最近也看见朋友圈亲友在画;8;2;10;9097;0.0010992634934593821
21335;黑名单充实了不少[裂开];1;13;14;9097;0.001538968890843135
21337;亲友画画的还用ai呢[衰];1;9;10;9097;0.0010992634934593821
21339;特别离谱，今天一进超话就看到好多ai[怒];1;11;12;9097;0.0013191161921512586
21341;我看一个拉黑一个，真的烦了[交税];1;5;6;9097;0.0006595580960756293
21343;他们可能是觉得好玩[允悲]。但是不赞同+1[裂开]，不说ai出图让画画人很难受 ，看那千篇一律…感觉那些眼睛都是同一个眼睛（可能改个颜色），唉越多两眼都心塞。[裂开][裂开] 看好多ai图第一眼就是拼尸图[裂开]，那个眼睛太有特征了——好看，但是是把知名画手劳斯的画拆分开，再拼上去的吧[裂开]，;1;5;6;9097;0.0006595580960756293
21375;还招客服吗;3;1;4;9097;0.0004397053973837529
21394;这对于后人翻看历史，会不会产生误导？;1;7;8;9097;0.0008794107947675058
21407;等迭代;2;1;3;9097;0.00032977904803781465
21410;哇 是按照片画的吗;1;0;1;9097;0.00010992634934593822
21413;赞同。。。。;1;0;1;9097;0.00010992634934593822
21416;[心]谢，拿了;1;0;1;9097;0.00010992634934593822
21422;真的可以出一款原神人物的校园恋爱游戏！[哈哈];2;1;3;9097;0.00032977904803781465
21425;感觉自己做不出来好看的东西;1;1;2;9097;0.00021985269869187644
21436;好棒啊～[赢牛奶];1;2;3;9097;0.00032977904803781465
21438;[鲜花];1;1;2;9097;0.00021985269869187644
21440;举大旗[彩虹屁][彩虹屁];1;1;2;9097;0.00021985269869187644
21442;我也不想上班[二哈];1;1;2;9097;0.00021985269869187644
21444;快来鹅鸭杀！！！！;1;1;2;9097;0.00021985269869187644
21446;大佬你的作品真的很棒！;1;1;2;9097;0.00021985269869187644
21448;不知不觉，好多图了.[送花花];1;0;1;9097;0.00010992634934593822
21450;都很漂亮！场景好自然的感觉颜色搭配也好喜欢!;1;0;1;9097;0.00010992634934593822
21452;最喜欢清新自然的画风了[爱你][爱你][爱你];1;0;1;9097;0.00010992634934593822
21454;同样不想上班！;1;0;1;9097;0.00010992634934593822
21458;有交流群么[doge]佬;2;0;2;9097;0.00021985269869187644
21468;@木丢 上次给你介绍的超清新画师。[doge];1;0;1;9097;0.00010992634934593822
21473;赛博尸/块鉴定处;1;6;7;9097;0.0007694844454215675
21476;啊啊啊我的虎子，我的五条悟老师，啊啊啊5t5我已死[哇][哇][哇][哇];2;8;10;9097;0.0010992634934593821
21482;好看;5;5;10;9097;0.0010992634934593821
21488;@空靈psyche;1;0;1;9097;0.00010992634934593822
21505;爱了爱了帅爆了;1;3;4;9097;0.0004397053973837529
21510;我想问一下你这是纯ai画的还是ai+自己修改的;1;0;1;9097;0.00010992634934593822
21518;厉害;1;0;1;9097;0.00010992634934593822
21525;脸有点像xjl[傻眼];2;0;2;9097;0.00021985269869187644
21532;拼接尸块是啥啊 有没有人解释一下[哆啦A梦害怕];1;2;3;9097;0.00032977904803781465
21539;啥意思[泪]我覺得有的ai頭像挺漂亮的啊 用了會被罵嗎 頭像也有歧視鏈嗎;4;1;5;9097;0.0005496317467296911
21547;“我有一张侧脸的图，你能帮我转一下变成正脸吗？我看别人的画都是可以转的”“有没有可能那是3d”;2;0;2;9097;0.00021985269869187644
21550;大学同学一直很佩服画师，因为他以为数字绘画是用键盘敲出来的;1;0;1;9097;0.00010992634934593822
21553;创作是很私人的，人很复杂多变，没法以程序代码来计算。就算数据库千万个样本也无法复制出独有的创作，所以[馋嘴]写作绘画这些永远不会被替代，因为独一无二的个人色彩会存在，但ai不会;1;0;1;9097;0.00010992634934593822
21555;求 589无水印版[泪];2;0;2;9097;0.00021985269869187644
21558;美;1;0;1;9097;0.00010992634934593822
21567;是人离不开科技，而不是科技离不开人[嘻嘻][作揖];1;1;2;9097;0.00021985269869187644
21581;不需要那么多人上班，那也不需要生那么多娃了[doge];1;35;36;9097;0.003957348576453776
21583;接下来的剧情：大批原画下岗，导致没人学原画。ai公司成功完成垄断，开始涨价[doge]哪怕从新开始培养原画师，也需要几年的时间。各公司含泪给钱，然后再转嫁给消费者;6;25;31;9097;0.003407716829724085
21590;中国的水墨画和山水画，笔触、意境，用文字表述就是抽象思维。不同于西方几何透视学与油画风格完整的追求真实感。[微风];2;7;9;9097;0.000989337144113444
21593;赶紧学某职业围棋选手，转行做直播。直播画画，肯定有看头[赞][赞][赞];2;1;3;9097;0.00032977904803781465
21606;"OpenAI提出过一个问题，如何持续大量的获得数据源，AI的""想象力""来自于随机拼凑，如果没有原画师的创新和培育。AI趋同的结果就是最终千篇一律。。。";3;1;4;9097;0.0004397053973837529
21629;@假假假假假鱼丶;2;0;2;9097;0.00021985269869187644
21636;这纯属扯淡……真正能用人工智能创作的美术类作品（说白了能挣钱的）在世界上绝大多数国家违法而且不可能让你合法；不能用人工智能创作的美术类作品本来也不怎么挣钱。;1;3;4;9097;0.0004397053973837529
21644;怎么加群;1;0;1;9097;0.00010992634934593822
21647;裁员可能是为了企业更好的发展吧[doge]毕竟发展才是硬道理;5;27;32;9097;0.003517643179070023
21653;所以说现在各个专业想要就业都是很不容易的啊[泪];7;24;31;9097;0.003407716829724085
21661;会觉得有点可怕，[衰]，想起来电影;4;18;22;9097;0.0024183796856106408
21667;智能时代真的来了，想想什么是AI做不来的。;2;6;8;9097;0.0008794107947675058
21672;那咋办，那我回家？[doge];2;2;4;9097;0.0004397053973837529
21679;本来工作就不好找，这下更难了;1;3;4;9097;0.0004397053973837529
21683;第一批因AI失业的人已经出现了！哎！人类太难了[哼][哼];1;4;5;9097;0.0005496317467296911
21685;AI确实可以取代人类了，而且Ai不会出现错误，确实很容易就把人取代了;1;4;5;9097;0.0005496317467296911
21687;也许这就是科技的力量，随着科技的发展，人工智能的发展也是很快的;1;1;2;9097;0.00021985269869187644
21696;科技虽然在进步，但是人工智能好像真的也会代替很多人去工作。知道人们今后何去何从了？;1;1;2;9097;0.00021985269869187644
21702;当人才供不应求时，职位唾手可得，当情势逆转时，就会反过来造成这部分人的失业。直到从业人数经过多年的暴跌，固定在适合的范围，才能保证每个人都能在本专业找到工作……传统行业就是这么过来的，没新人，待遇就上来了[允悲];1;0;1;9097;0.00010992634934593822
21707;我觉得智能技术有利有弊，但是利大于弊;1;0;1;9097;0.00010992634934593822
21751;现在明白了，好专业比好学校更加重要的含义了;1;0;1;9097;0.00010992634934593822
21755;所以，大学选什么专业会越来越难选吧。也许四年毕业以后，行业都没了。;9;5;14;9097;0.001538968890843135
21773;一见钟情💘并且想跟你结成道侣（手拿捧花状[送花花]）;4;6;10;9097;0.0010992634934593821
21778;发型挺还原;1;1;2;9097;0.00021985269869187644
21782;我靠我看完很想给那个玩意抡一巴掌;1;0;1;9097;0.00010992634934593822
21785;表情也很重要，现在AI画的2.5D表情大多都一样;1;0;1;9097;0.00010992634934593822
21787;好看[彩虹屁];1;1;2;9097;0.00021985269869187644
21789;个个帅气十足，款款魅力不俗！[心][心][心];1;1;2;9097;0.00021985269869187644
21811;这东西根本抵制不了必将成为大势是真的，虽然有时候也想他们吃点好的（。）单就欣赏角度我觉得AI……;1;0;1;9097;0.00010992634934593822
21818;可以拿走当头像吗;1;0;1;9097;0.00010992634934593822
21820;好图！可以再多画一些吗！[打call][打call];2;0;2;9097;0.00021985269869187644
21824;兔兔仙子[哇]@程阿尧 ;1;0;1;9097;0.00010992634934593822
21826;好可爱[赢牛奶][赢牛奶];1;0;1;9097;0.00010992634934593822
21830;是有点东西 多了根手指[允悲];1;36;37;9097;0.004067274925799714
21847;求图！;1;0;1;9097;0.00010992634934593822
21849;。。。。 http://t.cn/A6NzZXag;1;0;1;9097;0.00010992634934593822
21865;道与术的差别。;1;0;1;9097;0.00010992634934593822
21874;只能说美女太惨了;1;0;1;9097;0.00010992634934593822
21877;姐姐妹这是啥软件搞出来的啊;1;0;1;9097;0.00010992634934593822
21883;[doge] http://t.cn/A6NZvhJH;1;1;2;9097;0.00021985269869187644
21885;这是……[允悲][允悲];3;0;3;9097;0.00032977904803781465
21889;你在干什么，哈哈哈哈哈哈;1;0;1;9097;0.00010992634934593822
21891;第二张有点吓人[苦涩];1;0;1;9097;0.00010992634934593822
21893;耳机扣脸上了哈哈哈哈哈哈;1;0;1;9097;0.00010992634934593822
21895;哈哈哈哈，第二张光看头部像盘发的美女;1;0;1;9097;0.00010992634934593822
21909;好看的;3;0;3;9097;0.00032977904803781465
21913;好看啊[赢牛奶];1;0;1;9097;0.00010992634934593822
21915;哈哈哈哈美女哇;1;0;1;9097;0.00010992634934593822
21917;冒昧一问 约瑟夫水彩画和下图AI生成的 较明显的差距体现在哪里呢（外行看起来差不多[泪];11;8;19;9097;0.002088600637572826
21930;[doge]最近很多外行和行业混子的言论给我的感觉就像在说: 造火箭需要用精煤，水洗煤不好;1;27;28;9097;0.00307793778168627
21939;曼妙~[心];1;1;2;9097;0.00021985269869187644
21941;自我鼓励很好，但是纯文字训练的GPT4已经具备二维图像想象能力了。;1;3;4;9097;0.0004397053973837529
21954;虽然但是，ai不是来当工具的以后会是人类的爹;1;1;2;9097;0.00021985269869187644
21965;我也刷到了 同样是Pro和另一张ai;1;0;1;9097;0.00010992634934593822
21968;骗人[泪][泪][泪]，私信了也没有理我;2;0;2;9097;0.00021985269869187644
21975;用office时提示可以提问了;1;1;2;9097;0.00021985269869187644
21986;明艳动人的大美女🤤;1;0;1;9097;0.00010992634934593822
21988;喜欢图三;1;0;1;9097;0.00010992634934593822
21995;不得夸夸照相者;3;0;3;9097;0.00032977904803781465
21999;应该你不会失业的 没法整3D的吧[并不简单];6;2;8;9097;0.0008794107947675058
22006;搞幽默[doge];1;1;2;9097;0.00021985269869187644
22008;ai最出来的没有艺术家的灵魂[doge][doge];1;0;1;9097;0.00010992634934593822
22037;这个别墅，有点像被麦克拉倒的那个;2;9;11;9097;0.0012091898428053204
22050;洗稿更方便了;1;4;5;9097;0.0005496317467296911
22066;@贼歪猫;1;0;1;9097;0.00010992634934593822
22076;哈 你别太会 这回考上了都没法取关了[哈欠];1;4;5;9097;0.0005496317467296911
22078;哈哈哈哈哈哈哈怎么还有解梦！！！好适合我[奥特曼][奥特曼];1;1;2;9097;0.00021985269869187644
22080;你是我的好扣叔！！！[举手][举手][举手];1;1;2;9097;0.00021985269869187644
22082;第三个链接咋用呀[泪][泪]降重太辛苦了;2;0;2;9097;0.00021985269869187644
22085;美容建议哈哈哈哈天呐;1;0;1;9097;0.00010992634934593822
22087;谢叔[老师好];1;1;2;9097;0.00021985269869187644
22089;吗呀我的好扣叔[熊猫]真喜欢;1;0;1;9097;0.00010992634934593822
22136;@拔萝呗的兔叽 这个 实用;1;0;1;9097;0.00010992634934593822
22139;@小张的瓶瓶罐罐;1;0;1;9097;0.00010992634934593822
22151;目前咒语学手册~~~ http://t.cn/A6NZNDkV;10;120;130;9097;0.014290425414971969
22162;那你这反射弧有点慢呢[doge]咒语学早都整理出来了;4;118;122;9097;0.013411014620204463
22167;每次出现这种魔法的时候我好奇 这到底是是哪个ai啊 我知道的类似的ai应用DALL-E好像完全达不到同样的效果;8;32;40;9097;0.004397053973837529
22176;所以这是哪一家ai，我之前用的ai绘画都是自己打英语词条作为咒语的，直接聊天形式让画的还没用过;3;13;16;9097;0.0017588215895350116
22180;请画出8块腹肌，36D胸围长头发的亚裔穆斯林黑鹰直升机，能行吗;5;28;33;9097;0.0036275695284159614
22186;国内能禁都禁，不能禁的限流，各种敏感，咋追呢;4;7;11;9097;0.0012091898428053204
22191;有一篇网络小说叫作《纸上人》，是说用一种特制的笔和墨水，写一段人物的描写，就可以让这个人物变成现实活过来。描写得越精细，活过来的人物就越逼真。;5;5;10;9097;0.0010992634934593821
22198;对这个不是很了解，现在ai仅仅限于图片化吗？有没有人用它做动画？直接把小说输进去直接动画化可行么？感觉ai来做三体动画都会比某画开天做的答辩好[摊手];7;9;16;9097;0.0017588215895350116
22206;火星救援[doge]这玩意火了半年了都;1;6;7;9097;0.0007694844454215675
22208;[开学季]就这些，请问那些抵制ai的小画家们画的出来嘛？;1;8;9;9097;0.000989337144113444
22211;关于AI这块，吵的最凶的就是小画师们了，“AI生成的没有灵魂”、“都是抄袭盗图”;2;3;5;9097;0.0005496317467296911
22214;有问题，转成英文为啥不画成西方的样子;2;1;3;9097;0.00032977904803781465
22222;ai真的太猛了 这块咱们必须跟上;1;1;2;9097;0.00021985269869187644
22249;@莫去听穿林打叶声 @M-U-S-HROOM 令人惊叹的“魔法”;1;0;1;9097;0.00010992634934593822
22271;@青色猛虎;1;0;1;9097;0.00010992634934593822
22301;@董女支;1;0;1;9097;0.00010992634934593822
22305;这玩意在国外已经被各大游戏公司禁止使用，外包项目标明禁用，法律也认定为无版权了，基本图一乐没有实用意义了。国内也是对AI小鬼过街老鼠一样打骂，而且训AI的人发现无法变现都已经丧失玩的兴趣了，游戏项目里也因为无法实现过于具体的需求，玩家也很反对。怎么你现在才知道了[允悲][允悲][允悲];1;2;3;9097;0.00032977904803781465
22312;@浮夜色;1;0;1;9097;0.00010992634934593822
22315;ai本来就能做到这种量产啊，包括画建筑工图，但就是差最后那步很严格的精度去实用，希望能发展到精细到成为实用笔刷的工具，而不是给口嗨怪和自大狂嘲讽别人努力的道具，反正有本事的人只会有本事，没本事的抱着工具以为有什么魔法然后饿死（笑）;1;0;1;9097;0.00010992634934593822
22325;一个有反转的图片故事。[赞]如果照片采用仰视角，会更真实。;1;0;1;9097;0.00010992634934593822
22329;真的，和视频吻合;1;0;1;9097;0.00010992634934593822
22331;这个噪点和粗糙感 AI还学不来;3;0;3;9097;0.00032977904803781465
22335;看着不大像;1;0;1;9097;0.00010992634934593822
22338;哇;1;0;1;9097;0.00010992634934593822
22353;这是网上的图片？;1;0;1;9097;0.00010992634934593822
22355;这个咋玩，新仔教我教我[太阳];3;0;3;9097;0.00032977904803781465
22363;但总是看起来怪怪的那些图;1;7;8;9097;0.0008794107947675058
22373;这个表情哈哈哈哈哈哈;2;0;2;9097;0.00021985269869187644
22384;@千里寻吞;1;2;3;9097;0.00032977904803781465
22394;你在哪儿识别复制的文章？正常打字AI是不可能打成Al的。;1;0;1;9097;0.00010992634934593822
22399;哈哈哈，可以的;1;0;1;9097;0.00010992634934593822
22401;利好企业主，利空技术人员 @长亭古道芳草天20110;1;0;1;9097;0.00010992634934593822
22403;关键就在于这个海量数据上，它能做出高于海量数据平均水平的作品来，这就很难得了。//@归去来兮GNKE:AI只能在海量数据基础上进行叠加，本质只是搬运，并不能创造原本并不存在的东西;2;6;8;9097;0.0008794107947675058
22406;AI只能在海量数据基础上进行叠加，本质只是搬运，并不能创造原本并不存在的东西;23;31;54;9097;0.005936022864680664
22430;AI不能做一点人类想让它代替的活儿吗[疑问]比如说做饭刷碗种地养猪什么的，让人类活得更舒适文艺一点…;6;21;27;9097;0.002968011432340332
22438;AI能代替客服？ 你打10086 第一是不是找人工？;4;11;15;9097;0.0016488952401890733
22445;可能（智能制造机器人出现前）传统手工替代不了了吧[允悲];1;2;3;9097;0.00032977904803781465
22461;为什么他们能用，而我们用不了，到底大家是不是一个国家里面的？;1;1;2;9097;0.00021985269869187644
22471;科技会使大部分用人越来越不动脑子;1;1;2;9097;0.00021985269869187644
22484;吹吧就!满足客户各种需求再修修改改的时间跟重新画一张图的时间差不了多少!而且ai用多了审美疲劳，还可能有版权纠纷，别到最后把老板都给淘汰了![黑线];2;8;10;9097;0.0010992634934593821
22492;[疑问] http://t.cn/A6NZUAh0;38;4;42;9097;0.004616906672529405
22531;评论区是触发了什么关键字[允悲];1;4;5;9097;0.0005496317467296911
22533;[疑问]表情都是关键词？[允悲] http://t.cn/A6NZ46O5;1;1;2;9097;0.00021985269869187644
22537;ai训练完了，ai公司不开始收费吗？这跟买菜app有什么区别，等菜市场消失了，卖天价菜你还不是要买？到时整个公司成了为ai打工的也不是不可能;1;1;2;9097;0.00021985269869187644
22543;哈哈，给他加盖个Xbox的logo;1;1;2;9097;0.00021985269869187644
22546;对ai的焦虑被这条微博化解了许多;1;9;10;9097;0.0010992634934593821
22548;[心][心][心][爱你][爱你]我宝太棒啦;2;4;6;9097;0.0006595580960756293
22551;那我还用学建模吗[嘘];1;0;1;9097;0.00010992634934593822
22553;画还没学明白，AI就来势汹汹，有时候挺困惑的，会不会好不容易学会些，AI已经代替了绘画[允悲][允悲][允悲];4;22;26;9097;0.0028580850829943937
22564;分享的好！[小红花][小红花];1;1;2;9097;0.00021985269869187644
22566;努力提升自己;1;0;1;9097;0.00010992634934593822
22568;支持好朋友;1;0;1;9097;0.00010992634934593822
22570;下午好[心];1;0;1;9097;0.00010992634934593822
22572;还是要精进自己;1;0;1;9097;0.00010992634934593822
22574;要不断提高自己[笑cry][笑cry]，太难了;1;0;1;9097;0.00010992634934593822
22576;竟然这么快，裁掉的都是不重要的;1;0;1;9097;0.00010992634934593822
22578;我不懂绘画，但从文字来说，ChatGPT已经吊打很多普通文案创作者了，但优秀的作者是很难取代的，他们有独特的技巧，有特色的文风，更有自己鲜明的态度，这些人工智能不会有。;1;0;1;9097;0.00010992634934593822
22580;对AI又爱又恨;1;0;1;9097;0.00010992634934593822
22582;太难了;1;0;1;9097;0.00010992634934593822
22615;挺无聊的;1;0;1;9097;0.00010992634934593822
22623;手很奇怪;1;0;1;9097;0.00010992634934593822
22631;@给我拿个大苹果;2;0;2;9097;0.00021985269869187644
22643;xhs刷到的，感觉很好看诶 http://t.cn/A6NzgSaW;4;45;49;9097;0.005386391117950973
22649;[怒][怒][怒]MD！以后“无图无真相”成历史名词了？[怒][怒][怒];1;10;11;9097;0.0012091898428053204
22663;其实换个思路，失业也没什么不好的。ai解放了人类。人类就可以理所当然的去搞纯艺了。艺术是概念的，不是技术的。;3;2;5;9097;0.0005496317467296911
22667;画画这个职业，它的可替代性太高了，因为产出的东西太平面了。;1;2;3;9097;0.00032977904803781465
22677;推测我们与机器的区别应该是对存在的追求。情感是立于存在（存活）之上的。当然这并不是什么特别的。任何生物都需要继续存在。至少目前看不出ai对存在的追求;5;1;6;9097;0.0006595580960756293
22711;？？？？？看评论看到名字惊了……以前采访他的时候他的某句话还一直在我记忆里不断recall啊……（虽然是一种随机名言刻进脑子……）;2;0;2;9097;0.00021985269869187644
22714;看评论说是本杰明，我当时看到这个ai绘画广告的时候还觉得是同名同姓的笔名，高中的时候很喜欢他的色彩，感觉很不可思议;1;0;1;9097;0.00010992634934593822
22725;作者大大的第三本书写的咋样了？？今年能出吗？;2;0;2;9097;0.00021985269869187644
22728;[泪]保持初心很重要呀;1;0;1;9097;0.00010992634934593822
22731;不错啊。;1;0;1;9097;0.00010992634934593822
22733;这也体现了提示词工程师的价值;1;5;6;9097;0.0006595580960756293
22739;以后动画公司招人是招画的好的了，得招英语和摄影好的，或者直接招英语专业的;1;1;2;9097;0.00021985269869187644
22750;拉黑完事，跟这种人说话都是浪费时间;1;4;5;9097;0.0005496317467296911
22754;[doge]大家都知道是谁;2;0;2;9097;0.00021985269869187644
22785;有638个大聪明报了  躺赚19万;1;114;115;9097;0.012641530174782896
22788;他怎么把我拉黑了[doge]，没和他对过线啊;1;26;27;9097;0.002968011432340332
22802;直接报本杰明的身份证号是吧，我觉得他不应该把ai当教画画的课来卖。ai只是工具，任何人在b站自学1小时都会使用。而画画就是画画，他的影响力应该鼓励大伙多从画画中找到乐趣，而不是说ai替代了二次元，不用画了这些狗屁话，再好的模型生成出来的也没有什么价值。;1;71;72;9097;0.007914697152907551
22806;好看;2;0;2;9097;0.00021985269869187644
22809;[赞];1;0;1;9097;0.00010992634934593822
22811;本人比画好看[鲜花];1;1;2;9097;0.00021985269869187644
22813;长相有辨识度 看的演技也不错 还漂亮;1;0;1;9097;0.00010992634934593822
22815;小狐狸首饰让我想起小时候风靡的欢天喜地七仙女，那时候可喜欢这种手链了;1;0;1;9097;0.00010992634934593822
22817;本人更好看点[笑cry];1;0;1;9097;0.00010992634934593822
22821;好看;1;0;1;9097;0.00010992634934593822
22823;[哆啦A梦吃惊][哆啦A梦吃惊]好灵动;1;0;1;9097;0.00010992634934593822
22825;好看啊;1;0;1;9097;0.00010992634934593822
22828;bug，斯莱特林休息室在地下;1;3;4;9097;0.0004397053973837529
22830;考虑来一波各种教室或霍格莫德呀？;1;0;1;9097;0.00010992634934593822
22832;哪个游啊，好像没刷到（;4;0;4;9097;0.0004397053973837529
22837;有些人连简单的自我都没有，蛮可怜的;1;3;4;9097;0.0004397053973837529
22839;蒙古蒙古;1;0;1;9097;0.00010992634934593822
22841;我也要进三木哥哥的蒙古包[锦鲤附体];1;0;1;9097;0.00010992634934593822
22853;我来了[哇];1;0;1;9097;0.00010992634934593822
22899;ai是真牛;1;0;1;9097;0.00010992634934593822
22901;UC7有可能上 SUV系列吗;2;0;2;9097;0.00021985269869187644
22906;兼顾了一丝不挂和三点不漏，尺度拿捏的完美[赞];1;60;61;9097;0.0067055073101022315
22943;足控狂喜[doge];1;0;1;9097;0.00010992634934593822
22960;我就真画不好手;3;26;29;9097;0.0031878641310322084
22967;“刺爬龙咋卖？” “大滴八百，小滴五百” “算求，恁贵咧！” “额说你冻不冻？！新到滴货。 最近太阳风暴，太空船飞不冻！ 还要继续涨价咧！”;1;5;6;9097;0.0006595580960756293
23010;会员要钱吗;5;0;5;9097;0.0005496317467296911
23021;挺有用，已经在私活中用到了;1;0;1;9097;0.00010992634934593822
23025;没那么强，不会描述人物面容细节，除非你是库里已有的名人;2;1;3;9097;0.00032977904803781465
23030;刚洗完澡心情好好的突然被喂了一口屎[疑问];1;1;2;9097;0.00021985269869187644
23032;我也刷到了，第一眼：哇，画得好像。第二眼：好像是加了漫画滤镜，哦。现在听说是AI：[费解];1;1;2;9097;0.00021985269869187644
23034;我今天一眼看出来是ai…;1;1;2;9097;0.00021985269869187644
23036;？？？;1;0;1;9097;0.00010992634934593822
23038;啊？？？;1;0;1;9097;0.00010992634934593822
23040;今天吗？;1;0;1;9097;0.00010992634934593822
23042;？？？这么炸裂;1;0;1;9097;0.00010992634934593822
23053;@-光阴不可平;1;0;1;9097;0.00010992634934593822
23055;朋友，反转了，快删;1;0;1;9097;0.00010992634934593822
23057;这张真是大爱啊;2;0;2;9097;0.00021985269869187644
23060;[彩虹屁];1;0;1;9097;0.00010992634934593822
23062;第六张还有段奕宏，双厨狂喜;1;0;1;9097;0.00010992634934593822
23067;好多张可以当做头像。太漂亮了！;3;2;5;9097;0.0005496317467296911
23071;画的太漂亮了！！能收走做头像吗;4;0;4;9097;0.0004397053973837529
23076;好漂亮！怎么做的？[赞][赞][赞];1;1;2;9097;0.00021985269869187644
23078;好看[打call]第八张求原图可以吗;1;0;1;9097;0.00010992634934593822
23080;midjourney 我登录收不到手机验证码[允悲]您用的是国内手机号嘛;4;0;4;9097;0.0004397053973837529
23085;可以做头像吗？[可爱];1;0;1;9097;0.00010992634934593822
23141;时光依旧美好，遥看鲜花绿草，清歌一曲逍遥，生活如意美妙。;1;1;2;9097;0.00021985269869187644
23143;[鲜花][鲜花][鲜花];3;1;4;9097;0.0004397053973837529
23147;世界上，唯独骗不了的，是自己的心，它总在你最没提防时，暴露你的欢喜忧愁。;1;2;3;9097;0.00032977904803781465
23149;🥂不管前方的路有多苦，只要走的方向正确，不管多么崎岖不平，都比站在原地更接近幸福。--宫崎骏«千与千寻»;1;2;3;9097;0.00032977904803781465
23151;暴躁来源于本性，温柔来自于教养;1;1;2;9097;0.00021985269869187644
23153;一个人的宽容，来自一颗善待他人的心。一个人的涵养，来自一颗包容的心。一个人的高度，来自一颗豁达的心。;1;1;2;9097;0.00021985269869187644
23155;就整个人生来讲，快乐比成功重要多了;1;1;2;9097;0.00021985269869187644
23157;梦想是一个幸福的念想，想着想着就快乐了，它执着地立在那里，是生活的一个界标，代表着活力与向上。;1;1;2;9097;0.00021985269869187644
23159;乐观是希望的明灯，它指引着你从危险峡谷中步向坦途;1;1;2;9097;0.00021985269869187644
23161;揣着一口袋的开心💖，满载而归;1;1;2;9097;0.00021985269869187644
23163;一个社会真正的强大，不是体现于对强大的人盲目的崇拜，而是对弱者的同情和保护。;1;1;2;9097;0.00021985269869187644
23165;我们走过的路，那些长长短短的路，每一步都不会白费的。看似平淡无奇机械地前进，回头才发现，命运是竟在一路狂奔，我们都会越来越好。;1;1;2;9097;0.00021985269869187644
23167;"善恶四种尺度∶对己对他都有利的是善;善行缘于善心，有着善的心灵，就如同一股清泉，永不枯竭，清纯甘甜，发自内心的善，才会有善行善举，唯善之心处处欢声笑语，处处和气生财。";1;1;2;9097;0.00021985269869187644
23169;不管有没有人爱，我们也要努力做一个可爱的人。不埋怨谁，不嘲笑谁，也不羡慕谁，阳光下灿烂，风雨中奔跑，做自己的梦，走自己的路。;1;1;2;9097;0.00021985269869187644
23171;要继续追逐天光，奔向美好。好好利用时间去尝试，去为喜欢的事情尽力，不要焦虑，不要否定自己，还有很多值得期待的前方。;1;1;2;9097;0.00021985269869187644
23173;相信梦想是价值的源泉，相信眼光决定未来的一切，相信成功的信念比成功本身更重要，相信人生有挫折没有失败，相信生命的质量来自决不妥协的信念。;1;1;2;9097;0.00021985269869187644
23175;生活不是用来妥协的，你退缩得越多，能让你喘息的空间就越有限。日子不是用来将就的，你表现得越卑微，一些幸福的东西就会离你越远。;1;1;2;9097;0.00021985269869187644
23177;冷静应对每一事，微笑面对每一天;1;1;2;9097;0.00021985269869187644
23179;考虑一千次，不如做一次，犹豫一万次，不如实践一次，华丽的跌倒，胜过无谓的徘徊，迈出第一步，收获停不住。;1;1;2;9097;0.00021985269869187644
23181;生活并不完美，我依然快乐。虽然拥有过的东西会失去，得到过的友谊会离开，想追求的感情还那么遥远，但是，我懂，我懂我身边的一切事与物，我会珍惜。;1;1;2;9097;0.00021985269869187644
23183;善则称人，过则称己，则民不争；善则称人，过则称己，则怨益亡。——《礼记》;1;1;2;9097;0.00021985269869187644
23185;如果额头终将刻上皱纹，你只能做到不让皱纹刻在你的心上;1;1;2;9097;0.00021985269869187644
23187;聪明从来都是把事情归纳得更简单;1;1;2;9097;0.00021985269869187644
23189;放假了好好吃啊;1;1;2;9097;0.00021985269869187644
23191;中午好;1;1;2;9097;0.00021985269869187644
23193;最美的样子，大概就是：脸上有微笑，眼里有风景，抬头所见皆是温柔;1;1;2;9097;0.00021985269869187644
23195;时光温柔，还需你懂，生活可爱，也需你宠。;1;1;2;9097;0.00021985269869187644
23197;没回信息就是在放羊，一直没回就是羊丢了;1;1;2;9097;0.00021985269869187644
23199;生活不全是利益，更多的还是相互成就和相互温暖;1;1;2;9097;0.00021985269869187644
23201;不忘初心怀揣敬畏，坚持不懈无惧前路。用音乐浇灌梦想的种子生根发芽，用倔强呵护稚嫩的幼苗肆意生长。从未退缩，一如既往，一往无前。;1;1;2;9097;0.00021985269869187644
23203;做个知趣的人比有趣的人更容易;1;1;2;9097;0.00021985269869187644
23205;ପ꒰⑅•ᴗ•｡꒱໊੭ ┊♡┊♡ 最近手头有点紧🚜。◦⚪︎○ 谁能借我手牵牵(๑ᵔ⌔ᵔ๑)੭𖠚ᐝ;1;1;2;9097;0.00021985269869187644
23207;建议空腹拆快递，因为吃饱了蹲下来难受 ​​;1;1;2;9097;0.00021985269869187644
23209;可怜你前路迷茫身后荆棘，转身却是空无一人;1;1;2;9097;0.00021985269869187644
23211;走人生的路程就像爬山一样，看起来走了许多冤枉的路，崎岖的路，但最终会到达山顶 ——《城南旧事》林海音 ​;1;1;2;9097;0.00021985269869187644
23213;在人生的旅程中，每个人的生活都离不开别人的帮助，因为自然界的任何事物都是一个普遍联系的整体，没有谁能够脱离周围的事物而孤立地存在，但在接受别人帮助的同时，我们也要学会去帮助别人;1;1;2;9097;0.00021985269869187644
23215;今天阴天🌥️;1;1;2;9097;0.00021985269869187644
23217;柯南的故事永恒的爱;1;1;2;9097;0.00021985269869187644
23219;慎言慎行;1;1;2;9097;0.00021985269869187644
23233;好像知道在说什么了[傻眼];3;0;3;9097;0.00032977904803781465
23237;[哆啦A梦害怕];5;0;5;9097;0.0005496317467296911
23243;现在好多人搞ai画[尴尬];1;0;1;9097;0.00010992634934593822
23261;早上好;1;8;9;9097;0.000989337144113444
23263;对你是无理由的偏爱，而且每天都想说的明天见。;1;6;7;9097;0.0007694844454215675
23265;你现在的付出，都会是一种沉淀，它们会默默铺路，只为让你成为更好的人。;1;5;6;9097;0.0006595580960756293
23267;没看懂;1;5;6;9097;0.0006595580960756293
23269;早上好啊亲爱的[鲜花][鲜花][鲜花]如果全部都毁灭了，留你一个再美也无人欣赏啊，留下来有何意义[允悲][允悲][允悲];1;5;6;9097;0.0006595580960756293
23271;生命的美，不在它的绚烂，而在它的平和;1;5;6;9097;0.0006595580960756293
23273;做个知趣的人比有趣的人更容易;1;5;6;9097;0.0006595580960756293
23275;啥;1;5;6;9097;0.0006595580960756293
23277;什么啊;1;5;6;9097;0.0006595580960756293
23279;人生海海，总要允许有人错过你，才能赶上最好的相遇——张皓宸;1;5;6;9097;0.0006595580960756293
23281;早上好[心];1;5;6;9097;0.0006595580960756293
23283;新兰啊;1;5;6;9097;0.0006595580960756293
23285;里面最喜欢小兰;1;2;3;9097;0.00032977904803781465
23287;午安[心];1;4;5;9097;0.0005496317467296911
23289;中午好;1;5;6;9097;0.0006595580960756293
23291;让一路花香满径，让日子安暖自若🌸;1;5;6;9097;0.0006595580960756293
23293;我可喜欢小兰了;1;5;6;9097;0.0006595580960756293
23295;很多人可以走进你的生活，很少人可以走进你的生命;1;5;6;9097;0.0006595580960756293
23297;可爱不是长久之计，可爱我是长久之计呀~;1;5;6;9097;0.0006595580960756293
23299;眼睛追逐文字追得累了，便合起书放在膝头，仰起脸，侧耳倾听涛声雨声风声;1;5;6;9097;0.0006595580960756293
23301;能说到做到的人，会让人觉得踏实又浪漫;1;5;6;9097;0.0006595580960756293
23303;溫柔是宝藏，你也是❤️;1;5;6;9097;0.0006595580960756293
23305;不错啊[鲜花][鲜花][鲜花][鲜花];1;5;6;9097;0.0006595580960756293
23307;好看;1;5;6;9097;0.0006595580960756293
23309;早上好[鲜花];1;5;6;9097;0.0006595580960756293
23311;我掀起山河奔向你，踏进星辰来访你;1;5;6;9097;0.0006595580960756293
23313;喜欢你不是三分钟热度，是蓄谋已久后的深思熟虑;1;5;6;9097;0.0006595580960756293
23315;早安;1;5;6;9097;0.0006595580960756293
23317;因为喜欢你，所以喜欢你所有的任性和小脾气——一禅小和尚;1;5;6;9097;0.0006595580960756293
23319;我们朝夕相伴，你是我人间的糖——大柠;1;5;6;9097;0.0006595580960756293
23321;🍬我的岁月因你而温暖☼ (˘͈ᵕ ˘͈❀) ♡ ༘⋆;1;5;6;9097;0.0006595580960756293
23323;等苦尽甘来的那一天，山河星月都做贺礼;1;5;6;9097;0.0006595580960756293
23325;中午好;1;4;5;9097;0.0005496317467296911
23327;中午好;1;4;5;9097;0.0005496317467296911
23329;🚲。.:* ❀  ʕ ᵔᴥ ᵔʔℒ❁Ѵ℮✿  这一生山长水阔  要跟喜欢的人つ♡⊂  过有趣的日子🌸˃̵͈̑ᴗ˂̵͈̑🌸;1;4;5;9097;0.0005496317467296911
23331;即使一切看起来都暗淡无光，也要留意那些微弱的光芒。;1;4;5;9097;0.0005496317467296911
23333;世上没有那么多天赋异禀，优秀的人总是努力地翻山越岭，你要知道：最终使你脱颖而出的，是持之以恒，是真正坚持做一件事，而时间会看得见。;1;4;5;9097;0.0005496317467296911
23335;小兰独美;1;4;5;9097;0.0005496317467296911
23337;中午好[心];1;4;5;9097;0.0005496317467296911
23339;“以这份热爱，致你那嗳阳般的笑容”  𝙒𝙞𝙩𝙝 𝙩𝙝𝙞𝙨 𝙡𝙤𝙫𝙚 𝙩𝙤 𝙮𝙤𝙪𝙧 𝙨𝙪𝙣𝙣𝙮 𝙨𝙢𝙞𝙡𝙚.;1;4;5;9097;0.0005496317467296911
23341;研究显示：每晚睡前一小时喝一杯热牛奶，会比不喝牛奶的人多花几块钱;1;4;5;9097;0.0005496317467296911
23343;[抱一抱][抱一抱][抱一抱];1;4;5;9097;0.0005496317467296911
23345;毛利兰独美[微笑];1;5;6;9097;0.0006595580960756293
23347;星际列车各有航向，璀璨梦想殊途终往。;1;4;5;9097;0.0005496317467296911
23349;去成为你本应该成为的人，任何时候都不会太晚。;1;4;5;9097;0.0005496317467296911
23351;我看你平时大大咧咧的，怎么喜欢我却不好意思说 ​​;1;4;5;9097;0.0005496317467296911
23353;午好[给力][给力][给力];1;4;5;9097;0.0005496317467296911
23355;用昨天的微笑，续写今天的快乐，以今天的快乐，链接一生的健康。祝愿我们每日快乐，潇洒，开心。🌹🌹[心][心][咖啡][咖啡];1;3;4;9097;0.0004397053973837529
23357;实话实说;1;3;4;9097;0.0004397053973837529
23359;你真的好有礼貌，上次见面时，你招呼都没打一声，就走进了我的心里[奋斗];1;4;5;9097;0.0005496317467296911
23361;挺喜欢小兰的;1;5;6;9097;0.0006595580960756293
23363;人生如歌，在生命的历程中，怎样的决定、怎样的坚持，成就怎样的人生。;1;4;5;9097;0.0005496317467296911
23365;在阳光下灿烂，在风雨中坚强，最棒的三个字: 靠自己。;1;4;5;9097;0.0005496317467296911
23367;所谓美丽的女人，大美为心净，中美为修寂，小美为貌体。;1;4;5;9097;0.0005496317467296911
23369;喜欢小兰;1;4;5;9097;0.0005496317467296911
23371;我的孤独认识你的孤独 ——《人间草木》 汪曾祺;1;2;3;9097;0.00032977904803781465
23373;光是遇见，就已经很美好了🌻;1;2;3;9097;0.00032977904803781465
23375;堤坝上有兜卖风筝的小贩，他们在预售着春天;1;2;3;9097;0.00032977904803781465
23377;中午好;1;3;4;9097;0.0004397053973837529
23379;真好;1;3;4;9097;0.0004397053973837529
23381;我希望你一直发光，而我永远为你热泪盈眶;1;3;4;9097;0.0004397053973837529
23383;聪明从来都是把事情归纳得更简单;1;3;4;9097;0.0004397053973837529
23385;[摊手][摊手][摊手];1;5;6;9097;0.0006595580960756293
23387;中午好;1;4;5;9097;0.0005496317467296911
23389;少走了弯路，也就错过了风景，无论如何，感谢经历。;1;3;4;9097;0.0004397053973837529
23391;“你像是我迷茫的青春中唯一的指路灯”  𝐘𝐨𝐮 𝐚𝐫𝐞 𝐥𝐢𝐤𝐞 𝐭𝐡𝐞 𝐨𝐧𝐥𝐲 𝐬𝐢𝐠𝐧𝐚𝐥 𝐥𝐢𝐠𝐡𝐭 𝐢𝐧 𝐦𝐲 𝐥𝐨𝐬𝐭 𝐲𝐨𝐮𝐭𝐡.;1;4;5;9097;0.0005496317467296911
23393;我掀起山河奔向你，踏进星辰来访你;1;2;3;9097;0.00032977904803781465
23395;[心][心][心];1;4;5;9097;0.0005496317467296911
23397;没看过;1;2;3;9097;0.00032977904803781465
23399;光是遇见，就已经很美好了🌻;1;3;4;9097;0.0004397053973837529
23405;关键是裁了也挣不着钱，甲方都会压价的。东西只会卖的越来越便宜。;2;4;6;9097;0.0006595580960756293
23419;是不是关闭了？账号用不了啊;1;0;1;9097;0.00010992634934593822
23430;5是格尔尼卡？6是星月夜？7不清楚，8是时间？？9是日出印象。;2;0;2;9097;0.00021985269869187644
23433;为什么收费;3;0;3;9097;0.00032977904803781465
23448;润;1;0;1;9097;0.00010992634934593822
23455;http://t.cn/A6N27umS 这个吧;1;1;2;9097;0.00021985269869187644
23458;就这张[666]能发我原图吗？;1;1;2;9097;0.00021985269869187644
23460;美美美;3;1;4;9097;0.0004397053973837529
23465;给我看看;1;0;1;9097;0.00010992634934593822
23467;http://t.cn/A6N2PX0K;1;0;1;9097;0.00010992634934593822
23472;[阴险];1;0;1;9097;0.00010992634934593822
23476;谁[裂开];1;1;2;9097;0.00021985269869187644
23478;到底随啊看了一圈还没知道[微笑][伤心];1;1;2;9097;0.00021985269869187644
23480;啊什么;1;1;2;9097;0.00021985269869187644
23504;有啊怎么没有了;1;27;28;9097;0.00307793778168627
23512;识别和输出是同一个功能，所以不可能有;1;0;1;9097;0.00010992634934593822
23515;但事实上流浪汉确实是完完全全的人类，那些画也确确实实是他手工画的画，只是他现在没办法出面反驳了。;2;895;897;9097;0.09860393536330658
23518;没有人类艺术家，我就成为人类艺术家，你这样想着，转身就开始张罗着准备画具、石膏像和雕刻刀这些古董。而在你房间隐秘角落的摄像头另一端，一群实验员振臂欢呼，他们长达二十几年的实验项目终于有了质的飞跃，可以有自我意识、能根据自身处境形成特定艺术风格的Al机器人即将诞生并风靡全球。;2;337;339;9097;0.03726503242827306
23530;快乐的~~[伤心];1;1;2;9097;0.00021985269869187644
23542;具体是怎么用啊？是给他输入一个参考图吗？[doge];4;0;4;9097;0.0004397053973837529
23547;可爱[兔子];1;0;1;9097;0.00010992634934593822
23549;宝宝可以自印吗[哇];1;0;1;9097;0.00010992634934593822
23576;mj里有没有能进行多人打斗的限定词？不是摆POSE的那种，真正让几个角色打起咏春(*'▽'*);1;0;1;9097;0.00010992634934593822
23582;过保护期可以直接用，为什么要拿别人的画来生成自己的东西？还作者算席勒？不然呢？;1;10;11;9097;0.0012091898428053204
23597;#一诺xbc[超话]# 话题投稿主题已改为#逐光之幸 与诺同行# 大家快带着自己和小诺的故事作品参与起来吧[送花花];1;13;14;9097;0.001538968890843135
23768;30秒出图！你的超级画师已就位#iGame游戏装备#;4;4;8;9097;0.0008794107947675058
23782;好看[doge];1;2;3;9097;0.00032977904803781465
23784;[赞][赞][赞];1;2;3;9097;0.00032977904803781465
23786;哇 你也在搞了么？;1;2;3;9097;0.00032977904803781465
23788;相当可以[给力];2;2;4;9097;0.0004397053973837529
23791;你还有啥不会的？[憧憬];1;0;1;9097;0.00010992634934593822
23795;这钱和雇人或者请人的成本一比……实在是不值一提;1;0;1;9097;0.00010992634934593822
23813;有自动挡汽车，谁还要开手动挡的车子，为了所谓的操作感吗;11;9;20;9097;0.0021985269869187643
23825;为啥那么多人喜欢AI啊？那东西看多了真不觉得够么？;3;25;28;9097;0.00307793778168627
23829;为什么就喷火龙画了mega，这是不是特殊待遇[悲伤];2;16;18;9097;0.001978674288226888
23832;可以拿来做头像么;1;2;3;9097;0.00032977904803781465
23843;ai应该不会画漫画吧？[笑cry];1;0;1;9097;0.00010992634934593822
23880;整点高糊图片能切才是牛掰，这种对比强烈的PS随便切;3;9;12;9097;0.0013191161921512586
23884;Google：sigh... http://t.cn/A6NAnp5e;1;6;7;9097;0.0007694844454215675
23887;感觉离meta构想的元宇宙又近一步，其实小扎要是在GPT4之后提这个概念就好了[思考];3;12;15;9097;0.0016488952401890733
23910;蓝钻豹仔。;1;0;1;9097;0.00010992634934593822
23912;学无止境[good][good][good];1;0;1;9097;0.00010992634934593822
23932;妈的好爱[泪][泪][泪]但是我更爱我自己的[挤眼];1;1;2;9097;0.00021985269869187644
23935;哈哈突然不认识[爱你];1;0;1;9097;0.00010992634934593822
23941;欧洲也开始封ai了，单纯因为欧洲互联网不行[二哈];2;0;2;9097;0.00021985269869187644
23944;山楂哥哥还是挺帅的;1;0;1;9097;0.00010992634934593822
23946;何老师这么多年都没长胖啊！;1;0;1;9097;0.00010992634934593822
23948;哈哈哈哈哈看到了某个广东仔;5;0;5;9097;0.0005496317467296911
23956;感觉就好像工业进步了，制作简单的东西可以量产了，反而手工制品就变成精致和贵的代名词了[跪了];1;4;5;9097;0.0005496317467296911
23961;[送花花];1;0;1;9097;0.00010992634934593822
23963;喜欢第一张;1;0;1;9097;0.00010992634934593822
23966;有点像热巴[报税];1;0;1;9097;0.00010992634934593822
23985;[允悲]我们公司已经在用了;2;0;2;9097;0.00021985269869187644
23988;在同人bot宣传一下然后放个打赏码？或者放爱发电🤔;1;0;1;9097;0.00010992634934593822
23992;真的好想品尝一下这样的啤酒。;1;0;1;9097;0.00010992634934593822
23994;第1次听说人工智能啤酒。;1;0;1;9097;0.00010992634934593822
23996;这样的人工智能啤酒看着特别的新颖感觉会很不错。[笑cry];1;0;1;9097;0.00010992634934593822
24011;收藏一下[作揖][作揖]谢谢分享[鲜花][鲜花]纵横安好[鲜花][鲜花][音乐][音乐];1;0;1;9097;0.00010992634934593822
24022;我不喜欢ai绘画的一个点是ai绘画会整合优秀画师的画风，在此基础上进行修改，现在的主要问题是ai绘画出来后，很多人就会忽略，甚至是唾弃传统画师[抓狂][抓狂];2;0;2;9097;0.00021985269869187644
24049;著作权法了解一下？;6;0;6;9097;0.0006595580960756293
24061;意境还行，建筑真差。;1;0;1;9097;0.00010992634934593822
24066;期待一把小日子他主子也ai上位[哇];1;0;1;9097;0.00010992634934593822
24072;哪个游戏人物？类似时光代理人？;1;0;1;9097;0.00010992634934593822
24074;没有猜出来;1;0;1;9097;0.00010992634934593822
24076;强迫症不想破坏队形还有两张放pl;2;0;2;9097;0.00021985269869187644
24081;内测了文言一心 画图水平跟这根本就不是一个时代的产物 差了一百年吧 百度还不如不发布文言一心 让大家很失望[失望];14;6;20;9097;0.0021985269869187643
24096;什么软件啊 我也想玩;4;1;5;9097;0.0005496317467296911
24101;哇 好棒;1;0;1;9097;0.00010992634934593822
24109;求账号;1;0;1;9097;0.00010992634934593822
24111;乌拉圭人十岁就少年老成胡子拉碴[春游家族][春游家族];1;2;3;9097;0.00032977904803781465
24119;好可爱！这是midjourney画的吗？;2;0;2;9097;0.00021985269869187644
24125;十八号这样的人怎么可能穿三分裤取悦男人呢？;1;0;1;9097;0.00010992634934593822
24141;怎么搞高清图[泪];2;0;2;9097;0.00021985269869187644
24144;和淇淇最像的漫画，是用那个[爱你]软件画的？[爱你][爱你][爱你];1;0;1;9097;0.00010992634934593822
24159;刚提交的大概多久能收到内测码呢;2;0;2;9097;0.00021985269869187644
24162;内测邀请码是发到邮箱里面的吗？;1;0;1;9097;0.00010992634934593822
24165;这套其实是8K，精致到毛孔都出现的图， 我会考虑找个合适的机会发布。[泪] 我的某书被限流，某音被封号两次了。。。[单身青蛙]抹掉名字盗我图的人点赞是我的几十倍，欲哭无泪。;2;7;9;9097;0.000989337144113444
24168;大神，弱弱地问下你用什么显卡？;5;0;5;9097;0.0005496317467296911
24174;有木有分享图的群哇[打call][打call];3;0;3;9097;0.00032977904803781465
24179;8k那得多长时间啊;1;0;1;9097;0.00010992634934593822
24196;人脑的构造以及能力目前不是机器能模仿的;2;1;3;9097;0.00032977904803781465
24199;喜欢图三;4;0;4;9097;0.0004397053973837529
24204;有点你的感觉……;1;0;1;9097;0.00010992634934593822
24206;那还得是童姐画的好看！大家快看我头像[开学季][开学季];1;0;1;9097;0.00010992634934593822
24208;上次我用自己的照片转换，没想到是个长满腿毛的大汉，从此再也不信ai;1;0;1;9097;0.00010992634934593822
24210;姐姐好厉害[打call][打call]画的好好看[哇][哇];1;0;1;9097;0.00010992634934593822
24212;有种美丽又危险的感觉捏[开学季][开学季];1;0;1;9097;0.00010992634934593822
24214;哇哇哇 童姐姐太腻害了[心动超崽];1;0;1;9097;0.00010992634934593822
24216;啊啊啊姐姐画的好好看！！;1;0;1;9097;0.00010992634934593822
24218;美女乖乖 这个可以用微信头像吗哈哈哈哈哈好好看哈哈哈哈哈;2;0;2;9097;0.00021985269869187644
24221;图1 好看！！！！;2;0;2;9097;0.00021985269869187644
24224;太喜欢了！！！;2;0;2;9097;0.00021985269869187644
24227;姐妹求事业 用这张当壁纸和朋友圈聊天背景可以吗 http://t.cn/A6NLUeiS;3;0;3;9097;0.00032977904803781465
24231;姐 换了桃花壁纸和头像有几天 crush长久按兵不动的 今天居然变得主动了！[哆啦A梦害怕];1;0;1;9097;0.00010992634934593822
24233;🐍[泪]害怕 不过人是米的[爱你];2;0;2;9097;0.00021985269869187644
24236;哇 真的好好看[爱你]不愧是童童[666];1;0;1;9097;0.00010992634934593822
24238;美女！刚刚还因为工作哭唧唧，看到美女我开心了;1;0;1;9097;0.00010992634934593822
24267;手指还是有待优化啊~;1;0;1;9097;0.00010992634934593822
24272;不太聪明的亚子[doge];1;0;1;9097;0.00010992634934593822
24278;我突然想到老福特一堆真人画手抵制AI的事情;3;3;6;9097;0.0006595580960756293
24283;那是啥玩意;1;0;1;9097;0.00010992634934593822
24312;[打call];1;0;1;9097;0.00010992634934593822
24318;不咋滴;1;0;1;9097;0.00010992634934593822
24321;阿云啊，你就是我心中的人工智能，你是真的懂我[苦涩][苦涩];1;0;1;9097;0.00010992634934593822
24324;好像1995年就有灌籃高手了;1;1;2;9097;0.00021985269869187644
24327;漫画版是怎么弄的[笑哈哈];2;0;2;9097;0.00021985269869187644
24330;可以的[doge];1;0;1;9097;0.00010992634934593822
24332;最…好看嘛;2;0;2;9097;0.00021985269869187644
24335;我还是觉得你真人比较好看;1;0;1;9097;0.00010992634934593822
24337;具有一定的欺诈性[并不简单][并不简单][并不简单];1;0;1;9097;0.00010992634934593822
24339;感觉质感差点，啥原因[doge];1;0;1;9097;0.00010992634934593822
24341;他都玩O了;1;1;2;9097;0.00021985269869187644
24343;别投老图了，是真若智还是单纯想抹黑[疑问];1;9;10;9097;0.0010992634934593821
24354;啊啊啊，笑死我了;1;0;1;9097;0.00010992634934593822
24356;崩溃;1;0;1;9097;0.00010992634934593822
24358;啊啊啊啊啊[微笑][微笑][微笑];1;0;1;9097;0.00010992634934593822
24360;啊啊啊啊笑死我了;1;0;1;9097;0.00010992634934593822
24362;op是这样的，小孩子不懂事分尸玩的，建议把他做成ai绘画[阴险];1;0;1;9097;0.00010992634934593822
24364;我要笑喷了;1;0;1;9097;0.00010992634934593822
24366;额呃呃呃……我真不好说了;1;0;1;9097;0.00010992634934593822
24385;有没有价格侠~[干饭人];1;0;1;9097;0.00010992634934593822
24391;外星人看起来真友善[doge];1;1;2;9097;0.00021985269869187644
24407;他的waitlist一般插件开发者的通过率较高，但是申请者最好不要为通过申请而说谎话，代价很高;1;1;2;9097;0.00021985269869187644
24419;就会很高端么[可乐];1;3;4;9097;0.0004397053973837529
24421;这图真的信了，;2;2;4;9097;0.0004397053973837529
24425;研究研究改行吧;1;0;1;9097;0.00010992634934593822
24427;最近colab被限制了，运行时总会断连，怎么破[泪];2;0;2;9097;0.00021985269869187644
24430;请问是什么APP啊;3;0;3;9097;0.00032977904803781465
24434;推特上的人也都挺小气的。一般都不肯说是怎么弄得;2;3;5;9097;0.0005496317467296911
24437;AI(StableDiffusion)で生成した画像をBlenderで立体化・カメラワーク等をつけて動画化したものを中心にアップしていきます。;1;1;2;9097;0.00021985269869187644
24443;开开心心[心];1;2;3;9097;0.00032977904803781465
24445;这个画风是哪个模型呀～跟常用的m开头那个模型看着有些区别，却又很精致;1;0;1;9097;0.00010992634934593822
