发布者;真实一级评论数;真实点赞数;边数;最大边数;集群密度
Ai数字大学;49;832;881;192059;0.0045871320792048274
AI工具汇总;2;101;103;192059;0.0005362935347992023
AI探索洋;10;185;195;192059;0.0010153130027751888
聚梦小课堂;287;15000;15287;192059;0.07959533268422725
蓝鲸TMT;948;25000;25948;192059;0.13510431690261845
傻大个黑科技;1;10;11;192059;5.7274066823215785e-05
止吾说;6;107;113;192059;0.0005883608682748531
Bittle白;3;9;12;192059;6.248080017078086e-05
伟哥分享;6;19;25;192059;0.0001301683336891268
AI研小生☆AI应用分享;1362;4050;5412;192059;0.028178840877022163
阿皓传媒;404;4406;4810;192059;0.025044387401787993
以溪同学;269;6509;6778;192059;0.03529123862979605
57954210597;105;1449;1554;192059;0.00809126362211612
Excel 表姐凌祯;10;55;65;192059;0.00033843766759172964
编程界面;2;27;29;192059;0.00015099526707938708
菲神说科技;116;1772;1888;192059;0.009830312560202854
小范叨叨;1;43;44;192059;0.00022909626729286314
杉姐玩AI;34;2717;2751;192059;0.01432372343915151
AI工具汇总;30;461;491;192059;0.0025565060736544498
翠爷聊跨境汽配;24;34;58;192059;0.00030199053415877415
逆风AIGC;8;46;54;192059;0.00028116360076851384
愚人兰;4;49;53;192059;0.00027595686742094876
高教国培;1;4;5;192059;2.6033666737825357e-05
无知便是罪;40;222;262;192059;0.0013641641370620487
夏哥聊商业（YC孵化模式）;55;284;339;192059;0.0017650826048245592
V+视界;10;65;75;192059;0.0003905050010673803
微软乐映专卖店;7;200;207;192059;0.0010777938029459698
AI冲浪者;1;2;3;192059;1.5620200042695214e-05
Windows;12;246;258;192059;0.0013433372036717884
爱学习的Julia;6;120;126;192059;0.000656048401793199
盘古先锋;5;27;32;192059;0.00016661546712208228
就是Iris;11;122;133;192059;0.0006924955352261544
AI资讯助手小e;1;15;16;192059;8.330773356104114e-05
逆风AIGC;44;902;946;192059;0.004925569746796557
聚梦小课堂;243;14000;14243;192059;0.0741595030693693
一只会飞的旺旺;6;20;26;192059;0.00013537506703669184
创业斯基;291;26000;26291;192059;0.1368902264408333
奇客三美;19;112;131;192059;0.0006820820685310244
北大学姐;141;1807;1948;192059;0.010142716561056758
Ai 11社区-社长;82;5712;5794;192059;0.030167813015792022
AI工具汇总;2;29;31;192059;0.0001614087337745172
ChatGPT Plus;25;454;479;192059;0.0024940252734836693
阿皓传媒;282;351;633;192059;0.0032958622090086902
章鱼AI;1;46;47;192059;0.00024471646733555835
大云说科技;52;4430;4482;192059;0.02333657886378665
1024nettech;15;437;452;192059;0.0023534434730994123
短学堂;16;374;390;192059;0.0020306260055503777
运维小陈;76;1605;1681;192059;0.008752518757256885
二倍速研报;115;1851;1966;192059;0.01023643776131293
程序员小山与Bug;1568;54000;55568;192059;0.2893277586574959
轻松一刻;36;1492;1528;192059;0.007955888555079428
AI研小生☆AI应用分享;130;484;614;192059;0.003196934275404954
Lemoooooooo;177;6551;6728;192059;0.0350309019624178
瓦力评测;30;469;499;192059;0.0025981599404349704
未来博物馆MoFA;38;515;553;192059;0.0028793235412034844
程序员鱼皮;292;11000;11292;192059;0.05879443296070478
程序员老张（22点～24点直播）;83;1375;1458;192059;0.007591417220749874
AI研小生☆AI应用分享;226;1558;1784;192059;0.009288812292056086
运维小陈;269;1439;1708;192059;0.00889310055764114
一分钟学Excel;100;1625;1725;192059;0.008981615024549748
一闪流溢;9;92;101;192059;0.0005258800681040721
Shiki实验室;57;585;642;192059;0.0033427228091367756
灯珑;5;137;142;192059;0.0007393561353542401
彬哥;2152;49000;51152;192059;0.26633482419464855
许乐电脑日记—神都洛阳;250;2913;3163;192059;0.01646889757834832
休康;50;1194;1244;192059;0.006477176284370948
it楠老师教java;2780;76000;78780;192059;0.4101864531211763
ChatGPT应用场景;6;393;399;192059;0.0020774866056784635
产品君;43;4048;4091;192059;0.021300746124888706
小智话不多;16;240;256;192059;0.0013329237369766583
永青读书;2;8;10;192059;5.2067333475650714e-05
AIGC研习社;4;40;44;192059;0.00022909626729286314
牛大AI元宇宙;4;46;50;192059;0.0002603366673782536
老麦的工具库;117;4689;4806;192059;0.02502356046839773
MILKYBEWICK;147;1149;1296;192059;0.006747926418444333
大左科普;20;185;205;192059;0.0010673803362508396
黑马程序员;6;151;157;192059;0.0008174571355677162
AI黑魔法;1;7;8;192059;4.165386678052057e-05
Sophia职场进阶;2;6;8;192059;4.165386678052057e-05
穿行者;2;21;23;192059;0.00011975486699399663
翠爷聊跨境汽配;157;522;679;192059;0.003535371942996683
AI冲浪者;1;1;2;192059;1.0413466695130143e-05
多功能小陈;1;11;12;192059;6.248080017078086e-05
AI冲浪者;1;1;2;192059;1.0413466695130143e-05
Windows;9;144;153;192059;0.0007966302021774559
亮;28;635;663;192059;0.0034520642094356424
阿杰爱科普℡～;10;49;59;192059;0.0003071972675063392
Ai影视;1;3;4;192059;2.0826933390260285e-05
ChatGPT应用场景;426;12000;12426;192059;0.06469886857684358
凯;4;10;14;192059;7.2894266865911e-05
小白教学;54;757;811;192059;0.004222660744875273
Ai 11社区-社长;9;215;224;192059;0.001166308269854576
逆风AIGC;3;42;45;192059;0.0002343030006404282
他山之石;1;12;13;192059;6.768753351834592e-05
浪里漂;1;9;10;192059;5.2067333475650714e-05
财经网精选;6;143;149;192059;0.0007758032687871956
工具鸭;14;172;186;192059;0.0009684524026471032
AI冲浪者;1;2;3;192059;1.5620200042695214e-05
Ai休眠期;1;3;4;192059;2.0826933390260285e-05
Camelia山茶花;4;127;131;192059;0.0006820820685310244
AI前沿;18;209;227;192059;0.0011819284698972711
ZeroOttm;5;78;83;192059;0.0004321588678479009
彭军;1;14;15;192059;7.810100021347606e-05
1024nettech;5;45;50;192059;0.0002603366673782536
避错指南;3;46;49;192059;0.0002551299340306885
小财报;2;32;34;192059;0.0001770289338172124
江小河见生活;7;33;40;192059;0.00020826933390260285
openai365;1;4;5;192059;2.6033666737825357e-05
冷眼看世界吧;1;6;7;192059;3.64471334329555e-05
远哥聊AI;2;19;21;192059;0.00010934140029886649
国联云;1;11;12;192059;6.248080017078086e-05
新眸实验室;51;618;669;192059;0.0034833046095210326
Tim的Excel（众民科技）;13;81;94;192059;0.0004894329346711167
量子位;38;597;635;192059;0.00330627567570382
华夏时报;5;76;81;192059;0.0004217454011527708
Fisher的AI进化之路;1;4;5;192059;2.6033666737825357e-05
脉冲星航站;2;113;115;192059;0.0005987743349699832
71131276778;2;4;6;192059;3.124040008539043e-05
格子互联网科技;1;10;11;192059;5.7274066823215785e-05
新华网财经;6;130;136;192059;0.0007081157352688496
知一企业管理咨询;4;70;74;192059;0.00038529826771981524
Open科技;46;290;336;192059;0.0017494624047818639
AI科技;2;7;9;192059;4.686060012808564e-05
科学探索者;2;22;24;192059;0.0001249616003415617
媛宝财经;2;18;20;192059;0.00010413466695130143
蓝鲸TMT;38;536;574;192059;0.0029886649415023507
界面新闻;9;185;194;192059;0.0010101062694276239
九方-生财有道;25;1143;1168;192059;0.0060814645499560034
莎;1;6;7;192059;3.64471334329555e-05
软件邦;1;18;19;192059;9.892793360373635e-05
中国基金报;6;167;173;192059;0.0009007648691287573
龙游侠;1;2;3;192059;1.5620200042695214e-05
影驰科技;10;2000;2010;192059;0.010465534028605793
房东老高;7;61;68;192059;0.0003540578676344248
拾千;2;52;54;192059;0.00028116360076851384
JaRui Yang;2;24;26;192059;0.00013537506703669184
爱设计de乐章;107;1705;1812;192059;0.009434600825787908
chatGPT龍;1;2;3;192059;1.5620200042695214e-05
北大学渣-宇凡;13059;179000;192059;192059;1.0
东方网;6;85;91;192059;0.00047381273462842146
财联社CC新闻;133;656;789;192059;0.0041081126112288415
华能;6;102;108;192059;0.0005623272015370277
OfficeTalker(AI);7;427;434;192059;0.002259722272843241
心行者;21;374;395;192059;0.002056659672288203
格物时间;12;323;335;192059;0.001744255671434299
智能百科全书;1;3;4;192059;2.0826933390260285e-05
贝塔编程周老板;1;50;51;192059;0.0002655434007258186
锐意进取DeYuan;64;7329;7393;192059;0.03849337963854857
虚拟人焦娟de元宇宙;2;5;7;192059;3.64471334329555e-05
心行者;359;3984;4343;192059;0.022612842928475103
