发布者;真实一级评论数;真实点赞数;边数;最大边数;集群密度
阿童教电脑;29;332;361;17451;0.020686493610681336
雪碧.;131;5295;5426;17451;0.3109277405306286
马掌柜的笔记pro;26;431;457;17451;0.02618761102515615
alpha;1;4;5;17451;0.0002865165320038966
猫小潮探索AI新玩法;216;6297;6513;17451;0.37321643458827575
LucyBot;1;21;22;17451;0.001260672740817145
资源核;3;5;8;17451;0.0004584264512062346
IT豪哥-电脑软件教程;36;604;640;17451;0.03667411609649877
AI魔法;14;188;202;17451;0.011575267892957423
猫腻妖妖;77;648;725;17451;0.04154489714056501
AI掌门;34;215;249;17451;0.014268523293794052
IT豪哥-电脑软件教程;40;557;597;17451;0.03421007392126526
科技猎奇;20;480;500;17451;0.028651653200389662
ChatAI;5;71;76;17451;0.004355051286459228
缠中解禅;1;11;12;17451;0.0006876396768093519
娇姐IT说;2;36;38;17451;0.002177525643229614
猫腻妖妖;147;401;548;17451;0.03140221190762707
元创视界;7;17;24;17451;0.0013752793536187038
太古李;13;218;231;17451;0.013237063778580024
chatgpt&数字人;9;178;187;17451;0.010715718296945734
曹湘;31;759;790;17451;0.045269612056615664
kcodez 编程与源码;7;220;227;17451;0.013007850552976907
Procode2001;6;62;68;17451;0.003896624835252994
Procode2001;19;401;420;17451;0.024067388688327317
科技品鉴官;12;147;159;17451;0.009111225717723912
新世界的船;3;28;31;17451;0.001776402498424159
曼求索;17;116;133;17451;0.00762133975130365
数字世界的Daniel;73;1470;1543;17451;0.0884190017764025
星火会员;2;51;53;17451;0.003037075239241304
娇姐IT说;21;228;249;17451;0.014268523293794052
荡漾小漾;3;5;8;17451;0.0004584264512062346
小吕说智能;8;64;72;17451;0.0041258380608561115
王逸仙;15;146;161;17451;0.009225832330525471
AIGC研习社;57;1370;1427;17451;0.0817718182339121
娇姐IT说;29;356;385;17451;0.02206177296430004
chatgpt&数字人;8;57;65;17451;0.003724714916050656
DayDayUp每天向上;1;8;9;17451;0.0005157297576070139
量子位;60;1633;1693;17451;0.09701449773651939
IT豪哥-电脑软件教程;64;661;725;17451;0.04154489714056501
程序员情迁;5;10;15;17451;0.0008595495960116899
知道E点;2;8;10;17451;0.0005730330640077932
壹零社爱科学;14;435;449;17451;0.025729184573949918
神君入戏，鬼帅登台;4;33;37;17451;0.002120222336828835
疯言封语的羊;22;253;275;17451;0.015758409260214313
古一方道;24;160;184;17451;0.010543808377743396
孤独AI探索营;18;148;166;17451;0.009512348862529368
大可不必呀;8;206;214;17451;0.012262907569766775
ChatGPT探索;8;42;50;17451;0.002865165320038966
西园公子;4;116;120;17451;0.006876396768093519
tech 边界;1;10;11;17451;0.0006303363704085725
IT豪哥-电脑软件教程;84;955;1039;17451;0.05953813535040972
AI视界小新;4;42;46;17451;0.002635952094435849
留美十年博士;9;213;222;17451;0.01272133402097301
止吾说;5;28;33;17451;0.0018910091112257178
Ai 11社区-社长;515;12000;12515;17451;0.7171508796057533
都百顺;107;1794;1901;17451;0.1089335854678815
企业资讯;3;67;70;17451;0.004011231448054553
推哥项目笔记;6;76;82;17451;0.004698871124863904
计算机一级二级课堂;4;53;57;17451;0.0032662884648444216
榴芒;45;892;937;17451;0.053693198097530224
Procode2001;14;140;154;17451;0.008824709185720016
量子位;19;287;306;17451;0.017534811758638472
猫腻妖妖;31;91;122;17451;0.006991003380895078
古一方道;13;25;38;17451;0.002177525643229614
Adamcena;1;8;9;17451;0.0005157297576070139
番茄资讯社;4;61;65;17451;0.003724714916050656
IT那些小事儿;338;2244;2582;17451;0.14795713712681222
狄利克雷卷积;1;4;5;17451;0.0002865165320038966
京探;17;640;657;17451;0.037648272305312015
科技小飞哥;29;233;262;17451;0.015013466277004183
素月流天;1451;16000;17451;17451;1.0
赛博瘸子;8;1300;1308;17451;0.07495272477221936
CryPto;2;26;28;17451;0.001604492579221821
常常99;100;6472;6572;17451;0.37659732966592174
Python宋宋讲编程每周二五11点直播;5;57;62;17451;0.003552804996848318
棱棱爱剪辑yo;159;997;1156;17451;0.0662426221993009
IT豪哥-电脑软件教程;17;104;121;17451;0.006933700074494298
聚梦小课堂;206;12000;12206;17451;0.6994441579279125
SunNika;8;18;26;17451;0.0014898859664202624
mujila;2;17;19;17451;0.001088762821614807
AI研究生;1;3;4;17451;0.0002292132256031173
IT那些小事儿;2;20;22;17451;0.001260672740817145
John说IT资讯;2;6;8;17451;0.0004584264512062346
阿四哥vlog;3;10;13;17451;0.0007449429832101312
belive03;1;26;27;17451;0.0015471892728210418
Aha! AI;1;13;14;17451;0.0008022462896109105
微辣中国;4;68;72;17451;0.0041258380608561115
Tike1;3;28;31;17451;0.001776402498424159
盛洁shengchanli.online;4;24;28;17451;0.001604492579221821
番茄资讯社;1;14;15;17451;0.0008595495960116899
番茄资讯社;3;53;56;17451;0.003208985158443642
不倒翁uu;0;4;4;17451;0.0002292132256031173
裤兜儿;1;8;9;17451;0.0005157297576070139
中关村在线;42;1519;1561;17451;0.08945046129161653
Sweekli;8;899;907;17451;0.051974098905506846
bk201;1;2;3;17451;0.00017190991920233798
棱棱爱剪辑yo;2;37;39;17451;0.0022348289496303938
灵光AI;3;9;12;17451;0.0006876396768093519
ChatGPT好美学堂;5;276;281;17451;0.01610222909861899
与豪improving;3;18;21;17451;0.0012033694344163659
AI Daily;19;100;119;17451;0.00681909346169274
John说IT资讯;3;5;8;17451;0.0004584264512062346
京探;1;25;26;17451;0.0014898859664202624
王煜全;6;105;111;17451;0.006360667010486505
江小河见生活;2;6;8;17451;0.0004584264512062346
AI小白;1;17;18;17451;0.0010314595152140279
互联网工具箱;9;605;614;17451;0.03518423013007851
哇喔;744;5859;6603;17451;0.3783737321643459
纯茶加冰不要糖;2;13;15;17451;0.0008595495960116899
周周看世界;5;3;8;17451;0.0004584264512062346
