发布者;真实一级评论数;真实点赞数;边数;最大边数;集群密度
谢安妮野生设计;1091;33000;34091;273948;0.12444332501058596
散步的彭导;140;8613;8753;273948;0.03195131922846672
小旻说;2719;139000;141719;273948;0.5173208054083257
深度智能前线;228;10000;10228;273948;0.03733555273263539
联想小新;59;5274;5333;273948;0.019467198154394266
谢安妮野生设计;89;23000;23089;273948;0.08428241856118679
同花顺-数据可视化;13;800;813;273948;0.0029677165009417846
钱大柱跨境电商;7948;266000;273948;273948;1.0
浙江日报;1;80;81;273948;0.00029567655175434754
奈美美酱;104;3424;3528;273948;0.012878356476411583
小强哥搞设计;440;3365;3805;273948;0.013889497276855461
小猪老湿丨且曼;38;1259;1297;273948;0.004734475155868997
AI绘画小白白（有课）;21;534;555;273948;0.002025931928687196
老亚瑟解说;1729;37000;38729;273948;0.14137354534437194
白粥;1472;36000;37472;273948;0.1367850833004804
HUBO l 且曼学院;18;566;584;273948;0.002131791434870851
画久久;313;25000;25313;273948;0.09240074758713332
才夙;138;7844;7982;273948;0.02913691649510126
菜娃电商;70;2746;2816;273948;0.010279323083212872
是剧剧呀;2;1370;1372;273948;0.0050082497408267266
白无常C4D;203;22000;22203;273948;0.08104822813088615
AI绘画小白白（有课）;23;593;616;273948;0.0022486019244528158
创意茄子;1069;20000;21069;273948;0.07690875640632529
石头的穿衣报告;169;5847;6016;273948;0.02196037204140932
蓝鲸TMT;15;281;296;273948;0.0010804970286331713
量子位;127;3087;3214;273948;0.011732153547388555
赛文乔伊;548;43000;43548;273948;0.1589644750098559
AI绘画测评师猴哥;27;527;554;273948;0.0020222816008877596
飞鸟C4D;75;2803;2878;273948;0.01050564340677793
菡哥;151;1433;1584;273948;0.005782119234307241
国服鲁小班;25;828;853;273948;0.00311372961291924
ZWY惟怡;102;6832;6934;273948;0.025311372961291923
keqiangb16｜且曼学院;31;4071;4102;273948;0.014973644633288069
胡甘乱刻;129;4682;4811;273948;0.01756172704308847
王总的ai绘画世界;7;78;85;273948;0.0003102778629520931
西岚美图壁纸;8;359;367;273948;0.0013396703023931548
白无常C4D;65;1760;1825;273948;0.0066618482339714106
诗语(壁纸);25;490;515;273948;0.0018799188167097406
keqiangb16｜且曼学院;29;2199;2228;273948;0.008132930337144276
AI科技评论;91;2388;2479;273948;0.009049162614802809
AI画画画;5;135;140;273948;0.0005110458919210945
