发布者;真实一级评论数;真实点赞数;边数;最大边数;集群密度
网易财经;38;229;267;8296;0.03218418514946962
明七笑;4;6;10;8296;0.0012054001928640309
爱范儿;1;4;5;8296;0.0006027000964320154
虎嗅APP;1;3;4;8296;0.00048216007714561236
侃见财经;431;446;877;8296;0.1057135969141755
周一Joey-;3;1;4;8296;0.00048216007714561236
水哥妖股;2;1;3;8296;0.0003616200578592093
财经陈小财;377;401;778;8296;0.0937801350048216
力可财经;353;362;715;8296;0.08618611378977821
侃见财经;383;435;818;8296;0.09860173577627772
三倍速科技;4;24;28;8296;0.0033751205400192863
刘老师侃科技;102;102;204;8296;0.02459016393442623
Tech星球;206;200;406;8296;0.048939247830279656
深泉者行;1;1;2;8296;0.00024108003857280618
王文机;22;27;49;8296;0.0059064609450337514
张一网;13;13;26;8296;0.00313404050144648
国产小新;13;137;150;8296;0.01808100289296046
有漾学漾;38;100;138;8296;0.016634522661523626
刘老师侃科技;20;98;118;8296;0.014223722275795565
科小宅;20;20;40;8296;0.0048216007714561235
尤林yulin;21;24;45;8296;0.005424300867888139
颜科技;19;20;39;8296;0.0047010607521697206
鼎盛风清;1;7;8;8296;0.0009643201542912247
柠檬王同学;28;104;132;8296;0.01591128254580521
上班摆烂青年;21;147;168;8296;0.020250723240115717
摸鱼段子手;20;141;161;8296;0.019406943105110895
臭弟弟;18;127;145;8296;0.01747830279652845
追剧小鬼才;17;130;147;8296;0.017719382835101254
刘老师侃科技;18;145;163;8296;0.019648023143683704
恋爱投递员;21;153;174;8296;0.020973963355834138
内涵台长;16;233;249;8296;0.03001446480231437
第一家电网;2;1;3;8296;0.0003616200578592093
雪球;1;7;8;8296;0.0009643201542912247
用友;1;2;3;8296;0.0003616200578592093
电商行业;17;53;70;8296;0.008437801350048216
房长沙V;1;3;4;8296;0.00048216007714561236
锌刻度Znkedu;1;1;2;8296;0.00024108003857280618
电商报;19;96;115;8296;0.013862102217936354
金翅大鹏哥哥;3;124;127;8296;0.015308582449373193
爱记仇的小熊猫;4;17;21;8296;0.0025313404050144647
大智若愚-龙云;23;23;46;8296;0.005544840887174542
华媒号;1;4;5;8296;0.0006027000964320154
波士财经;462;558;1020;8296;0.12295081967213115
超短蚂蚁;2;1;3;8296;0.0003616200578592093
H大宝;9;49;58;8296;0.006991321118611379
财联社APP;4;17;21;8296;0.0025313404050144647
北京现代;13;235;248;8296;0.029893924783027964
财联社APP;6;14;20;8296;0.0024108003857280617
方正之间;7;11;18;8296;0.0021697203471552555
百度;11;19;30;8296;0.0036162005785920926
投中网;2;2;4;8296;0.00048216007714561236
中国家电网;16;21;37;8296;0.004459980713596914
华媒号;1;4;5;8296;0.0006027000964320154
沙雕插班生;556;543;1099;8296;0.132473481195757
IT宅男说;547;902;1449;8296;0.17466248794599806
大呆秦;13;224;237;8296;0.02856798457087753
手机中国;3;1;4;8296;0.00048216007714561236
苏苏股当家;1;215;216;8296;0.026036644165863067
张栋伟;1;1;2;8296;0.00024108003857280618
天方夜谭_丝路;3;21;24;8296;0.0028929604628736743
小袁读书;1;5;6;8296;0.0007232401157184186
智造圈;7;30;37;8296;0.004459980713596914
董骥;15;20;35;8296;0.004218900675024108
EdgarPerez;3;2;5;8296;0.0006027000964320154
科普少女;197;248;445;8296;0.05364030858244937
IT之家;1;1;2;8296;0.00024108003857280618
百度;17;54;71;8296;0.008558341369334619
南朋友数藏元宇宙;5;24;29;8296;0.0034956605593056897
进击的阿秀;20;267;287;8296;0.034594985535197686
金融八卦女;3;109;112;8296;0.013500482160077145
佟忆;11;131;142;8296;0.017116682738669238
科技小贝;766;7530;8296;8296;1.0
羊又走丢了;15;107;122;8296;0.014705882352941176
张栋伟;2;1;3;8296;0.0003616200578592093
洲济捣蛋;2;4;6;8296;0.0007232401157184186
月相数据员;11;53;64;8296;0.007714561234329798
冷知酱;22;111;133;8296;0.01603182256509161
科技猩球;200;226;426;8296;0.051350048216007714
蓝绿那点事;139;244;383;8296;0.04616682738669238
国产小新;13;127;140;8296;0.016875602700096432
戴面具的布鲁斯;35;116;151;8296;0.018201542912246866
憨憨行为图鉴;18;81;99;8296;0.011933461909353906
恋爱投递员;21;97;118;8296;0.014223722275795565
迷惑;31;126;157;8296;0.018924783027965283
上班摆烂青年;19;85;104;8296;0.01253616200578592
刘老师侃科技;26;115;141;8296;0.016996142719382837
追剧小鬼才;25;109;134;8296;0.016152362584378015
臭弟弟;19;87;106;8296;0.012777242044358728
憨憨老师;25;107;132;8296;0.01591128254580521
财联社APP;2;13;15;8296;0.0018081002892960463
究竟视频;1;2;3;8296;0.0003616200578592093
人工智能那点事;1;3;4;8296;0.00048216007714561236
成林说;8;35;43;8296;0.005183220829315333
国际在线新闻;2;4;6;8296;0.0007232401157184186
张栋伟;1;1;2;8296;0.00024108003857280618
我是Leo_6;2;1;3;8296;0.0003616200578592093
刘不太六;1;2;3;8296;0.0003616200578592093
百度百家号;2;1;3;8296;0.0003616200578592093
音综那些事;40;230;270;8296;0.03254580520732883
影视剧尝鲜;37;229;266;8296;0.03206364513018322
时尚星官;41;232;273;8296;0.03290742526518804
说互联网;60;252;312;8296;0.037608486017357765
红莲爱科技;169;430;599;8296;0.07220347155255545
成天说财经;435;389;824;8296;0.09932497589199614
侃见财经;421;373;794;8296;0.09570877531340405
南风窗;14;17;31;8296;0.0037367405978784955
闲谈记;422;443;865;8296;0.10426711668273866
百度搜索;1;2;3;8296;0.0003616200578592093
贝果财经;1;2;3;8296;0.0003616200578592093
电商报;45;114;159;8296;0.01916586306653809
皇家校长皇家校长;0;1;1;8296;0.00012054001928640309
贝果财经;1;1;2;8296;0.00024108003857280618
指汇盈;1;2;3;8296;0.0003616200578592093
wuxianlin;7;12;19;8296;0.002290260366441659
你们的隔壁老王啊;1;1;2;8296;0.00024108003857280618
花甲麟;1;1;2;8296;0.00024108003857280618
运营商的秘密;1;2;3;8296;0.0003616200578592093
清照徽因225;1;4;5;8296;0.0006027000964320154
丁振凯;2;29;31;8296;0.0037367405978784955
电商行业;67;271;338;8296;0.040742526518804244
深泉者行;1;9;10;8296;0.0012054001928640309
三言科技;1;1;2;8296;0.00024108003857280618
爱记仇的小熊猫;26;453;479;8296;0.05773866923818708
zzzv2;1;1;2;8296;0.00024108003857280618
阿远不开车;4;14;18;8296;0.0021697203471552555
2gua;7;22;29;8296;0.0034956605593056897
岳川博;44;123;167;8296;0.020130183220829316
八月俊杰;1;2;3;8296;0.0003616200578592093
天津股侠;40;1386;1426;8296;0.1718900675024108
白展堂会梦见电子羊吗;2;3;5;8296;0.0006027000964320154
种花家的小钱钱呢;1;1;2;8296;0.00024108003857280618
黑马王子得一;2;6;8;8296;0.0009643201542912247
DadaYes_106;2;3;5;8296;0.0006027000964320154
DiscountedCheerFlow;1;4;5;8296;0.0006027000964320154
房长沙V;2;8;10;8296;0.0012054001928640309
长颈鹿的围脖儿;1;2;3;8296;0.0003616200578592093
齐鲁大D;2;17;19;8296;0.002290260366441659
无形又无相;1;2;3;8296;0.0003616200578592093
逆风飞扬0414;1;1;2;8296;0.00024108003857280618
阿弥陀佛007;3;3;6;8296;0.0007232401157184186
百度;502;336;838;8296;0.10101253616200578
LT_HW;6;37;43;8296;0.005183220829315333
北京新触点;1;3;4;8296;0.00048216007714561236
木偶人Moon_Man;1;1;2;8296;0.00024108003857280618
LyhhhhhZz;3;3;6;8296;0.0007232401157184186
老谭电商;8;117;125;8296;0.015067502410800385
微思敦;3;9;12;8296;0.0014464802314368371
ChatCooker;2;4;6;8296;0.0007232401157184186
鼎盛风清;3;13;16;8296;0.0019286403085824494
格竹熊;110;582;692;8296;0.08341369334619093
元宇宙途说;2;1;3;8296;0.0003616200578592093
北京人寿;36;43;79;8296;0.009522661523625844
电商报;43;244;287;8296;0.034594985535197686
互联网的大事儿;5;3;8;8296;0.0009643201542912247
青年英俊有才华;1;1;2;8296;0.00024108003857280618
互联网的一些事;3;5;8;8296;0.0009643201542912247
万顺叫车;2;2;4;8296;0.00048216007714561236
超能财经;5;21;26;8296;0.00313404050144648
北京人寿;29;29;58;8296;0.006991321118611379
八月俊杰;2;3;5;8296;0.0006027000964320154
爱昕爵螺;1;4;5;8296;0.0006027000964320154
广西小wu;60;4924;4984;8296;0.600771456123433
程序员灵爸双减带娃;2;4;6;8296;0.0007232401157184186
张栋伟;4;19;23;8296;0.002772420443587271
爱羽毛;1;4;5;8296;0.0006027000964320154
信海光;3;4;7;8296;0.0008437801350048216
正经社;2;2;4;8296;0.00048216007714561236
科技刚子;58;411;469;8296;0.05653326904532305
财联社APP;1;10;11;8296;0.001325940212150434
Apache9;42;250;292;8296;0.0351976856316297
我失去了睡懒觉的超能力;2;1;3;8296;0.0003616200578592093
林优秀88;48;392;440;8296;0.05303760848601736
何夕;9;46;55;8296;0.00662970106075217
丸子桑嘛;33;240;273;8296;0.03290742526518804
差评君;40;475;515;8296;0.06207810993249759
房长沙V;1;2;3;8296;0.0003616200578592093
AI大数据时代;32;39;71;8296;0.008558341369334619
云南516;1;10;11;8296;0.001325940212150434
SandyCity;1;2;3;8296;0.0003616200578592093
成林说;3;17;20;8296;0.0024108003857280617
Zz趙威wW;2;3;5;8296;0.0006027000964320154
翻电GPT;1;26;27;8296;0.0032545805207328834
电商行业;17;66;83;8296;0.010004821600771456
苏可可fanyang;3;6;9;8296;0.0010848601735776277
黑白的miss白;1;4;5;8296;0.0006027000964320154
GXY的股事;1;1;2;8296;0.00024108003857280618
势之为重;8;49;57;8296;0.006870781099324976
南朋友数藏元宇宙;11;45;56;8296;0.006750241080038573
风云学会陈经;24;126;150;8296;0.01808100289296046
嗷呜百事;2;1;3;8296;0.0003616200578592093
还是韦恩;1;7;8;8296;0.0009643201542912247
百度;5;13;18;8296;0.0021697203471552555
于欣烈;1;6;7;8296;0.0008437801350048216
曾经那瞬间;2;1;3;8296;0.0003616200578592093
方向对了的欢哥;4;1;5;8296;0.0006027000964320154
胡引成;1;1;2;8296;0.00024108003857280618
montotooooo;2;1;3;8296;0.0003616200578592093
天涯姑苏小三房;3;6;9;8296;0.0010848601735776277
岚图汽车;23;81;104;8296;0.01253616200578592
胖虎鲸;35;324;359;8296;0.04327386692381871
可以叫我山姆;8;11;19;8296;0.002290260366441659
猩猩吸猩猩;16;70;86;8296;0.010366441658630666
葛东生;2;9;11;8296;0.001325940212150434
雪霁风飞叶;2;1;3;8296;0.0003616200578592093
生命的轨迹1972;1;5;6;8296;0.0007232401157184186
view2future;3;2;5;8296;0.0006027000964320154
阿龙哥BLOG;7;2;9;8296;0.0010848601735776277
新浪财经;8;45;53;8296;0.006388621022179364
Moonbeam43;1;3;4;8296;0.00048216007714561236
葛东生;3;4;7;8296;0.0008437801350048216
马男说投资;2;1;3;8296;0.0003616200578592093
电动知士运营小妹;2;2;4;8296;0.00048216007714561236
SongJin1123_;6;3;9;8296;0.0010848601735776277
轻轻的go;1;3;4;8296;0.00048216007714561236
财经网科技;2;1;3;8296;0.0003616200578592093
丁振凯;3;2;5;8296;0.0006027000964320154
瘦东东即将拥有人鱼线;3;6;9;8296;0.0010848601735776277
以史为鉴V;1;12;13;8296;0.00156702025072324
钱江晚报;9;8;17;8296;0.0020491803278688526
头条新闻;4;46;50;8296;0.006027000964320154
百度;7;16;23;8296;0.002772420443587271
灯笼鬼打工手册;7;77;84;8296;0.010125361620057859
森赛;4;9;13;8296;0.00156702025072324
传媒老王;24;93;117;8296;0.014103182256509162
荒井健一ak;1;4;5;8296;0.0006027000964320154
Yufengxxx;2;3;5;8296;0.0006027000964320154
模型预测;12;58;70;8296;0.008437801350048216
刘兴亮;7;8;15;8296;0.0018081002892960463
陆锡鑫;2;2;4;8296;0.00048216007714561236
凤凰网科技;14;25;39;8296;0.0047010607521697206
IT之家;1;4;5;8296;0.0006027000964320154
股票检测工程师;5;4;9;8296;0.0010848601735776277
胖哥杨力;31;69;100;8296;0.012054001928640309
土肥圆阿囧_咕噜碳教成员;1;13;14;8296;0.0016875602700096432
金融界网站;2;2;4;8296;0.00048216007714561236
猩猩吸猩猩;14;71;85;8296;0.010245901639344262
凤凰网科技;2;6;8;8296;0.0009643201542912247
科技最前线V;1;7;8;8296;0.0009643201542912247
战斧Cosplay创造;1;13;14;8296;0.0016875602700096432
相三三三;4;2;6;8296;0.0007232401157184186
财联社APP;13;32;45;8296;0.005424300867888139
多维财经;31;32;63;8296;0.007594021215043395
暗金色月亮;4;9;13;8296;0.00156702025072324
八月俊杰;1;2;3;8296;0.0003616200578592093
史炎nacl;9;236;245;8296;0.029532304725168757
21世纪经济报道;1;7;8;8296;0.0009643201542912247
大河报;10;50;60;8296;0.007232401157184185
Jingle粳米;1;2;3;8296;0.0003616200578592093
Mrs张小桃;1;1;2;8296;0.00024108003857280618
太二在逃酸菜鱼;1;1;2;8296;0.00024108003857280618
SMGNEWS;1;2;3;8296;0.0003616200578592093
没有胶原蛋白成员阿袂;2;1;3;8296;0.0003616200578592093
刘兴亮;6;8;14;8296;0.0016875602700096432
不交朋友;1;1;2;8296;0.00024108003857280618
真冬O;1;19;20;8296;0.0024108003857280617
投资界微博;2;2;4;8296;0.00048216007714561236
互联网八哥;40;133;173;8296;0.020853423336547734
第一财经日报;2;3;5;8296;0.0006027000964320154
AutoportraitVanGogh;14;36;50;8296;0.006027000964320154
投行泰山;6;14;20;8296;0.0024108003857280617
硅谷陈源-海外杂谈;1;12;13;8296;0.00156702025072324
五十一堆金子_;3;1;4;8296;0.00048216007714561236
卖女孩的小男孩i;1;1;2;8296;0.00024108003857280618
愿望长高没;1;3;4;8296;0.00048216007714561236
进击的大张伟;1;1;2;8296;0.00024108003857280618
创业邦;1;1;2;8296;0.00024108003857280618
新浪财经;7;33;40;8296;0.0048216007714561235
浙人无为;1;3;4;8296;0.00048216007714561236
异次元软件X;1;5;6;8296;0.0007232401157184186
第一财经日报;8;24;32;8296;0.003857280617164899
友情小爪;3;2;5;8296;0.0006027000964320154
浙人无为;2;4;6;8296;0.0007232401157184186
蔓越莓杏仁可颂;1;1;2;8296;0.00024108003857280618
幻想滚去平原午休;1;1;2;8296;0.00024108003857280618
第一财经;6;16;22;8296;0.002651880424300868
御马爷;2;6;8;8296;0.0009643201542912247
日知_PolyU;2;3;5;8296;0.0006027000964320154
巴伦周刊;3;8;11;8296;0.001325940212150434
许子东;83;729;812;8296;0.09787849566055931
数码科技大爆炸VVV;25;125;150;8296;0.01808100289296046
网际飞侠;3;21;24;8296;0.0028929604628736743
景云的语;4;4;8;8296;0.0009643201542912247
财经杂志;4;5;9;8296;0.0010848601735776277
番茄殿下;12;42;54;8296;0.006509161041465767
光子星球;18;25;43;8296;0.005183220829315333
雷达财经;3;4;7;8296;0.0008437801350048216
环球市场播报;2;9;11;8296;0.001325940212150434
番茄殿下;10;72;82;8296;0.009884281581485053
金融界网站;4;7;11;8296;0.001325940212150434
当然是小夫啦;1;2;3;8296;0.0003616200578592093
一颗瓶子和一只羊;2;4;6;8296;0.0007232401157184186
来自故事-;1;3;4;8296;0.00048216007714561236
王冰汝;199;1214;1413;8296;0.17032304725168756
宁萌zz;1;1;2;8296;0.00024108003857280618
老罗Champion;4;12;16;8296;0.0019286403085824494
不交朋友;3;1;4;8296;0.00048216007714561236
默默天下芬芳;1;3;4;8296;0.00048216007714561236
姬永锋;2;13;15;8296;0.0018081002892960463
进击的兔子ray;1;1;2;8296;0.00024108003857280618
汀苑小同学;5;3;8;8296;0.0009643201542912247
正和岛标准;3;5;8;8296;0.0009643201542912247
第一财经日报;2;5;7;8296;0.0008437801350048216
爱机撕mo人;2;1;3;8296;0.0003616200578592093
魏春亮;1;1;2;8296;0.00024108003857280618
爱机撕mo人;1;2;3;8296;0.0003616200578592093
科创板日报;24;47;71;8296;0.008558341369334619
格诺爱数码;3;2;5;8296;0.0006027000964320154
财联社APP;46;51;97;8296;0.0116923818707811
百忍说;5;18;23;8296;0.002772420443587271
皮皮推;6;10;16;8296;0.0019286403085824494
一九八四丰臻;4;12;16;8296;0.0019286403085824494
财经杂志;1;1;2;8296;0.00024108003857280618
魏春亮;3;4;7;8296;0.0008437801350048216
寒塘秋鹤;1;2;3;8296;0.0003616200578592093
杨天婴;7;9;16;8296;0.0019286403085824494
爷真不是吴彦祖;1;1;2;8296;0.00024108003857280618
方脑壳邓铂鋆;59;179;238;8296;0.028688524590163935
阿怪的健;1;2;3;8296;0.0003616200578592093
哈侠;19;57;76;8296;0.009161041465766635
Kevin在纽约;78;424;502;8296;0.06051108968177435
Jession2022;1;1;2;8296;0.00024108003857280618
种斌Marco;1;4;5;8296;0.0006027000964320154
柔妍自得;4;7;11;8296;0.001325940212150434
天启元元;8;34;42;8296;0.005062680810028929
不是那片海了;1;9;10;8296;0.0012054001928640309
杜立言;6;12;18;8296;0.0021697203471552555
填鸭式教育受害者;57;398;455;8296;0.054845708775313404
爱传播新传考研;1;3;4;8296;0.00048216007714561236
港式冻茶柠;2;1;3;8296;0.0003616200578592093
小明Voix;31;435;466;8296;0.05617164898746384
赵刚先生;4;3;7;8296;0.0008437801350048216
杜立言;6;18;24;8296;0.0028929604628736743
邓小兔价值投资日记;1;9;10;8296;0.0012054001928640309
极客公园;1;1;2;8296;0.00024108003857280618
复旦张_军平;6;21;27;8296;0.0032545805207328834
景云的语;9;16;25;8296;0.003013500482160077
荐见;52;1577;1629;8296;0.19635969141755064
江瀚的视野;6;5;11;8296;0.001325940212150434
信阳茶叶;1;2;3;8296;0.0003616200578592093
Quincy_Liu;1;3;4;8296;0.00048216007714561236
科技小辛;87;198;285;8296;0.03435390549662488
追剧小鬼才;26;173;199;8296;0.023987463837994213
迷惑;30;182;212;8296;0.025554484088717456
手机中国;4;10;14;8296;0.0016875602700096432
憨憨行为图鉴;23;171;194;8296;0.0233847637415622
谍中谍2021;1;6;7;8296;0.0008437801350048216
摸鱼段子手;26;174;200;8296;0.024108003857280617
上班摆烂青年;24;138;162;8296;0.0195274831243973
臭弟弟;20;144;164;8296;0.019768563162970106
财经网科技;1;2;3;8296;0.0003616200578592093
内涵台长;25;152;177;8296;0.021335583413693345
小老虎不虎吖;1;1;2;8296;0.00024108003857280618
憨憨老师;33;167;200;8296;0.024108003857280617
恋爱投递员;21;149;170;8296;0.020491803278688523
趣味无限大集合;1;302;303;8296;0.03652362584378013
剧娱安利;1;302;303;8296;0.03652362584378013
任泽平;101;313;414;8296;0.04990356798457088
深蓝财经;5;12;17;8296;0.0020491803278688526
麻辣村花;1;292;293;8296;0.03531822565091611
湖苑洪舟;1;1;2;8296;0.00024108003857280618
戏精趣闻榜;1;294;295;8296;0.03555930568948891
金融八卦女;16;30;46;8296;0.005544840887174542
懒人酱;1;299;300;8296;0.03616200578592092
书摘选集;1;302;303;8296;0.03652362584378013
全球第一恶搞;1;303;304;8296;0.03664416586306654
娱知秋;1;290;291;8296;0.0350771456123433
音乐剧综少女;1;297;298;8296;0.03592092574734812
香港經濟日報;1;2;3;8296;0.0003616200578592093
独立经济学家徐爽-金融派;1;3;4;8296;0.00048216007714561236
我想起一个特别特别长的ID;1;5;6;8296;0.0007232401157184186
酷玩实验室;1;5;6;8296;0.0007232401157184186
搜狐财经;5;1;6;8296;0.0007232401157184186
我欲乘风归去z;1;1;2;8296;0.00024108003857280618
凯雷;15;36;51;8296;0.006147540983606557
At_P1NK_Ver2;2;9;11;8296;0.001325940212150434
君子和而不同999;9;28;37;8296;0.004459980713596914
倒吸一口凉屁;5;50;55;8296;0.00662970106075217
假装正经的楼哥;139;1761;1900;8296;0.22902603664416588
郭咏;2;5;7;8296;0.0008437801350048216
朱烨crystal;3;8;11;8296;0.001325940212150434
南岭河边;1;2;3;8296;0.0003616200578592093
梧桐清声;1;1;2;8296;0.00024108003857280618
凯雷;44;71;115;8296;0.013862102217936354
野马野马啊;1;9;10;8296;0.0012054001928640309
墨說財經;12;45;57;8296;0.006870781099324976
cheggie;1;1;2;8296;0.00024108003857280618
Actrally;1;1;2;8296;0.00024108003857280618
张家齐la;84;568;652;8296;0.07859209257473482
花间笑-萧wz;3;1;4;8296;0.00048216007714561236
WenRen尚前;2;7;9;8296;0.0010848601735776277
大师我误了;1;1;2;8296;0.00024108003857280618
美鑫思密达;2;2;4;8296;0.00048216007714561236
沙雕轰炸机;1;4;5;8296;0.0006027000964320154
shylock1w1;1;1;2;8296;0.00024108003857280618
陈乐乐Diving;283;2209;2492;8296;0.3003857280617165
马方说管理;72;572;644;8296;0.07762777242044358
怎么才能变强;1;1;2;8296;0.00024108003857280618
证券市场红周刊;10;46;56;8296;0.006750241080038573
陈根微博;1;6;7;8296;0.0008437801350048216
磐石之心;3;8;11;8296;0.001325940212150434
花袜豇;1;2;3;8296;0.0003616200578592093
摩卡;402;3837;4239;8296;0.5109691417550627
刘洪明BMC619;11;59;70;8296;0.008437801350048216
皇城根下刀笔吏;43;190;233;8296;0.02808582449373192
36氪;22;85;107;8296;0.01289778206364513
皇城根下刀笔吏;66;654;720;8296;0.08678881388621022
短线牛掌柜;1;5;6;8296;0.0007232401157184186
蕨代霜蛟;20;239;259;8296;0.031219864995178398
敖丙;3;9;12;8296;0.0014464802314368371
电商报;9;54;63;8296;0.007594021215043395
卢晓周;5;23;28;8296;0.0033751205400192863
一只基宝;4;15;19;8296;0.002290260366441659
设屋攻業X2R;2;8;10;8296;0.0012054001928640309
永无君;1;4;5;8296;0.0006027000964320154
中国地震台网速报;9;58;67;8296;0.008076181292189007
赵宏民;11;15;26;8296;0.00313404050144648
王政;3;2;5;8296;0.0006027000964320154
二六九大队助理工程师;5;37;42;8296;0.005062680810028929
这个人是真的很懒;2;1;3;8296;0.0003616200578592093
望潮轩主;1;1;2;8296;0.00024108003857280618
乐享廊坊;1;2;3;8296;0.0003616200578592093
幻海轻云;1;1;2;8296;0.00024108003857280618
21世纪经济报道;6;14;20;8296;0.0024108003857280617
江白风;1;2;3;8296;0.0003616200578592093
吃定股市;56;130;186;8296;0.022420443587270973
夏虫工作室V;4;9;13;8296;0.00156702025072324
百度;18;31;49;8296;0.0059064609450337514
新浪科技;7;17;24;8296;0.0028929604628736743
新浪财经;8;17;25;8296;0.003013500482160077
上官一赢天;1;6;7;8296;0.0008437801350048216
投资者张;2;2;4;8296;0.00048216007714561236
梨视频;9;16;25;8296;0.003013500482160077
awu5425;2;4;6;8296;0.0007232401157184186
凯雷;14;21;35;8296;0.004218900675024108
深蓝财经;3;3;6;8296;0.0007232401157184186
Lingomancy话术研;33;602;635;8296;0.07654291224686596
品玩;4;2;6;8296;0.0007232401157184186
南方人物周刊;2;7;9;8296;0.0010848601735776277
木图星星;1;1;2;8296;0.00024108003857280618
爱昕爵螺;3;1;4;8296;0.00048216007714561236
江瀚的视野;1;1;2;8296;0.00024108003857280618
当前身份为人类;2;4;6;8296;0.0007232401157184186
新浪科技;24;138;162;8296;0.0195274831243973
百度;7;11;18;8296;0.0021697203471552555
聚镁智能;5;6;11;8296;0.001325940212150434
忘川文纨WR;4;6;10;8296;0.0012054001928640309
赵宏民;4;12;16;8296;0.0019286403085824494
黎双富;2;11;13;8296;0.00156702025072324
不再不再见i;3;3;6;8296;0.0007232401157184186
海滩上的KOP;1;1;2;8296;0.00024108003857280618
拐点价值投资;1;1;2;8296;0.00024108003857280618
刘兴亮;6;24;30;8296;0.0036162005785920926
吴彦军;4;12;16;8296;0.0019286403085824494
姚凌宇;10;370;380;8296;0.04580520732883317
商悟社长;1;10;11;8296;0.001325940212150434
CYPRESSHILL;3;1;4;8296;0.00048216007714561236
财经网科技;2;4;6;8296;0.0007232401157184186
新浪财经;18;154;172;8296;0.020732883317261332
Olili_13;2;3;5;8296;0.0006027000964320154
郑峻;10;52;62;8296;0.007473481195756991
电商报;29;104;133;8296;0.01603182256509161
爱记仇的小熊猫;21;81;102;8296;0.012295081967213115
情报局的枪声与哲学讨论;1;2;3;8296;0.0003616200578592093
王什么冰_w;1;3;4;8296;0.00048216007714561236
Lingomancy话术研;1;22;23;8296;0.002772420443587271
老李滔滔不绝;42;164;206;8296;0.024831243972999035
后厂炒饭哥;2;7;9;8296;0.0010848601735776277
深圳股侠2022;1;10;11;8296;0.001325940212150434
轮途在线测评;4;4;8;8296;0.0009643201542912247
可以叫我山姆;6;12;18;8296;0.0021697203471552555
作手新一投研;5;8;13;8296;0.00156702025072324
凯雷;75;309;384;8296;0.04628736740597879
少述派;7;32;39;8296;0.0047010607521697206
兰生的瓶子;1;9;10;8296;0.0012054001928640309
毛哥和江叔;18;177;195;8296;0.0235053037608486
仰望弗洛伊德;3;9;12;8296;0.0014464802314368371
行走黑暗间;2;4;6;8296;0.0007232401157184186
数码科技大爆炸VVV;57;252;309;8296;0.037246865959498554
苏雨农;1;1;2;8296;0.00024108003857280618
烈焰童子;1;5;6;8296;0.0007232401157184186
刘泫子;2;2;4;8296;0.00048216007714561236
llyyxx是我;1;2;3;8296;0.0003616200578592093
菩提树上的狼;2;1;3;8296;0.0003616200578592093
扶他林身体去痛小银管;10;42;52;8296;0.00626808100289296
芬必得不为疼痛止步;28;192;220;8296;0.02651880424300868
雷达财经;1;1;2;8296;0.00024108003857280618
刘兴亮;9;15;24;8296;0.0028929604628736743
鼎盛风清;27;239;266;8296;0.03206364513018322
淘沙博士;1;16;17;8296;0.0020491803278688526
小螺号嘀嘀嘀崔;2;2;4;8296;0.00048216007714561236
小螺号嘀嘀嘀崔;2;1;3;8296;0.0003616200578592093
凯雷;26;93;119;8296;0.014344262295081968
凯雷;17;68;85;8296;0.010245901639344262
米悦说说;2;3;5;8296;0.0006027000964320154
哈勃观察员;18;78;96;8296;0.011571841851494697
庄志明律师;3;7;10;8296;0.0012054001928640309
keyring_xa;1;5;6;8296;0.0007232401157184186
晚然說;1;5;6;8296;0.0007232401157184186
chenge_ge;3;3;6;8296;0.0007232401157184186
智玩TOP;14;68;82;8296;0.009884281581485053
雷迪克R;1;4;5;8296;0.0006027000964320154
一蓑烟雨_hh;2;1;3;8296;0.0003616200578592093
内分泌王叔;2;1;3;8296;0.0003616200578592093
Jession2022;1;3;4;8296;0.00048216007714561236
凌晨刚醒;18;97;115;8296;0.013862102217936354
文辛于;2;1;3;8296;0.0003616200578592093
沁彩斑斓玉杂书房;1;2;3;8296;0.0003616200578592093
鸭城猫师爷;8;5;13;8296;0.00156702025072324
机电之家一体化;6;6;12;8296;0.0014464802314368371
不会做饭的黑客不是好铲屎官;5;3;8;8296;0.0009643201542912247
上个昵称有点长;1;3;4;8296;0.00048216007714561236
凯雷;23;76;99;8296;0.011933461909353906
朱锡庆;1;5;6;8296;0.0007232401157184186
小海0尐笨疍0;2;1;3;8296;0.0003616200578592093
克睿斯琛;1;1;2;8296;0.00024108003857280618
只因科技;4;6;10;8296;0.0012054001928640309
天方夜谭_丝路;2;33;35;8296;0.004218900675024108
评论尸;5;42;47;8296;0.005665380906460945
西州牧;1;5;6;8296;0.0007232401157184186
MetaPost_Official;1;1;2;8296;0.00024108003857280618
三言科技;5;34;39;8296;0.0047010607521697206
投资伯乐;6;28;34;8296;0.004098360655737705
山风岚和小湖;1;1;2;8296;0.00024108003857280618
北落的师门;13;24;37;8296;0.004459980713596914
设屋攻業X2R;1;5;6;8296;0.0007232401157184186
帆舞滔天;1;2;3;8296;0.0003616200578592093
逻辑石渔;2;2;4;8296;0.00048216007714561236
互联网纵横;3;2;5;8296;0.0006027000964320154
数字视线;2;2;4;8296;0.00048216007714561236
长安乔木在微博;4;5;9;8296;0.0010848601735776277
科技银狐;1;12;13;8296;0.00156702025072324
潘_驴_邓小闲;2;3;5;8296;0.0006027000964320154
H文先森;1;1;2;8296;0.00024108003857280618
房长沙V;2;14;16;8296;0.0019286403085824494
风闻社区;43;273;316;8296;0.038090646094503376
爱卡汽车;1;4;5;8296;0.0006027000964320154
szuwx;2;1;3;8296;0.0003616200578592093
Tsing丿;2;2;4;8296;0.00048216007714561236
邵旭峰视界;2;3;5;8296;0.0006027000964320154
蔡春保井冈山人;1;1;2;8296;0.00024108003857280618
Lingomancy话术研;10;38;48;8296;0.0057859209257473485
凤凰网科技;10;19;29;8296;0.0034956605593056897
36氪;12;50;62;8296;0.007473481195756991
科技好运;5;6;11;8296;0.001325940212150434
财经评论;1;5;6;8296;0.0007232401157184186
小张Yor来考考你;2;119;121;8296;0.014585342333654773
科技Sex;14;17;31;8296;0.0037367405978784955
但斌;32;160;192;8296;0.023143683702989394
岳东晓博士;52;429;481;8296;0.05797974927675988
市场博物;2;4;6;8296;0.0007232401157184186
江之岛没有彼岸;2;5;7;8296;0.0008437801350048216
砂糖粽子酱;3;9;12;8296;0.0014464802314368371
深圳张逸轩;73;145;218;8296;0.026277724204435873
猴大宝;26;96;122;8296;0.014705882352941176
深圳张逸轩;41;112;153;8296;0.018442622950819672
GPT问答;2;2;4;8296;0.00048216007714561236
峰恋桃皓999;1;1;2;8296;0.00024108003857280618
spaceshuttle;4;15;19;8296;0.002290260366441659
吴紫羽TszyuNG-;2;33;35;8296;0.004218900675024108
奔跑吧黄毛;2;7;9;8296;0.0010848601735776277
三倍速科技;12;52;64;8296;0.007714561234329798
森赛;18;44;62;8296;0.007473481195756991
远帆pro;2;7;9;8296;0.0010848601735776277
Sun_刘磊;3;16;19;8296;0.002290260366441659
机智猫;38;333;371;8296;0.044720347155255545
依然不知道怎么合理取名字的小A;1;2;3;8296;0.0003616200578592093
文创客;82;630;712;8296;0.085824493731919
小爱数码圈;31;58;89;8296;0.010728061716489875
EpKong;19;43;62;8296;0.007473481195756991
磊阿磊阿磊磊磊;1;2;3;8296;0.0003616200578592093
应旺;145;840;985;8296;0.11873191899710704
宝子爱薯片;2;7;9;8296;0.0010848601735776277
观察者网;28;105;133;8296;0.01603182256509161
探员四十七;13;22;35;8296;0.004218900675024108
追剧小鬼才;18;142;160;8296;0.019286403085824494
憨憨老师;20;160;180;8296;0.021697203471552556
刘老师侃科技;23;173;196;8296;0.023625843780135006
B223星球喵;1;2;3;8296;0.0003616200578592093
数字尾巴;4;37;41;8296;0.004942140790742526
互联网三爷;31;45;76;8296;0.009161041465766635
樊百乐;55;326;381;8296;0.04592574734811958
了不起的王马丁;8;35;43;8296;0.005183220829315333
胖虎鲸;7;65;72;8296;0.008678881388621022
云端遛遛;1;3;4;8296;0.00048216007714561236
36氪;4;10;14;8296;0.0016875602700096432
喵树限定;1;3;4;8296;0.00048216007714561236
Zheshi一个昵称;1;1;2;8296;0.00024108003857280618
科技猩球;101;107;208;8296;0.02507232401157184
搞机年轻人;3;4;7;8296;0.0008437801350048216
涛哥爱拆机;1;7;8;8296;0.0009643201542912247
iBingo;21;178;199;8296;0.023987463837994213
风仍在吹;2;9;11;8296;0.001325940212150434
粘贴丶微笑;7;11;18;8296;0.0021697203471552555
杜立言;25;27;52;8296;0.00626808100289296
路边记;7;3;10;8296;0.0012054001928640309
北汽集团;7;13;20;8296;0.0024108003857280617
硬件学堂;1;5;6;8296;0.0007232401157184186
农特优选徐亚锋;13;56;69;8296;0.008317261330761813
鸿蒙钊哥;1;1;2;8296;0.00024108003857280618
老谭电商;12;112;124;8296;0.014946962391513982
清宁日月v;6;32;38;8296;0.004580520732883318
子弹财经;2;3;5;8296;0.0006027000964320154
星球财经;113;237;350;8296;0.04218900675024108
老丁是个生意人;4;16;20;8296;0.0024108003857280617
手机界大佬;35;156;191;8296;0.02302314368370299
红莲爱科技;33;87;120;8296;0.01446480231436837
蓝绿那点事;177;240;417;8296;0.05026518804243009
国产小新;15;123;138;8296;0.016634522661523626
第一财经日报;4;4;8;8296;0.0009643201542912247
Bright0574;1;2;3;8296;0.0003616200578592093
刘老师侃科技;17;146;163;8296;0.019648023143683704
阑夕;156;2354;2510;8296;0.3025554484088717
時節錄;2;1;3;8296;0.0003616200578592093
Cassie开水;0;2;2;8296;0.00024108003857280618
ethey2333;1;2;3;8296;0.0003616200578592093
各类资源和工具分享;1;1;2;8296;0.00024108003857280618
北京大峰峰;1;5;6;8296;0.0007232401157184186
云南广播电视台;26;288;314;8296;0.03784956605593057
科技猩球;3;1;4;8296;0.00048216007714561236
MoguoS;4;2;6;8296;0.0007232401157184186
兽数码;6;28;34;8296;0.004098360655737705
极客公园;1;2;3;8296;0.0003616200578592093
极客公园;108;112;220;8296;0.02651880424300868
影君子德尼罗;1;3;4;8296;0.00048216007714561236
叨哥胡侃;34;302;336;8296;0.040501446480231434
爆料一哥;3;2;5;8296;0.0006027000964320154
心理学考研王永平;2;10;12;8296;0.0014464802314368371
紫山OK;3;2;5;8296;0.0006027000964320154
郝小亮;2;2;4;8296;0.00048216007714561236
闫跃龙;3;7;10;8296;0.0012054001928640309
ZOL中关村在线;10;63;73;8296;0.008799421407907425
我是律师的朋友;1;1;2;8296;0.00024108003857280618
4A广告网;14;51;65;8296;0.0078351012536162
只因科技;11;23;34;8296;0.004098360655737705
宁波租房在线;3;1;4;8296;0.00048216007714561236
速途网;45;189;234;8296;0.028206364513018323
小海Geek;4;5;9;8296;0.0010848601735776277
金华身边事;4;12;16;8296;0.0019286403085824494
小机彩虹;3;6;9;8296;0.0010848601735776277
短的发布会;21;192;213;8296;0.025675024108003857
山水之间滚雪球;4;12;16;8296;0.0019286403085824494
Mr_lovone;1;1;2;8296;0.00024108003857280618
财入门;2;15;17;8296;0.0020491803278688526
GXY的股事;1;3;4;8296;0.00048216007714561236
2021兰芷;1;1;2;8296;0.00024108003857280618
敖丙;11;35;46;8296;0.005544840887174542
电商行业;32;79;111;8296;0.013379942140790742
广东台触电新闻;1;1;2;8296;0.00024108003857280618
北京商报;1;2;3;8296;0.0003616200578592093
正观国际;2;284;286;8296;0.034474445515911285
科技刚子;131;467;598;8296;0.07208293153326904
滨州文旅;2;1;3;8296;0.0003616200578592093
挣他一千万;1;1;2;8296;0.00024108003857280618
老猫慢慢爬;8;43;51;8296;0.006147540983606557
侃哥侃英语;16;46;62;8296;0.007473481195756991
手机中国;4;2;6;8296;0.0007232401157184186
差评君;29;141;170;8296;0.020491803278688523
互联网俊明说;185;1208;1393;8296;0.16791224686595949
叫我凤娟同学;8;2;10;8296;0.0012054001928640309
百度;30;45;75;8296;0.00904050144648023
徐记观察;27;116;143;8296;0.017237222757955643
免费打工仔_游戏开发极客;12;34;46;8296;0.005544840887174542
前前漫画射长;7;72;79;8296;0.009522661523625844
云端遛遛;1;3;4;8296;0.00048216007714561236
虫虫不老;1;1;2;8296;0.00024108003857280618
答答买车;6;1;7;8296;0.0008437801350048216
飞声腾实;1;4;5;8296;0.0006027000964320154
witchblair;1;4;5;8296;0.0006027000964320154
钟薛高;15;22;37;8296;0.004459980713596914
Brighton_St;1;4;5;8296;0.0006027000964320154
综艺影视全能君;28;166;194;8296;0.0233847637415622
全球IT行业网;201;644;845;8296;0.10185631629701061
柏铭007;6;14;20;8296;0.0024108003857280617
凤凰网财经;11;11;22;8296;0.002651880424300868
百度;14;25;39;8296;0.0047010607521697206
少数派sspai;8;17;25;8296;0.003013500482160077
数字尾巴;12;17;29;8296;0.0034956605593056897
有榆;1;2;3;8296;0.0003616200578592093
新浪财经;13;25;38;8296;0.004580520732883318
禅中七祖;1;2;3;8296;0.0003616200578592093
全荃1020;12;56;68;8296;0.00819672131147541
白投翁;5;4;9;8296;0.0010848601735776277
河小鱼向前冲;1;4;5;8296;0.0006027000964320154
财经平头哥;1;126;127;8296;0.015308582449373193
狼阿姨;3;3;6;8296;0.0007232401157184186
小老虎瑶瑶;1;3;4;8296;0.00048216007714561236
啊哈哈l_;1;3;4;8296;0.00048216007714561236
长江日报;1;2;3;8296;0.0003616200578592093
贝勒王·;3;3;6;8296;0.0007232401157184186
兔糕嘟成兔包;1;1;2;8296;0.00024108003857280618
智造圈;12;49;61;8296;0.007352941176470588
AI绘画-蓝田;1;1;2;8296;0.00024108003857280618
mindpixel;1;1;2;8296;0.00024108003857280618
CYPRESSHILL;3;3;6;8296;0.0007232401157184186
麻省理工科技评论;1;5;6;8296;0.0007232401157184186
互联网的一些事;8;12;20;8296;0.0024108003857280617
鼎盛风清;21;89;110;8296;0.01325940212150434
瑶碧丹华;2;7;9;8296;0.0010848601735776277
财联社APP;13;26;39;8296;0.0047010607521697206
热爱生活的刘玉郎;2;3;5;8296;0.0006027000964320154
新行情;12;86;98;8296;0.011812921890067503
科工的力量;13;42;55;8296;0.00662970106075217
谈科论普;1;2;3;8296;0.0003616200578592093
识货少年;13;328;341;8296;0.041104146576663454
什么值得买;17;23;40;8296;0.0048216007714561235
药神林小仙;3;14;17;8296;0.0020491803278688526
财经杂志;2;1;3;8296;0.0003616200578592093
ZYJ赵亚军;2;2;4;8296;0.00048216007714561236
互联网阿超;1;2;3;8296;0.0003616200578592093
究竟视频;2;2;4;8296;0.00048216007714561236
财经杂志;1;3;4;8296;0.00048216007714561236
七猫免费小说;7;14;21;8296;0.0025313404050144647
张国斌的芯时空;1;2;3;8296;0.0003616200578592093
云南广播电视台;40;215;255;8296;0.030737704918032786
短的发布会;233;471;704;8296;0.08486017357762778
仲_h;2;3;5;8296;0.0006027000964320154
长齐;2;16;18;8296;0.0021697203471552555
dinglingling维维维有人吗;1;3;4;8296;0.00048216007714561236
钛媒体APP;3;11;14;8296;0.0016875602700096432
所长比八卜;2;2;4;8296;0.00048216007714561236
八雲虹_欠陥製品;1;2;3;8296;0.0003616200578592093
一起去華爾街闯荡;2;1;3;8296;0.0003616200578592093
证券市场红周刊;1;6;7;8296;0.0008437801350048216
复旦张_军平;3;13;16;8296;0.0019286403085824494
侃哥侃英语;15;91;106;8296;0.012777242044358728
Sonsoa;1;2;3;8296;0.0003616200578592093
记忆是盘沙;2;1;3;8296;0.0003616200578592093
银箭财经;1;1;2;8296;0.00024108003857280618
橙新聞;4;1;5;8296;0.0006027000964320154
凌晨刚醒;4;3;7;8296;0.0008437801350048216
百忍说;9;22;31;8296;0.0037367405978784955
猫爪子嘛嘛;1;1;2;8296;0.00024108003857280618
百度APP;1;2;3;8296;0.0003616200578592093
银河的黑达摩;1;1;2;8296;0.00024108003857280618
百度APP;2;5;7;8296;0.0008437801350048216
科技橙知道;2;2;4;8296;0.00048216007714561236
电竞游戏姬;7;28;35;8296;0.004218900675024108
闻舞;1;2;3;8296;0.0003616200578592093
2gua;7;18;25;8296;0.003013500482160077
宁瑶Lois;12;29;41;8296;0.004942140790742526
景云的语;2;9;11;8296;0.001325940212150434
飘雪绵豆沙好好吃;1;4;5;8296;0.0006027000964320154
娴爸说育儿;1;9;10;8296;0.0012054001928640309
市值风云App;10;31;41;8296;0.004942140790742526
大头愤怒的小驴;1;1;2;8296;0.00024108003857280618
_北巷_;1;4;5;8296;0.0006027000964320154
新浪科技;23;37;60;8296;0.007232401157184185
鲸鱼没吃饱;7;15;22;8296;0.002651880424300868
老李滔滔不绝;1;1;2;8296;0.00024108003857280618
新熵;3;3;6;8296;0.0007232401157184186
严锋;123;1181;1304;8296;0.15718418514946964
帽哥basa;7;22;29;8296;0.0034956605593056897
柠檬就是酸_;1;1;2;8296;0.00024108003857280618
铁拳社;11;63;74;8296;0.008919961427193828
师范院校考研百事通;1;2;3;8296;0.0003616200578592093
来一瓶热牛奶;1;1;2;8296;0.00024108003857280618
关你一个西红柿;1;1;2;8296;0.00024108003857280618
零崎耶识;7;16;23;8296;0.002772420443587271
Varmilo阿米洛;4;10;14;8296;0.0016875602700096432
吃葡萄吐了芒果皮;1;1;2;8296;0.00024108003857280618
V初骑至胜V;1;2;3;8296;0.0003616200578592093
我的小巍;1;1;2;8296;0.00024108003857280618
电影票房;38;280;318;8296;0.03833172613307618
潘_驴_邓小闲;1;2;3;8296;0.0003616200578592093
老板联播;11;62;73;8296;0.008799421407907425
八十禁军林教头;3;3;6;8296;0.0007232401157184186
辣条林小狼;3;8;11;8296;0.001325940212150434
真香香香;1;3;4;8296;0.00048216007714561236
观复守中;9;16;25;8296;0.003013500482160077
嚴秋兒820;16;77;93;8296;0.011210221793635487
井外视力;5;1;6;8296;0.0007232401157184186
36氪;25;107;132;8296;0.01591128254580521
IT之家;5;6;11;8296;0.001325940212150434
白投翁;2;1;3;8296;0.0003616200578592093
黄鱼Veda;6;15;21;8296;0.0025313404050144647
小鹿你的镇定剂呢;2;2;4;8296;0.00048216007714561236
AI机器人时代;5;3;8;8296;0.0009643201542912247
IT之家;3;2;5;8296;0.0006027000964320154
财经网科技;3;1;4;8296;0.00048216007714561236
房长沙V;5;9;14;8296;0.0016875602700096432
郑昀;3;17;20;8296;0.0024108003857280617
财联社APP;21;62;83;8296;0.010004821600771456
芯智讯官微;1;1;2;8296;0.00024108003857280618
快兰斯24小时财经直播;43;657;700;8296;0.08437801350048216
36氪;14;61;75;8296;0.00904050144648023
36氪;57;157;214;8296;0.02579556412729026
市值风云App;38;459;497;8296;0.059908389585342336
神奇艾宝;3;1;4;8296;0.00048216007714561236
Murphy7-20;3;4;7;8296;0.0008437801350048216
宋延庆;4;8;12;8296;0.0014464802314368371
鼎盛风清;4;40;44;8296;0.005303760848601736
鼎盛风清;3;7;10;8296;0.0012054001928640309
淘沙博士;4;7;11;8296;0.001325940212150434
Los__Unidades;1;1;2;8296;0.00024108003857280618
大风评点;5;15;20;8296;0.0024108003857280617
内含子;8;12;20;8296;0.0024108003857280617
万州吧;5;3;8;8296;0.0009643201542912247
珂AnnRAnn;2;5;7;8296;0.0008437801350048216
4A广告网;13;63;76;8296;0.009161041465766635
侃哥侃英语;13;119;132;8296;0.01591128254580521
鼎盛风清;23;11;34;8296;0.004098360655737705
米格战斗飞机联合体;1;2;3;8296;0.0003616200578592093
你好我是小兔顶顶;2;5;7;8296;0.0008437801350048216
差评君;28;171;199;8296;0.023987463837994213
闲话裙;1;1;2;8296;0.00024108003857280618
卡卡荷光;2;29;31;8296;0.0037367405978784955
冬亚;71;926;997;8296;0.12017839922854388
晋江-南枝;5;46;51;8296;0.006147540983606557
红岭私募投资总监;2;2;4;8296;0.00048216007714561236
天文八卦学家刘博洋;26;1178;1204;8296;0.14513018322082932
cyan_swan;1;4;5;8296;0.0006027000964320154
3C数码IT生活;305;1035;1340;8296;0.16152362584378013
边际递增的CRT;18;224;242;8296;0.029170684667309547
凯雷;29;108;137;8296;0.01651398264223722
梯影传媒;4;5;9;8296;0.0010848601735776277
洋葱军事新闻;8;25;33;8296;0.003977820636451302
快手阁下;2;1;3;8296;0.0003616200578592093
黑城堡Epicastle;2;12;14;8296;0.0016875602700096432
草哥不慌;7;29;36;8296;0.004339440694310511
爱机人士;18;232;250;8296;0.03013500482160077
百度APP;15;5;20;8296;0.0024108003857280617
草莓评测;51;350;401;8296;0.048336547733847636
CC知不道_;2;2;4;8296;0.00048216007714561236
投行泰山;11;63;74;8296;0.008919961427193828
爱记仇的小熊猫;15;99;114;8296;0.013741562198649951
识货少年;53;341;394;8296;0.047492767598842814
刚知道叫什么的SKYline;3;8;11;8296;0.001325940212150434
底层挣扎yxh;1;1;2;8296;0.00024108003857280618
红艳_露凝香;2;7;9;8296;0.0010848601735776277
中国私募日记;3;4;7;8296;0.0008437801350048216
沐然望风;2;2;4;8296;0.00048216007714561236
明浩-rosicky311;4;12;16;8296;0.0019286403085824494
哈喽王叔;1;5;6;8296;0.0007232401157184186
百度APP;2;1;3;8296;0.0003616200578592093
差评君;37;333;370;8296;0.044599807135969144
莲心无限;1;5;6;8296;0.0007232401157184186
胜利主义章北海;38;150;188;8296;0.02266152362584378
双博士的分享;37;135;172;8296;0.020732883317261332
英语蔡Sir;27;627;654;8296;0.07883317261330762
百度营销;17;1;18;8296;0.0021697203471552555
洋葱军事新闻;4;11;15;8296;0.0018081002892960463
三思逍遥;2;4;6;8296;0.0007232401157184186
小季同学JK;1;1;2;8296;0.00024108003857280618
百度APP;1;2;3;8296;0.0003616200578592093
大爷就是我啊;11;81;92;8296;0.011089681774349084
每天学点经济学;22;61;83;8296;0.010004821600771456
每天学点心理学;20;43;63;8296;0.007594021215043395
ohhei;19;1;20;8296;0.0024108003857280617
冬夏不语;5;6;11;8296;0.001325940212150434
爱Gator;14;19;33;8296;0.003977820636451302
科技前沿网;12;19;31;8296;0.0037367405978784955
日照网;2;10;12;8296;0.0014464802314368371
钓鱼者鱼恒钓之;3;3;6;8296;0.0007232401157184186
雪球;1;8;9;8296;0.0010848601735776277
琉璃西红柿;1;2;3;8296;0.0003616200578592093
瞎玩菌;1;1;2;8296;0.00024108003857280618
极果研究室;2;3;5;8296;0.0006027000964320154
极果研究室;3;2;5;8296;0.0006027000964320154
复旦张_军平;1;6;7;8296;0.0008437801350048216
智能星球导航员;1;1;2;8296;0.00024108003857280618
Utroypia;1;25;26;8296;0.00313404050144648
Lingomancy话术研;7;43;50;8296;0.006027000964320154
风云学会陈经;93;500;593;8296;0.07148023143683703
小鲤鱼鱼鱼鱼鱼鱼鱼Supersonic;1;3;4;8296;0.00048216007714561236
鼎盛风清;4;19;23;8296;0.002772420443587271
论历史;26;114;140;8296;0.016875602700096432
互联网见闻录;1;5;6;8296;0.0007232401157184186
GS怪兽Monster;3;4;7;8296;0.0008437801350048216
说互联网;1;6;7;8296;0.0008437801350048216
商业评论;1;2;3;8296;0.0003616200578592093
36氪;483;4824;5307;8296;0.6397058823529411
财联社APP;16;71;87;8296;0.010486981677917069
36氪;69;255;324;8296;0.0390549662487946
姚忠震;5;75;80;8296;0.009643201542912247
中华寄吧猫;1;5;6;8296;0.0007232401157184186
马氏仑语;2;4;6;8296;0.0007232401157184186
陶说泛财经;1;9;10;8296;0.0012054001928640309
姬永锋;4;24;28;8296;0.0033751205400192863
万顷麦田的麦香;5;35;40;8296;0.0048216007714561235
Manatsuuu;1;1;2;8296;0.00024108003857280618
入梦三分;1;1;2;8296;0.00024108003857280618
Grace6Liu;6;18;24;8296;0.0028929604628736743
鼎盛风清;3;9;12;8296;0.0014464802314368371
青光楚辞;2;4;6;8296;0.0007232401157184186
烈焰童子;1;3;4;8296;0.00048216007714561236
ZEALER;28;194;222;8296;0.026759884281581485
绵州一哥;23;42;65;8296;0.0078351012536162
没错就是我我摊牌了;1;10;11;8296;0.001325940212150434
叶悠游;1;1;2;8296;0.00024108003857280618
Min丨泯;3;26;29;8296;0.0034956605593056897
DENPA92;2;29;31;8296;0.0037367405978784955
财经杂志;2;13;15;8296;0.0018081002892960463
凌晨刚醒;4;5;9;8296;0.0010848601735776277
小富组合;1;4;5;8296;0.0006027000964320154
萤火虫如我;23;85;108;8296;0.013018322082931534
量子位;1;4;5;8296;0.0006027000964320154
KK就是康康;5;7;12;8296;0.0014464802314368371
赵铮-同志;4;23;27;8296;0.0032545805207328834
冷炜;2;3;5;8296;0.0006027000964320154
嗨一宰相;2;2;4;8296;0.00048216007714561236
Blessluvz;1;1;2;8296;0.00024108003857280618
36氪;5;13;18;8296;0.0021697203471552555
郭咏;118;458;576;8296;0.06943105110896818
诺辉岭南基金合伙人Kevincrt;4;7;11;8296;0.001325940212150434
沙雕艺术鉴赏;5;4;9;8296;0.0010848601735776277
论文攻略菌;1;10;11;8296;0.001325940212150434
百度APP;3;4;7;8296;0.0008437801350048216
智行Kevin;1;1;2;8296;0.00024108003857280618
捏小猪;7;17;24;8296;0.0028929604628736743
文拉法辛弃疾Kiki;1;1;2;8296;0.00024108003857280618
AakiiH;1;2;3;8296;0.0003616200578592093
多喝惹水;4;13;17;8296;0.0020491803278688526
北北论股;1;248;249;8296;0.03001446480231437
校农大敏哥2023;1;10;11;8296;0.001325940212150434
湾区小圆脸;1;4;5;8296;0.0006027000964320154
北京大峰峰;2;6;8;8296;0.0009643201542912247
iBingo;8;62;70;8296;0.008437801350048216
SUPER世界青年;13;132;145;8296;0.01747830279652845
互联网新闻网;13;15;28;8296;0.0033751205400192863
唐朝孟德;1;4;5;8296;0.0006027000964320154
按尾号摔杯;1;1;2;8296;0.00024108003857280618
胜利主义章北海;135;659;794;8296;0.09570877531340405
深蓝财经;14;54;68;8296;0.00819672131147541
侃哥侃英语;12;288;300;8296;0.03616200578592092
台铃电动车;28;63;91;8296;0.01096914175506268
语文阅刊;2;2;4;8296;0.00048216007714561236
贺关武;3;4;7;8296;0.0008437801350048216
品玩;9;9;18;8296;0.0021697203471552555
多维财经;2;1;3;8296;0.0003616200578592093
电商之家;15;38;53;8296;0.006388621022179364
电商行业;17;30;47;8296;0.005665380906460945
前程无忧51job;6;1;7;8296;0.0008437801350048216
人工智能那点事;9;7;16;8296;0.0019286403085824494
有漾学漾;36;100;136;8296;0.01639344262295082
国产小新;19;143;162;8296;0.0195274831243973
紫贝竹;1;1;2;8296;0.00024108003857280618
新浪科技;19;131;150;8296;0.01808100289296046
文艺不会狗带但是文艺逼会;1;2;3;8296;0.0003616200578592093
后海财经;16;128;144;8296;0.017357762777242044
嚴秋兒820;6;23;29;8296;0.0034956605593056897
泰山财经;1;4;5;8296;0.0006027000964320154
仿生女大学生;3;1;4;8296;0.00048216007714561236
杰森白;4;12;16;8296;0.0019286403085824494
猫财经;7;4;11;8296;0.001325940212150434
文刀半瞎说;1;1;2;8296;0.00024108003857280618
搞机圈泥石流;4;10;14;8296;0.0016875602700096432
赵宏民;3;5;8;8296;0.0009643201542912247
阿记Tab;26;153;179;8296;0.02157666345226615
苍南言;11;18;29;8296;0.0034956605593056897
证券市场红周刊;6;14;20;8296;0.0024108003857280617
天狼作手;1;3;4;8296;0.00048216007714561236
互联网俊明说;163;910;1073;8296;0.1293394406943105
36氪;6;9;15;8296;0.0018081002892960463
李一明vv;3;4;7;8296;0.0008437801350048216
魏春亮;2;5;7;8296;0.0008437801350048216
大江户战士OedoSoldier;10;75;85;8296;0.010245901639344262
戴面具的布鲁斯;43;114;157;8296;0.018924783027965283
馒头是我儿;2;3;5;8296;0.0006027000964320154
肥的猫OP;2;1;3;8296;0.0003616200578592093
财经江峰;1;11;12;8296;0.0014464802314368371
李桂江;23;35;58;8296;0.006991321118611379
太空行动;4;2;6;8296;0.0007232401157184186
历史探秘;6;12;18;8296;0.0021697203471552555
IT之家;2;6;8;8296;0.0009643201542912247
一片清声枕上闻;1;2;3;8296;0.0003616200578592093
快兰斯24小时财经直播;1;4;5;8296;0.0006027000964320154
哈勃观察员;44;292;336;8296;0.040501446480231434
量子位;7;17;24;8296;0.0028929604628736743
学院路的钢化膜;1;1;2;8296;0.00024108003857280618
王文机;1;4;5;8296;0.0006027000964320154
大爆君;8;28;36;8296;0.004339440694310511
米尔老C;1;1;2;8296;0.00024108003857280618
雷斯林Raist;29;160;189;8296;0.022782063645130184
起名真的太难咯啊;6;2;8;8296;0.0009643201542912247
张瑜专注短线;2;117;119;8296;0.014344262295081968
憨憨老师;20;141;161;8296;0.019406943105110895
独家爆热料;121;314;435;8296;0.052434908389585345
新浪5G;11;28;39;8296;0.0047010607521697206
品玩;5;11;16;8296;0.0019286403085824494
鬼文子;20;25;45;8296;0.005424300867888139
狐狩狼;1;1;2;8296;0.00024108003857280618
姬永锋;6;43;49;8296;0.0059064609450337514
野原超之助Pro;2;4;6;8296;0.0007232401157184186
电商报;16;76;92;8296;0.011089681774349084
尴尬的正常人类;3;2;5;8296;0.0006027000964320154
天下明宗;1;3;4;8296;0.00048216007714561236
巨人网络;5;3;8;8296;0.0009643201542912247
TechWeb;2;11;13;8296;0.00156702025072324
金融八卦女;5;27;32;8296;0.003857280617164899
蓝鲸财经记者工作平台;2;7;9;8296;0.0010848601735776277
财经飞说不可;7;14;21;8296;0.0025313404050144647
时代财经;1;7;8;8296;0.0009643201542912247
乔美Rinpoche;1;3;4;8296;0.00048216007714561236
科技至善;4;10;14;8296;0.0016875602700096432
亚东;17;39;56;8296;0.006750241080038573
阿记Tab;1;4;5;8296;0.0006027000964320154
新浪新闻;40;2218;2258;8296;0.27217936354869815
晚点LatePost;2;4;6;8296;0.0007232401157184186
品玩;3;5;8;8296;0.0009643201542912247
鳄鱼十三;41;156;197;8296;0.023746383799421407
Dont_Knock_New_York;1;2;3;8296;0.0003616200578592093
财经网科技;3;1;4;8296;0.00048216007714561236
徐侠客财经;26;100;126;8296;0.01518804243008679
小乐YAPRO;2;3;5;8296;0.0006027000964320154
品玩;2;179;181;8296;0.021817743490838957
大公文匯網;11;17;28;8296;0.0033751205400192863
科工的力量;10;56;66;8296;0.007955641272902604
锋潮科技;17;50;67;8296;0.008076181292189007
还是韦恩;4;19;23;8296;0.002772420443587271
驳静;1;27;28;8296;0.0033751205400192863
1圣洁1;3;3;6;8296;0.0007232401157184186
分秒帧;2;4;6;8296;0.0007232401157184186
完美至尊股;2;2;4;8296;0.00048216007714561236
纯洁善良潘帕斯;2;1;3;8296;0.0003616200578592093
李金锐VIP;1;2;3;8296;0.0003616200578592093
Didizzzzy-;2;2;4;8296;0.00048216007714561236
品玩;3;454;457;8296;0.05508678881388621
爱知君;9;13;22;8296;0.002651880424300868
高小春XI;1;1;2;8296;0.00024108003857280618
逻辑引擎;4;10;14;8296;0.0016875602700096432
烈焰童子;6;7;13;8296;0.00156702025072324
小留洋海外数学;2;2;4;8296;0.00048216007714561236
DK-meta;1;1;2;8296;0.00024108003857280618
嗯嗯我很棒;2;5;7;8296;0.0008437801350048216
闲斯托耶夫斯基;3;4;7;8296;0.0008437801350048216
科技圈大佬;615;733;1348;8296;0.16248794599807137
语文阅刊;1;1;2;8296;0.00024108003857280618
阿记Tab;20;126;146;8296;0.01759884281581485
垒土成台;1;1;2;8296;0.00024108003857280618
潘达爱开箱;5;15;20;8296;0.0024108003857280617
凌清_车宇世界;16;27;43;8296;0.005183220829315333
华尔街见闻APP;21;124;145;8296;0.01747830279652845
财经小豆子;2;3;5;8296;0.0006027000964320154
新浪科技;10;36;46;8296;0.005544840887174542
4A广告网;11;12;23;8296;0.002772420443587271
蕨代霜蛟;11;101;112;8296;0.013500482160077145
双博士的分享;42;1617;1659;8296;0.1999758919961427
朱佳英Daisy_深度穿梭1349;3;2;5;8296;0.0006027000964320154
无象今生;1;2;3;8296;0.0003616200578592093
皋城一家亲;1;1;2;8296;0.00024108003857280618
Tech兽;1;2;3;8296;0.0003616200578592093
科技果儿;1;1;2;8296;0.00024108003857280618
摸鱼笔记;2;1;3;8296;0.0003616200578592093
福布斯中文网;6;7;13;8296;0.00156702025072324
老猪中肯;9;47;56;8296;0.006750241080038573
秦时明月09527;1;3;4;8296;0.00048216007714561236
一脚一个大乱;1;2;3;8296;0.0003616200578592093
鼎盛风清;18;73;91;8296;0.01096914175506268
网际飞侠;25;109;134;8296;0.016152362584378015
炒股小队长;1;10;11;8296;0.001325940212150434
煎饼英语课;2;5;7;8296;0.0008437801350048216
简佳人儿;9;28;37;8296;0.004459980713596914
七个罐子;6;5;11;8296;0.001325940212150434
互联网见闻录;1;6;7;8296;0.0008437801350048216
数智界;1;1;2;8296;0.00024108003857280618
欧阳晓丹OD;3;3;6;8296;0.0007232401157184186
柳佳忆;13;48;61;8296;0.007352941176470588
烟波江上使人愁999;4;9;13;8296;0.00156702025072324
csmeow27;1;1;2;8296;0.00024108003857280618
金华职业技术学院;2;2;4;8296;0.00048216007714561236
春晓嵐;1;1;2;8296;0.00024108003857280618
暴风雪天;17;62;79;8296;0.009522661523625844
鼎盛风清;5;24;29;8296;0.0034956605593056897
丑八怪随记;1;2;3;8296;0.0003616200578592093
一只大哞哞vv;2;5;7;8296;0.0008437801350048216
烈焰童子;5;50;55;8296;0.00662970106075217
玖玖说股事;1;1;2;8296;0.00024108003857280618
财新网;2;10;12;8296;0.0014464802314368371
长齐;1;4;5;8296;0.0006027000964320154
A股追击老梁;1;171;172;8296;0.020732883317261332
UTAMN-;4;97;101;8296;0.012174541947926712
二枚瓦;1;1;2;8296;0.00024108003857280618
DK-meta;1;1;2;8296;0.00024108003857280618
互联网嗨老板;8;26;34;8296;0.004098360655737705
菩提之路2019;2;6;8;8296;0.0009643201542912247
凉子的狗狗;7;10;17;8296;0.0020491803278688526
MARVEL漫威吧;3;19;22;8296;0.002651880424300868
张艺谋贴吧官博;2;6;8;8296;0.0009643201542912247
waypasstakingorders;2;2;4;8296;0.00048216007714561236
电商报;33;120;153;8296;0.018442622950819672
BuckAstra719patreon;1;2;3;8296;0.0003616200578592093
唐朝孟德;45;304;349;8296;0.04206846673095468
新浪财经;2;11;13;8296;0.00156702025072324
兔头学姐张铁根;14;79;93;8296;0.011210221793635487
邓庆旭;1;1;2;8296;0.00024108003857280618
新浪财经;9;14;23;8296;0.002772420443587271
未来可期职业技术学院招生组成员;1;3;4;8296;0.00048216007714561236
张栋伟;1;9;10;8296;0.0012054001928640309
爱吃大饼的蛋;198;457;655;8296;0.07895371263259403
牡丹花下寻常客;16;22;38;8296;0.004580520732883318
Yolosaurus;4;169;173;8296;0.020853423336547734
社畜鼠鼠的文学;3;3;6;8296;0.0007232401157184186
苏苏股当家;2;129;131;8296;0.015790742526518804
财经黄小姐;3;3;6;8296;0.0007232401157184186
俄罗斯卫星通讯社;15;78;93;8296;0.011210221793635487
互联网阿超;3;2;5;8296;0.0006027000964320154
马斯克科技说;1246;2542;3788;8296;0.4566055930568949
马氏仑语;4;3;7;8296;0.0008437801350048216
圆月镰刀;1;1;2;8296;0.00024108003857280618
草莓奶昔加养;1;1;2;8296;0.00024108003857280618
致令人怦然心动的你;1;2;3;8296;0.0003616200578592093
为咩所向披靡;1;1;2;8296;0.00024108003857280618
宇宙与浪漫不熟;1;2;3;8296;0.0003616200578592093
一口吃不夏天;1;1;2;8296;0.00024108003857280618
互联网纵横;2;2;4;8296;0.00048216007714561236
爱范儿;1;7;8;8296;0.0009643201542912247
柚子的腰夺命的刀;1;1;2;8296;0.00024108003857280618
追剧小鬼才;25;1706;1731;8296;0.20865477338476374
势之为重;7;13;20;8296;0.0024108003857280617
大秦公子666;4;5;9;8296;0.0010848601735776277
羁鸟成林;1;3;4;8296;0.00048216007714561236
刘老师侃科技;23;830;853;8296;0.10282063645130184
猴年马月的中国;18;18;36;8296;0.004339440694310511
大秦公子666;1;2;3;8296;0.0003616200578592093
胖虎鲸;22;167;189;8296;0.022782063645130184
秒懂数码科技;511;7251;7762;8296;0.9356316297010607
手机中国;8;8;16;8296;0.0019286403085824494
戴面具的布鲁斯;14;1825;1839;8296;0.22167309546769529
秋风阵阵吹咩;1;1;2;8296;0.00024108003857280618
温柔一点醉;1;1;2;8296;0.00024108003857280618
千玺的甜甜酒窝;1;1;2;8296;0.00024108003857280618
晴朗甜心小可爱;1;1;2;8296;0.00024108003857280618
上班摆烂青年;27;517;544;8296;0.06557377049180328
我是陈塘关李靖;3;2;5;8296;0.0006027000964320154
科技小宣;19;42;61;8296;0.007352941176470588
互联网的一些事;11;19;30;8296;0.0036162005785920926
我才不打篮球;-2;1;-1;8296;-0.00012054001928640309
蓝绿那点事;461;2860;3321;8296;0.40031340405014465
电商报;80;199;279;8296;0.03363066538090646
九龙塘右眼财迷;4;52;56;8296;0.006750241080038573
夏木帆;33;841;874;8296;0.1053519768563163
搞机圈泥石流;8;20;28;8296;0.0033751205400192863
浴中奇思;49;731;780;8296;0.0940212150433944
新浪财经;51;166;217;8296;0.02615718418514947
财经黄小姐;6;1;7;8296;0.0008437801350048216
新闻晨报;9;37;46;8296;0.005544840887174542
雪球;6;14;20;8296;0.0024108003857280617
科技幻视;120;140;260;8296;0.0313404050144648
环球市场播报;10;20;30;8296;0.0036162005785920926
憨憨行为图鉴;29;1830;1859;8296;0.22408389585342334
闪飞;31;172;203;8296;0.024469623915139828
快兰斯24小时财经直播;3;7;10;8296;0.0012054001928640309
菊桔70483;1;1;2;8296;0.00024108003857280618
财联社APP;13;60;73;8296;0.008799421407907425
虎嗅APP;14;41;55;8296;0.00662970106075217
快科技官方;1;2;3;8296;0.0003616200578592093
老板联播;6;16;22;8296;0.002651880424300868
那是一颗开花的树;6;6;12;8296;0.0014464802314368371
我的宝来了就好;1;1;2;8296;0.00024108003857280618
电商之家;22;43;65;8296;0.0078351012536162
张岱樾;3;4;7;8296;0.0008437801350048216
姬永锋;1;15;16;8296;0.0019286403085824494
姬永锋;2;10;12;8296;0.0014464802314368371
IT之家;9;25;34;8296;0.004098360655737705
专业证券分析;3;10;13;8296;0.00156702025072324
冰彬兵;33;99;132;8296;0.01591128254580521
姬永锋;3;13;16;8296;0.0019286403085824494
迷惑;31;2100;2131;8296;0.256870781099325
专业证券分析;0;14;14;8296;0.0016875602700096432
科技小柒;32;120;152;8296;0.01832208293153327
财爷说财;4;16;20;8296;0.0024108003857280617
互联网新闻网;20;47;67;8296;0.008076181292189007
老板联播;44;140;184;8296;0.022179363548698167
科技heart;30;31;61;8296;0.007352941176470588
财联社APP;3;46;49;8296;0.0059064609450337514
二猪;4;5;9;8296;0.0010848601735776277
李好宽同学;32;45;77;8296;0.009281581485053038
科技客;157;382;539;8296;0.06497107039537127
金刀王;30;34;64;8296;0.007714561234329798
鬼文子;32;37;69;8296;0.008317261330761813
兰世立微博;3;18;21;8296;0.0025313404050144647
财经托马斯;3;144;147;8296;0.017719382835101254
杰森白;5;19;24;8296;0.0028929604628736743
李希晟-;9;51;60;8296;0.007232401157184185
萝卜叔叔的车;1;18;19;8296;0.002290260366441659
天天都要睡午觉;2;2;4;8296;0.00048216007714561236
vikki_穷;1;1;2;8296;0.00024108003857280618
墩墩满月;1;5;6;8296;0.0007232401157184186
科技小派;115;605;720;8296;0.08678881388621022
P4rk1es;1;1;2;8296;0.00024108003857280618
黄鱼Veda;48;219;267;8296;0.03218418514946962
横越时间海;6;7;13;8296;0.00156702025072324
大红矛;4;1;5;8296;0.0006027000964320154
追风的小小仔;3;1;4;8296;0.00048216007714561236
老居12;68;259;327;8296;0.03941658630665381
韩东言;5;2;7;8296;0.0008437801350048216
怪博士李雷;9;36;45;8296;0.005424300867888139
Display3D;1;1;2;8296;0.00024108003857280618
生草字幕组;22;117;139;8296;0.016755062680810028
互联网的一些事;1;7;8;8296;0.0009643201542912247
速度哥V;1;1;2;8296;0.00024108003857280618
黄天鹅;6;7;13;8296;0.00156702025072324
机器人产业随想录;1;2;3;8296;0.0003616200578592093
小满;171;422;593;8296;0.07148023143683703
智造圈;45;202;247;8296;0.029773384763741563
今日讲呢啲;1;6;7;8296;0.0008437801350048216
妖哥财经K;1;2;3;8296;0.0003616200578592093
君子和而不同999;6;18;24;8296;0.0028929604628736743
愿河2017;1;1;2;8296;0.00024108003857280618
纽太普同学;30;439;469;8296;0.05653326904532305
名之成;1;1;2;8296;0.00024108003857280618
渣哥真身;6;3;9;8296;0.0010848601735776277
兔子的午觉;1;1;2;8296;0.00024108003857280618
saurora_;1;2;3;8296;0.0003616200578592093
月斜影清smile;4;1;5;8296;0.0006027000964320154
魔金石科技;1;4;5;8296;0.0006027000964320154
IT时报;1;1;2;8296;0.00024108003857280618
刘兴亮;2;6;8;8296;0.0009643201542912247
每天一个用车知识;2;3;5;8296;0.0006027000964320154
沃捷集团;1;4;5;8296;0.0006027000964320154
易北辰;1;3;4;8296;0.00048216007714561236
李好宽同学;10;18;28;8296;0.0033751205400192863
江瀚的视野;1;1;2;8296;0.00024108003857280618
沈禾斗;9;13;22;8296;0.002651880424300868
新浪汽车;56;207;263;8296;0.03170202507232401
剑哥传奇;2;10;12;8296;0.0014464802314368371
秋天的猫oOo;1;3;4;8296;0.00048216007714561236
财富中文网;1;2;3;8296;0.0003616200578592093
纷纷凉月_;2;2;4;8296;0.00048216007714561236
飒飒肖;3;34;37;8296;0.004459980713596914
皮皮推;6;7;13;8296;0.00156702025072324
LH手机科技爱好者;4;9;13;8296;0.00156702025072324
安吉的小七;6;41;47;8296;0.005665380906460945
文力元;11;138;149;8296;0.01796046287367406
宁波租房在线;1;2;3;8296;0.0003616200578592093
程序员那些破事;1;7;8;8296;0.0009643201542912247
投行泰山;1;7;8;8296;0.0009643201542912247
七十七图图;5;15;20;8296;0.0024108003857280617
今天也在努力工作的暖暖;2;18;20;8296;0.0024108003857280617
有漾学漾;38;92;130;8296;0.0156702025072324
第一财经日报;1;4;5;8296;0.0006027000964320154
专业证券分析;2;5;7;8296;0.0008437801350048216
识货少年;52;303;355;8296;0.0427917068466731
眼光闪闪的杰少;1;1;2;8296;0.00024108003857280618
百度APP;125;300;425;8296;0.05122950819672131
盘点科技;26;254;280;8296;0.033751205400192864
时空传书;2;4;6;8296;0.0007232401157184186
马妍;1;2;3;8296;0.0003616200578592093
V神炒一股;1;184;185;8296;0.022299903567984572
长春西门大官人;2;2;4;8296;0.00048216007714561236
横山寺青月使;3;2;5;8296;0.0006027000964320154
yhzhzy;1;1;2;8296;0.00024108003857280618
中国石油;1;4;5;8296;0.0006027000964320154
西门町吃在宁波;14;22;36;8296;0.004339440694310511
聚募海哥;9;28;37;8296;0.004459980713596914
哈侠;62;380;442;8296;0.05327868852459016
庄志明律师;7;17;24;8296;0.0028929604628736743
许一的差评家学;1;1;2;8296;0.00024108003857280618
人生谈数码;103;103;206;8296;0.024831243972999035
阑夕;161;4500;4661;8296;0.5618370298939248
福布斯中文网;1;6;7;8296;0.0008437801350048216
天津股侠;28;1372;1400;8296;0.16875602700096431
天津股侠;43;1210;1253;8296;0.15103664416586307
海波魔王;3;1;4;8296;0.00048216007714561236
邹子御;4;8;12;8296;0.0014464802314368371
电商数据说;7;8;15;8296;0.0018081002892960463
付亮的竞争情报应用;1;1;2;8296;0.00024108003857280618
金鼎大都督669;1;5;6;8296;0.0007232401157184186
人人都叫我洛神;1;1;2;8296;0.00024108003857280618
娄山雀;7;21;28;8296;0.0033751205400192863
球场见626;15;26;41;8296;0.004942140790742526
郭咏;3;4;7;8296;0.0008437801350048216
振翅鹏云;2;1;3;8296;0.0003616200578592093
顺风骑牛;7;38;45;8296;0.005424300867888139
龙哥乱弹;2;3;5;8296;0.0006027000964320154
戴着眼镜看财经;22;68;90;8296;0.010848601735776278
博科园;2;2;4;8296;0.00048216007714561236
近看之下无人正常;1;3;4;8296;0.00048216007714561236
姬永锋;2;7;9;8296;0.0010848601735776277
深圳县令;5;44;49;8296;0.0059064609450337514
分析师谢漠烟;17;74;91;8296;0.01096914175506268
打板一哥老谭;1;105;106;8296;0.012777242044358728
鼎盛风清;9;25;34;8296;0.004098360655737705
财经网;8;11;19;8296;0.002290260366441659
财联社APP;4;20;24;8296;0.0028929604628736743
科工的力量;17;79;96;8296;0.011571841851494697
证券市场红周刊;56;51;107;8296;0.01289778206364513
硬哥;62;231;293;8296;0.03531822565091611
量子位;1;2;3;8296;0.0003616200578592093
每天都在往互联网里倒垃圾;1;1;2;8296;0.00024108003857280618
有个梨GPT;5;26;31;8296;0.0037367405978784955
量子位;8;3;11;8296;0.001325940212150434
时空传书;2;8;10;8296;0.0012054001928640309
唐辰同学t;2;3;5;8296;0.0006027000964320154
手机中国;6;27;33;8296;0.003977820636451302
科技UI;1;1;2;8296;0.00024108003857280618
市值风云App;9;37;46;8296;0.005544840887174542
renyin_1;1;1;2;8296;0.00024108003857280618
修罗陛下;2;2;4;8296;0.00048216007714561236
中国网财经;37;235;272;8296;0.03278688524590164
模型预测;21;64;85;8296;0.010245901639344262
张彦仕财经世界;4;16;20;8296;0.0024108003857280617
老刀也快369;1;19;20;8296;0.0024108003857280617
讴德王;14;10;24;8296;0.0028929604628736743
加密newbee;1;2;3;8296;0.0003616200578592093
南京F哥;2;1;3;8296;0.0003616200578592093
科技锐评;19;18;37;8296;0.004459980713596914
止兮丨靡所底止;9;17;26;8296;0.00313404050144648
互联网八哥;31;227;258;8296;0.031099324975891997
新浪科技;13;14;27;8296;0.0032545805207328834
电来疯;1;1;2;8296;0.00024108003857280618
百度;47;32;79;8296;0.009522661523625844
大卫独舞;4;6;10;8296;0.0012054001928640309
环球旅游攻略咖;100;122;222;8296;0.026759884281581485
GPT-评时事;2;1;3;8296;0.0003616200578592093
甲子光年;2;2;4;8296;0.00048216007714561236
Mr-Ree;1;1;2;8296;0.00024108003857280618
知未科技;16;62;78;8296;0.009402121504339441
了不起的中国制造;1;1;2;8296;0.00024108003857280618
花栗鼠有大麻烦;1;1;2;8296;0.00024108003857280618
中国家电网;20;27;47;8296;0.005665380906460945
娱圈糖糖;1;2;3;8296;0.0003616200578592093
隐身青菜;2;10;12;8296;0.0014464802314368371
股的knight;1;10;11;8296;0.001325940212150434
路人扎根深圳;2;3;5;8296;0.0006027000964320154
三倍速科技;6;25;31;8296;0.0037367405978784955
互联网阿超;1;1;2;8296;0.00024108003857280618
周健工;1;4;5;8296;0.0006027000964320154
A股观测者;1;3;4;8296;0.00048216007714561236
炒基蛋;2;2;4;8296;0.00048216007714561236
想要直升机-;3;1;4;8296;0.00048216007714561236
徐戈;2;20;22;8296;0.002651880424300868
NGC_2237号玫瑰星云;2;1;3;8296;0.0003616200578592093
培培Peggy;1;1;2;8296;0.00024108003857280618
宏观对冲陈凯丰Kevin;6;26;32;8296;0.003857280617164899
历史刘老师V;2;5;7;8296;0.0008437801350048216
互联网的那点事;43;399;442;8296;0.05327868852459016
北京牙医钟;1;1;2;8296;0.00024108003857280618
Kenneth又来了;1;11;12;8296;0.0014464802314368371
小妖扶苏;1;1;2;8296;0.00024108003857280618
GatherOne官方;1;1;2;8296;0.00024108003857280618
王落北;39;166;205;8296;0.024710703953712634
开源中国;1;1;2;8296;0.00024108003857280618
陈昌凤;3;39;42;8296;0.005062680810028929
Harvey科技;1;10;11;8296;0.001325940212150434
一只碳酸chai;5;3;8;8296;0.0009643201542912247
图灵的猫;10;35;45;8296;0.005424300867888139
百度;38;30;68;8296;0.00819672131147541
就是一个宝鉴;1;2;3;8296;0.0003616200578592093
1900影剧室;7;48;55;8296;0.00662970106075217
盗墓笔记主页;4;7;11;8296;0.001325940212150434
盗墓笔记主页;11;134;145;8296;0.01747830279652845
刘飞Lufy;5;9;14;8296;0.0016875602700096432
正经社;1;2;3;8296;0.0003616200578592093
蒋亦凡;25;257;282;8296;0.033992285438765674
蔡阳的微博;3;2;5;8296;0.0006027000964320154
小郭爱吃肉--;2;2;4;8296;0.00048216007714561236
搞机圈泥石流;6;10;16;8296;0.0019286403085824494
毛启盈;3;7;10;8296;0.0012054001928640309
45岁男人之最后的彪悍青春;2;2;4;8296;0.00048216007714561236
深圳张逸轩;53;137;190;8296;0.022902603664416585
易方寒;1;1;2;8296;0.00024108003857280618
清博智能;1;3;4;8296;0.00048216007714561236
纯银V;50;639;689;8296;0.08305207328833172
逆熵而上;3;3;6;8296;0.0007232401157184186
科技事儿;26;225;251;8296;0.030255544840887175
少数派sspai;1;7;8;8296;0.0009643201542912247
电商之家;17;55;72;8296;0.008678881388621022
主人de命令罢了;4;2;6;8296;0.0007232401157184186
互联网三爷;41;322;363;8296;0.04375602700096432
0H58MIN;1;1;2;8296;0.00024108003857280618
简以清心;1;2;3;8296;0.0003616200578592093
刘杰宏同学;1;3;4;8296;0.00048216007714561236
重轨通_ValentineChong;1;2;3;8296;0.0003616200578592093
来了老欧;2;1;3;8296;0.0003616200578592093
RayYang_;2;22;24;8296;0.0028929604628736743
三识聊投资;1;1;2;8296;0.00024108003857280618
宋万博;13;50;63;8296;0.007594021215043395
百度;33;30;63;8296;0.007594021215043395
枫收复中原;1;5;6;8296;0.0007232401157184186
郝智伟;214;221;435;8296;0.052434908389585345
新浪科技;5;8;13;8296;0.00156702025072324
沈沉舟;15;148;163;8296;0.019648023143683704
lemon是又小又酸的;2;1;3;8296;0.0003616200578592093
圆周率等于31415926;10;33;43;8296;0.005183220829315333
心和阳的Adagio;7;65;72;8296;0.008678881388621022
科技事儿;8;18;26;8296;0.00313404050144648
财经网科技;38;93;131;8296;0.015790742526518804
电商报;24;48;72;8296;0.008678881388621022
岿然老师和名将张郃;13;10;23;8296;0.002772420443587271
蓝鲸财经记者工作平台;3;4;7;8296;0.0008437801350048216
机智猫;3;2;5;8296;0.0006027000964320154
深蓝财经;29;553;582;8296;0.0701542912246866
卢旭宁;5;61;66;8296;0.007955641272902604
宋万博;7;12;19;8296;0.002290260366441659
合肥高楼迷;2;7;9;8296;0.0010848601735776277
河北高东;1;1;2;8296;0.00024108003857280618
炒股疯子;4;185;189;8296;0.022782063645130184
股票量化猫;1;2;3;8296;0.0003616200578592093
小如说娱;1;1;2;8296;0.00024108003857280618
36氪;17;49;66;8296;0.007955641272902604
三石说财;341;380;721;8296;0.08690935390549663
赵宏民;9;12;21;8296;0.0025313404050144647
蘑菇目前不改名啦;6;23;29;8296;0.0034956605593056897
小科畅谈;174;178;352;8296;0.04243008678881389
科技xin;173;198;371;8296;0.044720347155255545
侃见财经;280;291;571;8296;0.06882835101253616
科技种草君;3;5;8;8296;0.0009643201542912247
硅谷陈源-海外杂谈;10;21;31;8296;0.0037367405978784955
投行泰山;2;2;4;8296;0.00048216007714561236
一只不会飞的羽飞;3;4;7;8296;0.0008437801350048216
idrey;4;2;6;8296;0.0007232401157184186
羽兮虞兮;1;2;3;8296;0.0003616200578592093
颂文的双眼皮;1;2;3;8296;0.0003616200578592093
衣锦夜行艳公子;3;7;10;8296;0.0012054001928640309
新智者;1;3;4;8296;0.00048216007714561236
上官梅林;1;1;2;8296;0.00024108003857280618
百度;49;93;142;8296;0.017116682738669238
打板一哥老谭;1;118;119;8296;0.014344262295081968
红莲爱科技;131;638;769;8296;0.09269527483124397
玄戒技术;1;2;3;8296;0.0003616200578592093
张栋伟;1;1;2;8296;0.00024108003857280618
磕糖的酸奶n;6;37;43;8296;0.005183220829315333
白投翁;1;1;2;8296;0.00024108003857280618
理性动物xp;2;1;3;8296;0.0003616200578592093
大叔咖清了;3;17;20;8296;0.0024108003857280617
炎热的瘦虎;6;34;40;8296;0.0048216007714561235
Starf_cks;1;2;3;8296;0.0003616200578592093
阑夕;115;767;882;8296;0.10631629701060752
时空传书;2;4;6;8296;0.0007232401157184186
合肥高楼迷;6;2;8;8296;0.0009643201542912247
月明长苏;2;2;4;8296;0.00048216007714561236
侃股女骑士;4;229;233;8296;0.02808582449373192
mymiya;1;1;2;8296;0.00024108003857280618
mymiya;1;1;2;8296;0.00024108003857280618
曾少军;2;1;3;8296;0.0003616200578592093
简简单单平平淡淡111;1;3;4;8296;0.00048216007714561236
洪明基;75;427;502;8296;0.06051108968177435
真当没想到;14;160;174;8296;0.020973963355834138
myd1er;-922;1;-921;8296;-0.11101735776277724
吃羊肉的疯子;2;3;5;8296;0.0006027000964320154
一个专员;8;1;9;8296;0.0010848601735776277
Shvaier-;1;3;4;8296;0.00048216007714561236
爱做梦的梦梦梦Meng;3;5;8;8296;0.0009643201542912247
百度;28;13;41;8296;0.004942140790742526
房长沙V;4;5;9;8296;0.0010848601735776277
新智者;1;2;3;8296;0.0003616200578592093
叨哥胡侃;43;512;555;8296;0.06689971070395372
新浪科技;2;115;117;8296;0.014103182256509162
量子位;5;6;11;8296;0.001325940212150434
第一财经;2;1;3;8296;0.0003616200578592093
白木森Forest;1;1;2;8296;0.00024108003857280618
媒山祝Chris;1;2;3;8296;0.0003616200578592093
蓝鲸财经记者工作平台;5;9;14;8296;0.0016875602700096432
123lOxnV;13;3;16;8296;0.0019286403085824494
炎热的瘦虎;12;118;130;8296;0.0156702025072324
科工的力量;13;25;38;8296;0.004580520732883318
自言自语suke;0;1;1;8296;0.00012054001928640309
新浪科技;9;6;15;8296;0.0018081002892960463
吴蚊米;2;4;6;8296;0.0007232401157184186
炎热的瘦虎;12;159;171;8296;0.020612343297974928
班明鸟;1;1;2;8296;0.00024108003857280618
知未科技;37;96;133;8296;0.01603182256509161
每天学点经济学;13;120;133;8296;0.01603182256509161
第一财经;1;521;522;8296;0.06292189006750241
第一财经日报;15;305;320;8296;0.03857280617164899
第一财经日报;34;321;355;8296;0.0427917068466731
机智猫;7;32;39;8296;0.0047010607521697206
火爸朱剑笛;3;6;9;8296;0.0010848601735776277
赵宏民;3;4;7;8296;0.0008437801350048216
新浪财经;21;91;112;8296;0.013500482160077145
新浪科技;10;14;24;8296;0.0028929604628736743
互联网的大事儿;6;1;7;8296;0.0008437801350048216
TechWeb;3;2;5;8296;0.0006027000964320154
金融八卦女;50;484;534;8296;0.06436837029893924
36氪;13;93;106;8296;0.012777242044358728
火爸朱剑笛;4;1;5;8296;0.0006027000964320154
火爸朱剑笛;1;6;7;8296;0.0008437801350048216
哟-咯-;2;2;4;8296;0.00048216007714561236
火爸朱剑笛;2;8;10;8296;0.0012054001928640309
互联网的大事儿;4;27;31;8296;0.0037367405978784955
汉口路在逃培根饭;2;1;3;8296;0.0003616200578592093
火爸朱剑笛;3;3;6;8296;0.0007232401157184186
You_mee;1;1;2;8296;0.00024108003857280618
小克不是愚者;2;1;3;8296;0.0003616200578592093
123lOxnV;7;1;8;8296;0.0009643201542912247
长齐;2;1;3;8296;0.0003616200578592093
123lOxnV;14;8;22;8296;0.002651880424300868
星视频;1;3;4;8296;0.00048216007714561236
炎热的瘦虎;20;571;591;8296;0.07123915139826423
李苦舟;132;1951;2083;8296;0.2510848601735776
科技小柒;14;102;116;8296;0.013982642237222759
虎嗅APP;1;5;6;8296;0.0007232401157184186
狗运维苦力怕;2;1;3;8296;0.0003616200578592093
炎热的瘦虎;6;381;387;8296;0.04664898746383799
互联网见闻录;13;57;70;8296;0.008437801350048216
炎热的瘦虎;12;148;160;8296;0.019286403085824494
炎热的瘦虎;7;112;119;8296;0.014344262295081968
炎热的瘦虎;13;334;347;8296;0.04182738669238187
白夜画骨师;5;38;43;8296;0.005183220829315333
董煜;2;6;8;8296;0.0009643201542912247
董煜;1;4;5;8296;0.0006027000964320154
六朝腌鱼bot;1;3;4;8296;0.00048216007714561236
洋气书生;1;2;3;8296;0.0003616200578592093
苟颜玩科技;2;2;4;8296;0.00048216007714561236
蓝鲸财经记者工作平台;1;6;7;8296;0.0008437801350048216
校花驴;5;201;206;8296;0.024831243972999035
印象笔记;3;5;8;8296;0.0009643201542912247
星视频;1;3;4;8296;0.00048216007714561236
冰哥财经;3;354;357;8296;0.0430327868852459
A-DEVIANT-back;7;8;15;8296;0.0018081002892960463
财经早餐;2;4;6;8296;0.0007232401157184186
69岁遁入空门;2;1;3;8296;0.0003616200578592093
-595-goilny-;8;7;15;8296;0.0018081002892960463
随时随地发现新孩子;55;180;235;8296;0.028326904532304725
招牌奶茶加枸杞;1;2;3;8296;0.0003616200578592093
你生来应为高山;3;11;14;8296;0.0016875602700096432
清华小滚珠;8;110;118;8296;0.014223722275795565
我想当你狗;1;3;4;8296;0.00048216007714561236
树绿汀;3;2;5;8296;0.0006027000964320154
搞机圈泥石流;13;16;29;8296;0.0034956605593056897
不知名的小商家;1;2;3;8296;0.0003616200578592093
垫脚石X;1;1;2;8296;0.00024108003857280618
李必达Marcus;5;22;27;8296;0.0032545805207328834
牙周治病君;2;3;5;8296;0.0006027000964320154
徐记观察;23;159;182;8296;0.02193828351012536
苟颜玩科技;1;2;3;8296;0.0003616200578592093
前浪60;1;1;2;8296;0.00024108003857280618
壹零壹捌露西;4;14;18;8296;0.0021697203471552555
佳姐微博;1;68;69;8296;0.008317261330761813
红星网络电视台传媒集团;2;4;6;8296;0.0007232401157184186
Lingomancy话术研;4;34;38;8296;0.004580520732883318
李桂江;14;25;39;8296;0.0047010607521697206
Tolovesomebody;1;4;5;8296;0.0006027000964320154
栗子liz同学;1;16;17;8296;0.0020491803278688526
lWu稚子l;2;10;12;8296;0.0014464802314368371
一騳千囍;5;23;28;8296;0.0033751205400192863
蓬莱夜月;1;3;4;8296;0.00048216007714561236
大漂亮傻事;15;145;160;8296;0.019286403085824494
杭州亚运会小志愿者;2;6;8;8296;0.0009643201542912247
一下银川;2;13;15;8296;0.0018081002892960463
诛心先生;2;2;4;8296;0.00048216007714561236
九月是dog2146;3;31;34;8296;0.004098360655737705
远东控股集团;2;4;6;8296;0.0007232401157184186
HaiwenLiu;1;5;6;8296;0.0007232401157184186
流浪树桩;1;5;6;8296;0.0007232401157184186
米格战斗飞机联合体;1;5;6;8296;0.0007232401157184186
浪里追剧;8;25;33;8296;0.003977820636451302
张瑜专注短线;1;218;219;8296;0.026398264223722274
Govei-;2;7;9;8296;0.0010848601735776277
郭咏;19;190;209;8296;0.025192864030858245
圆周率等于31415926;11;27;38;8296;0.004580520732883318
股探零零發;1;120;121;8296;0.014585342333654773
千里香馄饨金;1;99;100;8296;0.012054001928640309
Mitaral;1;2;3;8296;0.0003616200578592093
央视财经;2;25;27;8296;0.0032545805207328834
若水投资笔记;2;13;15;8296;0.0018081002892960463
杨洪海Richard上海;3;3;6;8296;0.0007232401157184186
李小熬v;5;15;20;8296;0.0024108003857280617
延边那点事儿;11;13;24;8296;0.0028929604628736743
HaiSear;1;1;2;8296;0.00024108003857280618
互联网纵横;1;2;3;8296;0.0003616200578592093
交易员0xAI;1;2;3;8296;0.0003616200578592093
白袍法师艾萨克;6;22;28;8296;0.0033751205400192863
价值投资日志;1;1;2;8296;0.00024108003857280618
萨格科技;6;7;13;8296;0.00156702025072324
郑昀;4;15;19;8296;0.002290260366441659
伊蓝1803;1;3;4;8296;0.00048216007714561236
庄志明律师;7;9;16;8296;0.0019286403085824494
财经网科技;2;1;3;8296;0.0003616200578592093
6万小时15年交易者4;2;24;26;8296;0.00313404050144648
炒股疯子;2;179;181;8296;0.021817743490838957
盘和林经济观察;1;1;2;8296;0.00024108003857280618
百度;34;19;53;8296;0.006388621022179364
佛心蛊虫2;2;5;7;8296;0.0008437801350048216
佛心蛊虫2;6;20;26;8296;0.00313404050144648
爆笑视频房;302;329;631;8296;0.07606075216972034
侃股女骑士;3;132;135;8296;0.016272902603664416
智力普通;2;2;4;8296;0.00048216007714561236
Tech星球;318;445;763;8296;0.09197203471552555
JoJo的Neverland;1;1;2;8296;0.00024108003857280618
鼎盛风清;11;25;36;8296;0.004339440694310511
李迅雷;31;223;254;8296;0.030617164898746385
鼎盛风清;6;32;38;8296;0.004580520732883318
无线充电博主;3;1;4;8296;0.00048216007714561236
许韬de微博;48;776;824;8296;0.09932497589199614
鼎盛风清;8;39;47;8296;0.005665380906460945
孤独时代的山海;2;5;7;8296;0.0008437801350048216
退而思之xyq;1;52;53;8296;0.006388621022179364
娱诗;310;273;583;8296;0.070274831243973
吃货在邯郸;289;268;557;8296;0.06714079074252652
情竽;312;277;589;8296;0.07099807135969141
仉贤森;316;271;587;8296;0.07075699132111861
爆笑视频房;320;262;582;8296;0.0701542912246866
人人爱邯郸;320;284;604;8296;0.07280617164898746
演员任涛;312;280;592;8296;0.07135969141755062
憨憨老师;75;112;187;8296;0.022540983606557378
憨憨行为图鉴;71;86;157;8296;0.018924783027965283
上班摆烂青年;17;41;58;8296;0.006991321118611379
臭弟弟;75;95;170;8296;0.020491803278688523
手机界大佬;41;52;93;8296;0.011210221793635487
蓝绿那点事;169;343;512;8296;0.06171648987463838
国产小新;12;123;135;8296;0.016272902603664416
红莲爱科技;49;203;252;8296;0.03037608486017358
夏木帆;72;115;187;8296;0.022540983606557378
新言财经;206;202;408;8296;0.04918032786885246
科技猩球;190;197;387;8296;0.04664898746383799
Tech星球;183;193;376;8296;0.04532304725168756
快乐记事本_;1;1;2;8296;0.00024108003857280618
BT财经V;1;3;4;8296;0.00048216007714561236
村里栽树人;1;1;2;8296;0.00024108003857280618
百度;19;14;33;8296;0.003977820636451302
用户6182813463;1;1;2;8296;0.00024108003857280618
科技小辛;13;45;58;8296;0.006991321118611379
苟颜玩科技;5;7;12;8296;0.0014464802314368371
小林直道;4;1;5;8296;0.0006027000964320154
WEMONEY研究室;2;8;10;8296;0.0012054001928640309
成年驴;1;1;2;8296;0.00024108003857280618
吃个桃桃真不凉;1;2;3;8296;0.0003616200578592093
冰水煮鱼XM;1;1;2;8296;0.00024108003857280618
破产债权人;2;2;4;8296;0.00048216007714561236
谭彦祖医生;6;15;21;8296;0.0025313404050144647
百度;13;9;22;8296;0.002651880424300868
123lOxnV;12;2;14;8296;0.0016875602700096432
译之得个gut;2;1;3;8296;0.0003616200578592093
酒舞歌-95哥;1;1;2;8296;0.00024108003857280618
火爸朱剑笛;3;2;5;8296;0.0006027000964320154
安生在哪;1;1;2;8296;0.00024108003857280618
在下李小李;1;2;3;8296;0.0003616200578592093
卌卅卄十十卄卅卌;1;1;2;8296;0.00024108003857280618
不敢说什么的我;1;3;4;8296;0.00048216007714561236
倪浩karim;1;4;5;8296;0.0006027000964320154
南京F哥;3;4;7;8296;0.0008437801350048216
主持人钟晓;19;55;74;8296;0.008919961427193828
Coniglio_Conejo;1;1;2;8296;0.00024108003857280618
顺阳河边;4;5;9;8296;0.0010848601735776277
涅小水;31;145;176;8296;0.021215043394406944
亲切的小白白;2;2;4;8296;0.00048216007714561236
lncRNA2024考研版;32;80;112;8296;0.013500482160077145
赛博兔Sara;3;9;12;8296;0.0014464802314368371
鬼文子;253;308;561;8296;0.06762295081967214
老谭电商;22;138;160;8296;0.019286403085824494
老谭电商;32;153;185;8296;0.022299903567984572
财经袁强说;1;7;8;8296;0.0009643201542912247
圈内容嬷嬷;144;146;290;8296;0.0349566055930569
溪花朵朵;2;1;3;8296;0.0003616200578592093
时空传书;1;2;3;8296;0.0003616200578592093
河小鱼向前冲;4;16;20;8296;0.0024108003857280617
百度;20;7;27;8296;0.0032545805207328834
庄志明律师;7;16;23;8296;0.002772420443587271
烦烦之辈;1;1;2;8296;0.00024108003857280618
青州广电;5;5;10;8296;0.0012054001928640309
折台CT;4;6;10;8296;0.0012054001928640309
留子尧;4;15;19;8296;0.002290260366441659
枣庄在线;2;5;7;8296;0.0008437801350048216
鬼文子;21;54;75;8296;0.00904050144648023
次元星辰大海;4;6;10;8296;0.0012054001928640309
深圳张逸轩;28;164;192;8296;0.023143683702989394
互联网阿超;1;5;6;8296;0.0007232401157184186
铁人三项奇思;1;2;3;8296;0.0003616200578592093
蓝鲸财经记者工作平台;5;4;9;8296;0.0010848601735776277
奔跑中的奶酪;3;11;14;8296;0.0016875602700096432
我是王石头sTone;1;4;5;8296;0.0006027000964320154
秋山入城户;2;4;6;8296;0.0007232401157184186
遛狗姐姐;2;4;6;8296;0.0007232401157184186
你怕啥我又不是什么好人;1;2;3;8296;0.0003616200578592093
Yvo_J_Y;1;1;2;8296;0.00024108003857280618
长安乔木在微博;1;7;8;8296;0.0009643201542912247
环球趣多多;3;10;13;8296;0.00156702025072324
一个专员;43;1;44;8296;0.005303760848601736
来一份我在54号桌等你;2;1;3;8296;0.0003616200578592093
C114通信网;1;2;3;8296;0.0003616200578592093
百度;16;2;18;8296;0.0021697203471552555
手机界大佬;362;338;700;8296;0.08437801350048216
蓝绿那点事;251;335;586;8296;0.07063645130183221
国产小新;109;204;313;8296;0.037729026036644166
科技数码师;12;15;27;8296;0.0032545805207328834
张小策_GL策划;1;1;2;8296;0.00024108003857280618
张小策_GL策划;1;4;5;8296;0.0006027000964320154
星海熊猫;1;1;2;8296;0.00024108003857280618
梦想家陈轶亮;9;23;32;8296;0.003857280617164899
科技事儿;3;8;11;8296;0.001325940212150434
河南交通广播;1;2;3;8296;0.0003616200578592093
猛犸新闻;9;10;19;8296;0.002290260366441659
微观园;3;5;8;8296;0.0009643201542912247
盗梦空间_2023;3;2;5;8296;0.0006027000964320154
Rw-F;3;11;14;8296;0.0016875602700096432
微辣鲜香;15;63;78;8296;0.009402121504339441
质疑的钢镚儿;3;1;4;8296;0.00048216007714561236
风花式_Windfancyart;2;3;5;8296;0.0006027000964320154
h2so4kancel;2;5;7;8296;0.0008437801350048216
西门削面;1;2;3;8296;0.0003616200578592093
木_梨;1;1;2;8296;0.00024108003857280618
老孙说手机;2;6;8;8296;0.0009643201542912247
似共梅语尚有芳侣;2;1;3;8296;0.0003616200578592093
橙可可_节能ver;1;2;3;8296;0.0003616200578592093
一直有童话S;1;2;3;8296;0.0003616200578592093
成天说财经;187;1333;1520;8296;0.18322082931533268
三石说财;216;1371;1587;8296;0.1912970106075217
侃见财经;309;1385;1694;8296;0.20419479267116683
IT之家;10;10;20;8296;0.0024108003857280617
肖冰盼来幽灵诡计2了吗嗼嗼;3;3;6;8296;0.0007232401157184186
Tech星球;208;229;437;8296;0.05267598842815815
2gua;-7;11;4;8296;0.00048216007714561236
译之得个gut;15;84;99;8296;0.011933461909353906
易-向南;1;1;2;8296;0.00024108003857280618
财富时代;7;8;15;8296;0.0018081002892960463
百度;5;44;49;8296;0.0059064609450337514
钱江晚报;1;1;2;8296;0.00024108003857280618
湖湘财经;1;2;3;8296;0.0003616200578592093
量子位;2;6;8;8296;0.0009643201542912247
每日甜漫;458;459;917;8296;0.11053519768563164
音娱时尚姐;534;305;839;8296;0.10113307618129219
趣味无限大集合;541;283;824;8296;0.09932497589199614
懒人酱;539;289;828;8296;0.09980713596914176
趣味大全;510;292;802;8296;0.09667309546769527
麻辣村花;504;325;829;8296;0.09992767598842815
戏精趣闻榜;510;320;830;8296;0.10004821600771456
全球第一恶搞;509;320;829;8296;0.09992767598842815
音乐剧综少女;510;323;833;8296;0.10040983606557377
娱知秋;513;288;801;8296;0.09655255544840888
美人喜怒无常;506;320;826;8296;0.09956605593056896
仉贤森;506;310;816;8296;0.09836065573770492
爆笑视频房;508;294;802;8296;0.09667309546769527
壁纸包;507;308;815;8296;0.09824011571841851
戴面具的布鲁斯;62;189;251;8296;0.030255544840887175
夏木帆;122;139;261;8296;0.03146094503375121
冷知酱;131;171;302;8296;0.03640308582449373
刘老师侃科技;124;126;250;8296;0.03013500482160077
迷惑;134;162;296;8296;0.03567984570877531
灯下缕尘;11;7;18;8296;0.0021697203471552555
品玩;2;1;3;8296;0.0003616200578592093
少年你不弱也不强不轻微也不重要;1;1;2;8296;0.00024108003857280618
修凡因Schwein;1;1;2;8296;0.00024108003857280618
风筝人Louis;1;1;2;8296;0.00024108003857280618
百度;17;9;26;8296;0.00313404050144648
吃饱就睡觉Zzz;1;20;21;8296;0.0025313404050144647
urnotlynley;3;1;4;8296;0.00048216007714561236
我也是个清新的流氓;1;1;2;8296;0.00024108003857280618
-悉茗-;1;3;4;8296;0.00048216007714561236
咚咚南东均;1;1;2;8296;0.00024108003857280618
ETtoday新聞雲;3;3;6;8296;0.0007232401157184186
百度AI;1;3;4;8296;0.00048216007714561236
正观-黄河评论;1;1;2;8296;0.00024108003857280618
2gua;3;6;9;8296;0.0010848601735776277
刘老师侃科技;80;89;169;8296;0.020371263259402122
迷惑;82;101;183;8296;0.022058823529411766
臭弟弟;79;81;160;8296;0.019286403085824494
内涵台长;74;87;161;8296;0.019406943105110895
夏木帆;64;78;142;8296;0.017116682738669238
恋爱投递员;70;95;165;8296;0.01988910318225651
红星新闻;47;1118;1165;8296;0.1404291224686596
浙江日报;1;3;4;8296;0.00048216007714561236
新浪浙江;11;12;23;8296;0.002772420443587271
数码圈老表;5;19;24;8296;0.0028929604628736743
浙江日报;4;6;10;8296;0.0012054001928640309
震泽游鳞;1;1;2;8296;0.00024108003857280618
tinaaaaaa喵喵喵;1;1;2;8296;0.00024108003857280618
杨洪海Richard上海;16;33;49;8296;0.0059064609450337514
ZEALER;14;17;31;8296;0.0037367405978784955
手机中国联盟官博;1;1;2;8296;0.00024108003857280618
虎嗅APP;9;16;25;8296;0.003013500482160077
空天白老翁;1;1;2;8296;0.00024108003857280618
新浪科技;6;219;225;8296;0.027121504339440695
百度;11;8;19;8296;0.002290260366441659
连云港生活;2;3;5;8296;0.0006027000964320154
新浪科技;2;7;9;8296;0.0010848601735776277
新浪科技;3;13;16;8296;0.0019286403085824494
科学探索;1;2;3;8296;0.0003616200578592093
SeaSaltCrisps;3;1;4;8296;0.00048216007714561236
泰山财经;2;3;5;8296;0.0006027000964320154
爱范儿;3;4;7;8296;0.0008437801350048216
科学探索;1;1;2;8296;0.00024108003857280618
电商报;26;63;89;8296;0.010728061716489875
新浪科技;5;5;10;8296;0.0012054001928640309
SongQinghui;2;3;5;8296;0.0006027000964320154
todayis_wendy;7;29;36;8296;0.004339440694310511
啾吃可爱多;14;30;44;8296;0.005303760848601736
罗伯斯在湖南;1;2;3;8296;0.0003616200578592093
捏小猪;2;2;4;8296;0.00048216007714561236
盐碱地种出大苞米;1;2;3;8296;0.0003616200578592093
西安碑林-白雪松;33;44;77;8296;0.009281581485053038
雅君翟锐钧;2;5;7;8296;0.0008437801350048216
梅痴饭;1;1;2;8296;0.00024108003857280618
看山的叔叔;10;57;67;8296;0.008076181292189007
房长沙V;1;2;3;8296;0.0003616200578592093
看山的叔叔;34;305;339;8296;0.040863066538090645
用户7531530715;1;2;3;8296;0.0003616200578592093
临淄融媒;10;18;28;8296;0.0033751205400192863
AlexCui聊车;1;4;5;8296;0.0006027000964320154
好笑女生;258;398;656;8296;0.07907425265188042
娱综盛宴;404;366;770;8296;0.09281581485053038
听懂搁浅了吗;539;411;950;8296;0.11451301832208294
娱圈阿怪;532;404;936;8296;0.1128254580520733
桑苧ning;528;401;929;8296;0.11198167791706846
婵娱;381;413;794;8296;0.09570877531340405
娱侍;246;371;617;8296;0.0743731918997107
凛冬浛希;521;396;917;8296;0.11053519768563164
奶茶专业研究员;530;424;954;8296;0.11499517839922854
栗锦余千樊;536;427;963;8296;0.11608003857280617
米奇兔兔屋;527;411;938;8296;0.1130665380906461
娱星零零七;525;420;945;8296;0.11391031822565091
量子位;9;6;15;8296;0.0018081002892960463
威尼斯大猫咪;1;1;2;8296;0.00024108003857280618
数智玩家;2;3;5;8296;0.0006027000964320154
考古电影院;539;437;976;8296;0.11764705882352941
o晓茗宝宝;547;457;1004;8296;0.1210221793635487
难遇妄川;228;397;625;8296;0.07533751205400192
追星少女冷夏柠;554;428;982;8296;0.11837029893924783
抢猪美少女;262;360;622;8296;0.07497589199614271
木南每天都要开心;240;402;642;8296;0.07738669238187078
吃货在邯郸;555;442;997;8296;0.12017839922854388
人人爱邯郸;553;444;997;8296;0.12017839922854388
综艺星星酱酱;375;435;810;8296;0.0976374156219865
短片酱;512;445;957;8296;0.11535679845708775
神会笑;391;439;830;8296;0.10004821600771456
剧音;541;370;911;8296;0.10981195756991322
娱旅君;509;455;964;8296;0.11620057859209257
野生青年指南;517;436;953;8296;0.11487463837994213
国产剧追究中心;514;468;982;8296;0.11837029893924783
V先生打狗子;2;3;5;8296;0.0006027000964320154
贝壳财经;2;1;3;8296;0.0003616200578592093
IT之家;10;6;16;8296;0.0019286403085824494
唐朝孟德;1;10;11;8296;0.001325940212150434
CSDN;1;1;2;8296;0.00024108003857280618
通货朋仗;6;5;11;8296;0.001325940212150434
姚凌宇;9;322;331;8296;0.03989874638379942
盘面要对照;9;33;42;8296;0.005062680810028929
太原工作HR;1;1;2;8296;0.00024108003857280618
庄志明律师;6;8;14;8296;0.0016875602700096432
尤林yulin;25;29;54;8296;0.006509161041465767
颜科技;22;22;44;8296;0.005303760848601736
王随机;29;32;61;8296;0.007352941176470588
科技heart;31;31;62;8296;0.007473481195756991
跑赢市场的王者;1;1;2;8296;0.00024108003857280618
科小宅;30;33;63;8296;0.007594021215043395
沈禾斗;21;21;42;8296;0.005062680810028929
Tech星球;201;207;408;8296;0.04918032786885246
孟醒石;1;2;3;8296;0.0003616200578592093
八哥爱看球;2;1;3;8296;0.0003616200578592093
CG苍狼HN;1;11;12;8296;0.0014464802314368371
第一财经日报;1;3;4;8296;0.00048216007714561236
百度;12;4;16;8296;0.0019286403085824494
大伦Dr;1;1;2;8296;0.00024108003857280618
白竹一枚80后;1;1;2;8296;0.00024108003857280618
OP海贼王分享;14;33;47;8296;0.005665380906460945
言夕Yanxi;5;44;49;8296;0.0059064609450337514
百度营销;29;130;159;8296;0.01916586306653809
任屹云;5;19;24;8296;0.0028929604628736743
相三三三;2;2;4;8296;0.00048216007714561236
谭彦祖医生;6;23;29;8296;0.0034956605593056897
烦燥的夏天;2;17;19;8296;0.002290260366441659
FOTILE方太;40;155;195;8296;0.0235053037608486
互联网八哥;32;160;192;8296;0.023143683702989394
猴面包果与菩提树;4;40;44;8296;0.005303760848601736
贫嘴道长;1;2;3;8296;0.0003616200578592093
科技数码师;10;14;24;8296;0.0028929604628736743
息脚棚子李;1;1;2;8296;0.00024108003857280618
慕已乘舟syn;1;1;2;8296;0.00024108003857280618
最爱福州;1;8;9;8296;0.0010848601735776277
通信监理;1;1;2;8296;0.00024108003857280618
滨城区融媒体中心;200;202;402;8296;0.04845708775313404
IT互联网聚焦;146;200;346;8296;0.04170684667309547
搜狐千里眼;225;263;488;8296;0.058823529411764705
白鹿视频;219;260;479;8296;0.05773866923818708
火爸朱剑笛;3;3;6;8296;0.0007232401157184186
百度;16;67;83;8296;0.010004821600771456
百度营销;13;122;135;8296;0.016272902603664416
左岸迷离的右岸;1;3;4;8296;0.00048216007714561236
量子位;4;6;10;8296;0.0012054001928640309
白玉老虎鸡;2;3;5;8296;0.0006027000964320154
天眼新闻;3;10;13;8296;0.00156702025072324
贵州日报官微;3;8;11;8296;0.001325940212150434
老孙说手机;3;9;12;8296;0.0014464802314368371
刘群MT-to-Death;3;9;12;8296;0.0014464802314368371
顾斐然demon;6;5;11;8296;0.001325940212150434
小沈瘦十斤;1;1;2;8296;0.00024108003857280618
煎饼英语课;3;2;5;8296;0.0006027000964320154
--Akram--;1;2;3;8296;0.0003616200578592093
潘达爱开箱;8;29;37;8296;0.004459980713596914
