label;一级评论;真实二级评论数;真实点赞数;边数;最大边数;集群密度
0;解放生产力消灭消费需求;1;126;127;786;0.16157760814249364
2;AIVA之前很火，网易云投了，现在网易云也有专门收录她的作品，真的惊啊哥。就是AI配乐，没人类演奏的情感，如果我是音乐人，我会专门开个频道专门演奏AI作曲的音乐doge未来已来;2;96;98;786;0.12468193384223919
5;chatgtp的和声进行老垃了，通常就I，IV，V，vi还有就是总是会出现Em7升9;3;18;21;786;0.026717557251908396
10;我已经试看chatGPT写歌词，无论如何歌词没有押韵笑哭笑哭笑哭;2;15;17;786;0.021628498727735368
16;都介绍这四个了，加个谷歌的MusicLM吧;3;2;5;786;0.006361323155216285
20;大哥口水音，强迫症犯了，想去除你的口水音笑哭;2;2;4;786;0.005089058524173028
24;感谢up分享之前一直很纠结找不到合适的水视频的配乐这个真是太棒了;1;3;4;786;0.005089058524173028
28;有沒有一種可能，音樂的商業價值會進一步削弱，而藝術價值會回歸。;1;2;3;786;0.003816793893129771
31;老哥，这些下载后给的是工程文件还是mp3;1;1;2;786;0.002544529262086514
33;up，aiva有个客户端有试用过吗;2;1;3;786;0.003816793893129771
40;Up笑哭我第一个就不行他说给我发电子邮箱验证半天没有东西发过来;2;1;3;786;0.003816793893129771
47;求视频的BGM吃瓜;5;0;5;786;0.006361323155216285
53;AI可以逼死低质量的制作者，真正有个性的优秀作曲者不会受到影响。所以AI什么时候学学山茶花作曲doge;24;633;657;786;0.8358778625954199
78;似乎很适合用做游戏配乐，比如那种日式西式奇幻风格RPG，在某个安全地带的小镇或者村子。;26;448;474;786;0.6030534351145038
105;评论区那些说没有灵魂的，听不出来它想表达什么的，搞得好像自己就能欣赏巴赫，勃拉姆斯似的。;53;595;648;786;0.8244274809160306
159;这曲子听着好有灵什么？是ai做的？听着好生硬啊，还不如隔壁花114514秒作曲的有灵魂doge;10;346;356;786;0.4529262086513995
170;可以把ai作曲加到游戏里，不间断的创造不同的bgm;22;323;345;786;0.4389312977099237
193;感觉全程在大海啊大海最后是我生长的地方;8;273;281;786;0.3575063613231552
202;甲亢AI，日常嘲讽人类中的弱者微笑震惊B站人类音乐区标题党UP集体花了9876543210秒、呕心沥血呕了整个游泳池的血竟还是无法与标题党的AI抗衡AI打消：辣鸡的人类加入光荣的进化、机械飞升，让我们成为一体吧，否则无法击败我们难道除了机械飞升这条路没有别的出路可以抗衡AI了吗（请说出用了多少梗上一个AI作曲视频BV1v5411L7KW这个视频依旧只是在警醒某些半桶水的充大神，大家而言听着笑好了;3;138;141;786;0.17938931297709923
206;当ai作曲真正从各种风格上都超越人类后，人类就不需要作曲人了，ai作品生成速度更快，质量更高，更能按个人口味私人定制音乐，而且只要一个ai作曲家被发明出来，那全世界每个人都能复制一份，成本极低，还能自己升级迭代，而且ai作曲不需要任何报酬，相比之下人类作曲低效，质量更低，不稳定，还要花钱购买作品。绘画，作诗，电影，游戏等领域同理。;125;137;262;786;0.3333333333333333
332;ai只能作曲，但是完整的音乐需要作曲编曲音色设计作词演奏录音歌手后期混音母带。只要ai不能把上述流程完全承包，那就还是需要作曲人的。因为作曲人可以不仅仅会作曲。而ai仅仅只能做到作曲。最为重要的一点是ai无法创新。所以其实有生之年完全不必担心ai会排挤掉真正能称得上创作者的人。这些人反而可以利用ai为自己的作品锦上添花。;27;38;65;786;0.08269720101781171
362;这个东西，用来面向服务端做定制bgm有低成本优势啊思考;9;70;79;786;0.1005089058524173
372;和谐，但是听起来感觉太单调了;5;54;59;786;0.07506361323155217
379;我懂了，以后成为原创歌手再也需要自己写曲子了，直接让AI替我整完得了;4;21;25;786;0.031806615776081425
384;听歌是需要意境的，但这首歌的意境有点难找，说它是圣歌，又太欢快了，说它是乡村风格，但为什么会有和声，总而言之挺奇怪的;6;36;42;786;0.05343511450381679
399;不能说非常好听，只能说毫无灵魂doge;1;25;26;786;0.03307888040712468
402;狗子麻了，想要一个风平浪静的b站;2;3;5;786;0.006361323155216285
405;虽然这首挺烂的，但是支持AI大力发展，然后我们一起螺丝流水线见;1;3;4;786;0.005089058524173028
407;要失业了大哭;2;3;5;786;0.006361323155216285
410;唯物主义者才不管灵不灵魂的，好汀就完事了，反正我也不懂乐理吃瓜;1;9;10;786;0.01272264631043257
413;当艺术脱胎于灵魂;1;5;6;786;0.007633587786259542
415;ai能在人类已知领域作曲是一件好事，但是ai不具备生物数亿年进化出的完整的减熵系统，它是否能够开拓新的艺术领域呢？亦或是仅仅只能成为新人类的工具呢？;11;4;15;786;0.019083969465648856
431;全程大海啊大海;1;2;3;786;0.003816793893129771
433;评论区有两种，一种普遍吹AI的，有一种普遍不看好的，如果有一天AI真的写出了能引发人类情感共鸣的曲子，不是更可怕吗？我记得我最近考试第一篇就是关于AI的走向，如果AI任由这么发展下去，或许未来人类真的会走向灭亡，不是AI操控大规模杀伤武器，而是人类会依附在AI身上，这是最可怕的，并且现在AI也没见的那么成熟，最起码我们现在在日常谈话或者一些平时的作者文字中能体会别人的感情，多层面的那种，这种你随便叫一个成年人他都说得出来，而AI即使算的快他也没办法看破里面的内涵，但AI编曲能刷掉一些低技术力音乐人确实挺好，但要把门槛提的更高我觉得不一定。;3;5;8;786;0.010178117048346057
439;音乐区up来了（这是我小号），我想说一下，关于AI编曲这件事情，确实，ai编曲肯定没人工好，一些音符，就比如说FLstudio，为什么会有none选项，调整音符，让它没那么生硬，一些音色，可能只有音乐制作人外录，有一款插件叫做康泰克大家知道吧，很多音色库很大，甚至一个吉他30G，为什么这么大？对，录了很多，但是音色还是跟现实有出入，所以我们不能保证AI技术发达到不会错一个音符，音乐制作人是要学乐理的，只有经过人耳的歌估计才是很好的，如果是AI，6415的和弦给你铺一段am的bass，然后就是不和谐的melody，那样的歌不听也罢，仅代表个人观点，不以面概全;5;5;10;786;0.01272264631043257
447;至少比b站业余作曲家要好;1;4;5;786;0.006361323155216285
464;嘿嘿嘿嘿，不能只有我们画画的，写小说的，下棋的没饭碗，你们搞音乐的也要一起死，哈哈哈哈哈哈哈（阴暗的爬行）（阴暗的蠕动）（疯狂的发癫）哈哈哈哈哈哈哈;1;2;3;786;0.003816793893129771
466;在瀚如烟海的古典爵士曲中，ai的曲子还远着呢。;1;2;3;786;0.003816793893129771
469;ai代表着大众，所有当下流行的东西聚成的东西。没灵魂;2;3;5;786;0.006361323155216285
480;ai的可怕之处就是能无限制的学习，人类却不能，所以ai比人类要聪明;1;1;2;786;0.002544529262086514
486;草好活;1;1;2;786;0.002544529262086514
513;不知道能不能整出有起伏的曲子，这个有点平，重复也有点多，作为商业场所的背景音乐还成;1;1;2;786;0.002544529262086514
518;不知道有没有类似爵士，无调性那种的ai音乐呢;3;1;4;786;0.005089058524173028
522;好棒无敌的电影配乐比我至前听的那个ai缝合怪作品厉害了好多;1;1;2;786;0.002544529262086514
524;听到ai作曲我开始害怕了，我自己也想学作曲编曲，但是怕学了很久结果连ai都比不上委屈;1;1;2;786;0.002544529262086514
529;说单调的，是因为这个AI学习的音乐还比较少吧？等着学了巴赫等作曲狂魔之后估计就突飞猛进了。;1;1;2;786;0.002544529262086514
537;这曲子元素应该有圣诞节，炉火，雪花，温馨，团聚，美梦。;1;2;3;786;0.003816793893129771
544;AI写歌是快，但如果认真听，AI的歌并不比人类写的，人类写的歌带有人们自己的喜怒哀乐，有自己的感情夹杂在里面，而AI的歌只不过是按照人给的模子刻出来而已。挺久了就会觉得很死板，没有人写的歌的那种灵魂在里面;1;1;2;786;0.002544529262086514
547;建议追一下CaroleTuesday;1;1;2;786;0.002544529262086514
549;虽然一般般，但也很单调;1;1;2;786;0.002544529262086514
562;如果可以模仿马勒的风格了，马勒十首交响曲不够听啊;1;0;1;786;0.001272264631043257
594;可能ai暂时还是写不出太“深”的东西吧，估计贝5柴6肖7之类的曲子相当长的时间里都不会被ai超越;1;0;1;786;0.001272264631043257
604;配上ai观众刷数据才能形成创作闭环吃瓜;4;153;157;786;0.19974554707379136
609;ai企划、ai作曲、ai作词、ai编曲、ai后期、aimv、ai发行，然后用rpa机器人把这些流程串起来，音乐流水线就弄好了dogedogedoge;11;95;106;786;0.13486005089058525
621;下一步就是用AI拍MV了doge;15;87;102;786;0.1297709923664122
637;感觉听起来不像口水歌，像广告歌;3;47;50;786;0.06361323155216285
641;口水歌本来就是这种流水作业呲牙;1;22;23;786;0.029262086513994912
643;刚好刷到个ai作词doge;1;52;53;786;0.06743002544529263
645;下一步就是，导入某些风格固定的歌手的曲子让AI去学习，再用chatGPT写个歌词吃瓜;3;16;19;786;0.024173027989821884
649;狠狠的挤占乐色制作人的生存空间，但也有可能让音乐审美彻底烂掉;1;24;25;786;0.031806615776081425
651;我竟然觉得不错。。;2;13;15;786;0.019083969465648856
654;那我就给个虚拟点赞吧doge;1;7;8;786;0.010178117048346057
656;三连奉上，谢谢UP，这个东西可以让学作曲、作词的人用AI来唱歌了吧；自己不怎么会唱歌，但又想点动次打次，肯定找不到人唱啊，这个刚好可以解决。;1;5;6;786;0.007633587786259542
659;这个很像那种打包卖曲库的商务配乐;1;2;3;786;0.003816793893129771
662;ai编曲作曲难度比ai绘画容易啊，和弦走向给一下，让ai发挥去吧;1;4;5;786;0.006361323155216285
664;AI作曲，AI听众;1;7;8;786;0.010178117048346057
668;智能小黑子生气;1;6;7;786;0.008905852417302799
670;这么一听，感觉超多歌相似度超高笑哭;2;6;8;786;0.010178117048346057
682;这个平台为什么我登不了，一直显示非白名单用户脱单doge;3;0;3;786;0.003816793893129771
688;可惜，音乐行业的短版是不挣钱和没市场而不是生产效率;1;0;1;786;0.001272264631043257
693;还要注册音乐人麻烦;1;0;1;786;0.001272264631043257
706;有一说一，Xstudio本人认为比ACE好用脱单doge;1;1;2;786;0.002544529262086514
709;现在是不是版本升级，用不了啊;5;1;6;786;0.007633587786259542
715;我去还挺好听笑哭;1;0;1;786;0.001272264631043257
717;大佬大佬咨询个问题为啥我填词时候只能一个一个填不能像您一样快速全部填词;1;0;1;786;0.001272264631043257
719;各位大佬好，本人笔记本了解不多，想买个新的笔记本玩ai，预算40007000，游戏只玩原神和星穹，请问有什么性价比高的推荐吗？最好质量稳定点的，因为后面出国工作一年回不来几次，很难用上国内的售后。;1;0;1;786;0.001272264631043257
722;跟知足融合起来了，一点违和感都没有;1;1;2;786;0.002544529262086514
725;做成的音乐可以发到网易云吗？算原创吗？;4;0;4;786;0.005089058524173028
730;现在是个新出的程序就能叫aidoge;1;1;2;786;0.002544529262086514
732;有没有更简单的点下一就全都有那种;1;1;2;786;0.002544529262086514
737;Ai做M齐活了;1;1;2;786;0.002544529262086514
739;鸡太美有下载吗;2;0;2;786;0.002544529262086514
745;ChatGPT是语言模型，它基本没系统地学过音乐，相当于让一个读书很多的，啥都懂一点的人去编曲笑哭。以目前OpenAI的技术来讲，只从技术角度来说，搞一个专门作曲，强项就是编曲，只会编曲的AI不难，只不过花费很多，又会抢别人工作捂脸。我觉得目前最怕的就是类似的编曲AI出现，因为很容易对编曲行业造成较大影响。;14;268;282;786;0.35877862595419846
760;ChatGPT是RLHF的应用，这种泛用的生成模型针对特定领域效果不一定好（比如视频里的计算音乐）。如果真希望搞音乐生成可以看一下计算音乐的顶会ICMC，欧洲这边的强组是QMUL的C4DM（虽然给我拒了笑哭，但是他们真的很强），MIT也有课题组在搞musicgenerationmodel。;2;88;90;786;0.11450381679389313
763;小调从主和弦一路向下挨着写一个八度，只给了根音，连和弦性质都没标，相当于全靠自己想象呢，这种答辩居然还有人说能听出东西来，说一堆虚无缥缈的意向属实笑死我了;8;101;109;786;0.138676844783715
772;音乐方面确实一拖答辩dogedoge;3;84;87;786;0.11068702290076336
776;它把和声进行和自然小调搞混了吧;4;39;43;786;0.054707379134860054
782;八个和弦写错了三个，还吹？;11;30;41;786;0.05216284987277354
795;只会用大三和弦的靴ai;1;24;25;786;0.031806615776081425
800;我是业余的没学过音乐的，可以点评吗？;6;1;7;786;0.008905852417302799
810;有哪位认识这是什么牌子的琴吗？左面只露出一个and，看着像是电琴？;2;0;2;786;0.002544529262086514
816;究竟要什么水平啊才能听这种听出好听来？;1;3;4;786;0.005089058524173028
820;它的音乐功能还差得远呢。期待未来它能作曲、编曲、演奏、演唱。;11;15;26;786;0.03307888040712468
835;17654321？;5;5;10;786;0.01272264631043257
841;什么坂本龙一;1;13;14;786;0.017811704834605598
846;评论区里的人都好懂哦，怎么说呢，大家都是什么成分啊？我想知道（对不起，我可能用词不当）;2;2;4;786;0.005089058524173028
849;这不是卡农吗。。;3;1;4;786;0.005089058524173028
864;规格化，模式化的音乐类型生产，终有一天会被AI无情取代，人类需要做的，就是不断挖掘乐音与情感的共鸣，拓展审美的边界;21;247;268;786;0.34096692111959287
886;失业前夕兄弟们，该发的demo都赶紧发出来吧藏狐;5;121;126;786;0.16030534351145037
893;再给它点时间，最开始的ai绘画也是一拖答辩，短短一年的发展，ai现在的绘图水平已经是有目共睹了。以ai绘图作为参考，ai的优势在于可以根据文字提示在短时间，做出多种方案的较高质量的完成品；亦可根据已有的草图方案在此基础上进行完善细化最终得到完成度较高的成品。并且补充一句，在美术风格的还原这一点上，ai的强大毋庸置疑。ai的劣势在于，1它无法做到较高的私人订制需求。无法精准的展现使用者的需求描述，设计要求越多越复杂，越细致，ai就越难以满足需求。所以目前仍是在抽卡，抽到最接近自己要求的图。即便是在已有的草图基础上去完善，仍有些问题需要手动调整当然，这个功能已经可以节省很多工作时间2抛去还原需求这点不谈，即便如此ai目前也很难出一张没有错误的图片，这个错误主要体现在结构逻辑上面，这包括了大小比例，结构穿插，结构的合理性。要想解决这些问题依然拜托不了人工后期调整。我的观点总结就是，ai在未来商用生产力上不会完全取代人，但确实会取代一部分人，并且ai随着时间进化，被取代的人会越来越多。它是能在可预见的未来里为资本减少人工成本的有效手段，也是为较低需求的人群提供的性价比较高的服务方式。会有点类似翻译员和目前的翻译软件之间的关系;25;163;188;786;0.23918575063613232
919;完全替代估计暂时不太可能，但是绝对会让更多的新人没饭吃，整个行业的头部现象会再次加剧;6;43;49;786;0.062340966921119595
926;在我看到了AI取代了普通的人工客服而VIP可以拥有专属座席直接接到人工以后，我觉得音乐圈是不是要回到巴洛克时期和古典时期，就是高贵的vip可以扶持自己的作曲家，听到人类作曲家的作品，然后普通用户只能和搜索歌单一样，输入关键词听ai作品dogedoge;3;55;58;786;0.0737913486005089
930;以后做视频的up主再也不用担心乱用版权音乐引起纠纷了;3;37;40;786;0.05089058524173028
934;看完了。其实当时看musicLM另一个惊到我的点是，它完全可以根据描述和时间节点生成风格也基本过度顺畅的“伴奏”，几乎是可以直接取代低端的有声书配乐影视配乐的感觉不过现在只有论文没有开放测试比较遗憾，不然我太想上手试一试了。;8;59;67;786;0.08524173027989822
944;输出表现方面：看个人对音乐的要求了，在我看来，差得远。技术方面（简单扫了眼paper欢迎指正）：audioonlytraining我认为不是很好的选择因为乐谱可提供更准确的和声，节奏表达。感觉做成multimodalitieseg乐谱音频会比较好。甚至可以做的更精细些总谱乐器分轨音频其他（eg各种关键词的labels，乐器混音摆位，等等）不过，有一点是确定的，以目前的形势发展，早晚追平甚至赶超人工。大哭大哭大哭;3;32;35;786;0.044529262086514
948;很难想象以后的生活竞争会有多大，ai的发展就像一条警戒线，你只有努力提升自己让自己始终处于自己所熟知领域的前方，你才能驾驭ai，让ai成为你工作中的一大助力，如果你的学识你的技术不及ai，那么你将被ai给挤掉处于濒临失业的状态。届时大多数半吊子们将不能再继续摸鱼打混，但是ai的出现也会极大的方便人类的学习效率，加速入门的速度，我现在有理由怀疑ai会成为未来九年制教育的必修课捂脸;4;34;38;786;0.04834605597964377
953;人类发明了货币，货币反过来奴役了人类；人类发明了科技，科技也反过来奴役了人类。AI也不例外。;13;49;62;786;0.07888040712468193
967;我一直好奇，工作室里有猫咪的话不会被咬个线或者干了更大的缺猫德的事情么;2;17;19;786;0.024173027989821884
970;以后独立游戏，AI建模，NPC用chatgpt，bgm用AI实时根据游戏内容生成;20;30;50;786;0.06361323155216285
991;首先AI若要學習作曲，絕對不會是喂音頻文件給它，肯定是要喂樂譜才能符合底層邏輯，至今為止還沒有一款軟件能準確識別多聲部的音頻無誤差地轉換成樂譜，滑音、變速、變調、變奏絕對需要花費巨大的算力才能識別還不一定準確；第二個巨大的問題，假如我輸入文字周杰倫怎麼保證輸出的結果像周杰倫但避免抄襲周杰倫，第三怎麼保證作詞嵌入曲中，同時押韻，語意通順且符合曲境，第四怎麼寫出無關風格但必須符合曲境詞義的編曲，最後在AI能獨立寫出情節連貫不併湊有意涵且令人折服的小說或者劇本之前，還不用擔心音樂創作會被替代。;2;17;19;786;0.024173027989821884
995;视频讲的很中肯，难得见到对AI有所了解的艺术行业从事者喜极而泣。UP提到的ChatGPT关于毁灭人类的看法主要是来自于人类我很认同;2;16;18;786;0.022900763358778626
1000;距离改行去做炒菜阿姨不远了;3;9;12;786;0.015267175572519083
1004;那MusicLM之后会不会有反推的能力呢比如给它听一段我们感兴趣的音乐并让它给出关键词真人通过这些关键词理清思路和要点再制作新的音乐;3;7;10;786;0.01272264631043257
1010;要是能有强尼银手，把所有AI服务器都炸了，V再来把所有算法备份毁掉多好;5;9;14;786;0.017811704834605598
1016;AI就是大规模抄作业;5;4;9;786;0.011450381679389313
1022;我认为音乐AI给人的改变就是，不用学乐理，也可以进行基础的音乐操作了，中国音乐区就像死水一潭里面就养了一头叫周杰伦的昆doge，其他的加起来都没这么大，是时候发生改变了;1;4;5;786;0.006361323155216285
1025;这东西作为灵感来源感觉好厉害;5;6;11;786;0.013994910941475827
1031;自从互联网从业者放歌不给作者和歌唱者钱，音频从业者的从业结构就被打破了吧呲牙，你们被伤害已经不是第1次了，赶紧去学习使用方法，貌似是比较现实的选择。;1;4;5;786;0.006361323155216285
1034;我个人觉得做不到，这个和美术不一样，不是单纯的合成拼贴就可以做好，随便举个例子小星星变奏曲你就是把ai玩烂都做不出来实录的那种感觉，所以ai只会影响到混饭吃的那一波音乐人，对有实力一点的不会有影响;6;5;11;786;0.013994910941475827
1050;公布开发者个人以及家人信息，便于更好的学习交流吧;1;10;11;786;0.013994910941475827
1052;本来认为AI绘画进化没那么快，但我错了，已经可以以假乱真了这个AI音乐大佬们认为进化速度会怎么样？;5;2;7;786;0.008905852417302799
1058;不知道有没有音频拆分音轨的ai作为我这种听得不少但没乐理训练的人来说帮助最大;1;2;3;786;0.003816793893129771
1061;对文学，音乐，绘画的要求太高，目前没有能欣赏的。;1;2;3;786;0.003816793893129771
1063;AI生成的音乐和画面说实话都有些让人不舒服的细节，画面可能还考验一个人的审美观察力，毕竟不是所有人都把每个细节都看明白了，但是音乐真的要命啊，每个音节都不会漏过的，听了十几秒我就开始觉得耳朵深处难受了;4;8;12;786;0.015267175572519083
1068;艺术应该是表达创作者意图的。AI表现了个啥笑哭;10;10;20;786;0.02544529262086514
1079;话说，感觉绘画精度不行一般人也不太注意，但是音乐音质不行好像一般人也不能接受？;3;7;10;786;0.01272264631043257
1083;指出一个问题点，mulan是需要文本音乐pair的，只不过这个文本描述是爬下来的歌名，描述，专辑歌单文本，不做强链接也是因为没法标注一一对应的数据，成本太高了，这可能也是音乐领域还算坚守的原因吧，希望能晚点被攻克笑哭;7;4;11;786;0.013994910941475827
1092;最早我记得还有个AIVA作曲来着，感觉效果比这个要好点;2;8;10;786;0.01272264631043257
1095;不用担心失业，我觉得人人当老板的时代来临了，反正什么事AI都能干一腿呲牙;3;5;8;786;0.010178117048346057
1099;这视频的背景音乐谁知道名字吗;2;1;3;786;0.003816793893129771
1104;有时间我会觉得ai就是个考核线，比ai差的就是不合格，ai以上的才能说自己是职业人;5;3;8;786;0.010178117048346057
1110;我们知道音乐制作不但包含旋律、配器、音质等众多技术项，还有重要的人文项包括Emotion、Imagery、Soul等指标，如果AI作曲可以提升述事画面感，充分表达人类情感，产生心灵上的共鸣乃至升华，也将是人类文化的优秀组成部分。如果改进优化不是着重人文向，则很可能被应用于非专业人群的商业向，去满足现代大规模工业生产的制作效率和成本考量，当然这样做难免被人调侃成莫得感情、莫得思想、莫得灵魂的工业快餐，而AI不会对此表示关切和回应，除非人类和AI当中有一个不再满足于人类打工仔的身份。;2;4;6;786;0.007633587786259542
1121;现在AI是琴MusicLM棋AlphaGo书ChatGPT画NovelAI样样能行了;1;1;2;786;0.002544529262086514
1130;看不懂有些人为什么天天都想着取代这取代那的，那次科技进步没取代些行业？要不要给第一次工业革命的纺织女郎说说话？享受着科技进步带来的现代生活，消极抵制着科技进步，又不想办法怎么让人们在科技停滞的情况下享受现代生活，我真看不懂，这些人这么想念封建的农业社会么？;2;1;3;786;0.003816793893129771
1135;目前的ai还不会思考，更容易处理逻辑结构简单的信息，等会思考了怼谁谁死doge;1;1;2;786;0.002544529262086514
1138;就目前的AI音乐来说，只能给人带来一点悦耳的声音而已要做出直击人类心灵的有生命的音乐作品还是要通过人类天才的永不枯竭的大脑才行有灵魂的音乐和悦耳的声响还是有区别的，不然的话说音乐是扒拉灵魂的东西，就有些扯了;11;1;12;786;0.015267175572519083
1167;所以说这个模型只生成音频不生成谱面或者工程文件吗。对人类来说还是谱面或者工程文件比较重要吧（不过可以理解毕竟开发团队原本只做音频没做音乐;2;0;2;786;0.002544529262086514
1173;他能写交响吗;1;0;1;786;0.001272264631043257
1180;ai绘画从抽象到二次元到真人也没用多久，ai音乐估计也一样;1;0;1;786;0.001272264631043257
1184;人造神就要出现了;1;0;1;786;0.001272264631043257
1195;有一天ai可以取代社会上人类所作的一切，那人类在社会上的定位还是什么呢;1;0;1;786;0.001272264631043257
1208;AI能做的都是风格类音乐，缺乏情绪联想机制，最先失业的无疑是一部分BeatsMaker。;1;0;1;786;0.001272264631043257
1210;别慌，冲击过后留下的才是精品，喜欢的人依然会坚持，人工的才是有灵魂和最贵的;3;0;3;786;0.003816793893129771
1221;AI是未来的筛选机制，人类质量将被明确划分，“淘汰”市场，未来“黑市”即将登场;1;0;1;786;0.001272264631043257
1223;什么东西容易被取代？越有热度越容易被取代，因为这样数据集会更大，反过来说你用一些小语种去和chatgpt聊天，人家样本集不够，表现肯定就不够看;4;0;4;786;0.005089058524173028
1231;古典乐该复兴咯;5;0;5;786;0.006361323155216285
1238;网易也有啊;1;0;1;786;0.001272264631043257
1243;Ai可以取代不少行业，但是作曲是不会的。或者说，ai作曲本来就是作曲技能的一部分，而不是取代的关系。AI作曲是很早很早之前就已经出现的了，只不过最近AI绘画出现了就又带火了，事实上很早之前就已经被作曲家用作辅助作曲。无论是优秀的绘画还是作曲，最重要的是灵魂或者说明确的主题，AI再优秀也不会表达主题。绘画可能对这方面并不是刚需，不少甲方只追求的是一个效率和精美的画面，所以不少原画师都被裁。但是作曲不一样，作曲本身最重要的就是主题，ai是做不到直接产出成品的。当然，单论生成即用，ai做点氛围音乐还是不错的;22;66;88;786;0.11195928753180662
1266;还带人声，歌词还带押韵，第二段副歌还带反拍进场，ai能这么强吗;11;46;57;786;0.07251908396946564
1278;玩编曲的告诉你，编曲不是堆采样就行了，流行还好，电子音乐通常一个音色都要几十个不同的插件不同的参数才能设计出来，更别说还要做混音母带;35;40;75;786;0.09541984732824428
1314;很明显的和一首歌非常像;3;15;18;786;0.022900763358778626
1318;前几天看了个视频，介绍赛博朋克2077的音乐发展史，在游戏的世界观里，打败强尼银手和克里摇滚乐的，就是ai音乐的发展，克里用三个月写一首歌，ai可以在一分钟内产生100首和他的歌一样的歌，久而久之用户习惯也被改变，只要听中间20秒高潮部分就行，快餐音乐直接改变了用户习惯，再也听不了精细编曲的传统音乐了。;1;4;5;786;0.006361323155216285
1320;ai只能照着葫芦画瓢，但葫芦还得人类种出来;14;10;24;786;0.030534351145038167
1336;破案了，是强尼银手在写歌。;1;7;8;786;0.010178117048346057
1338;？什么网站，AI编曲还带人声的;4;7;11;786;0.013994910941475827
1343;AI永远不会知道如何写实验电子以及一些极其极端的风格;7;7;14;786;0.017811704834605598
1353;没有温度的机器，怎么跟人比;28;4;32;786;0.04071246819338423
1382;评论不懂作曲，也不懂ai;1;1;2;786;0.002544529262086514
1386;怎么说呢就我们音乐制作人的标准的话，这个肯定是不合格，但一切取决于消费者;1;2;3;786;0.003816793893129771
1389;完了，我还没ai会写音乐;1;0;1;786;0.001272264631043257
1391;这明显侵权了;1;0;1;786;0.001272264631043257
1398;这不是抄袭吗？旋律是另外一首歌的吧;1;0;1;786;0.001272264631043257
1406;这首歌的质量想取代charlixcx这种音乐人还差得远;1;0;1;786;0.001272264631043257
1409;为什么打不开啊，一直黑屏;1;1;2;786;0.002544529262086514
1413;什么软件;1;1;2;786;0.002544529262086514
1420;新玩法：AI作曲，小梦填词;3;71;74;786;0.09414758269720101
1424;试了下挺有意思的，可惜不想用给定的开头的话只能完全随机，不能自己弄大笑;1;16;17;786;0.021628498727735368
1426;希望能发一些成品呀;1;7;8;786;0.010178117048346057
1434;AI作画逻辑和AI编曲逻辑完全不同，AI作画是通过机器识别提取画的特征（比如手、眼睛）然后拼接在一起。现行AI编曲则是从底层乐理出发要想AI编曲能有AI作画那样的水平首先也得能提取歌曲特征，但现在市面上连基本的音轨分离都做不干净，跟不要说提取特征了。要我说想要媲美AI作画还得等上很久;8;95;103;786;0.13104325699745548
1444;不要复制简介发到弹幕和评论;1;20;21;786;0.026717557251908396
1447;ai作曲瓶颈还是旋律太怪了;1;12;13;786;0.01653944020356234
1449;作曲本质上是更抽象的写作。绘画和它的本质不一样，绘画本质上是一种更高级的声音设计。音乐是横向和纵向的结合，ai绘画其实解决的只是纵向问题，ai写作解决的是横向问题，现在还缺一个横向和纵向结合逻辑问题。解决了这个，那估计ai拍电视剧也不远了。;4;10;14;786;0.017811704834605598
1454;我觉得这都这么复杂了跟人工也没多大区别了，关键的音色设计结构还是人做的其实;2;8;10;786;0.01272264631043257
1459;这玩意要是能够写个前卫出来我才会勉强认可;1;5;6;786;0.007633587786259542
1464;可以做音游曲吗;1;3;4;786;0.005089058524173028
1466;这个很好用的感觉诶热词系列知识增加热词系列妙啊;1;3;4;786;0.005089058524173028
1472;旋律就不能ai了笑哭ai这东西旋律弄的东一榔头西一棒槌;1;2;3;786;0.003816793893129771
1488;吓人，制作人没出路了吗;2;1;3;786;0.003816793893129771
1492;辣眼睛为啥我的是英文的;1;0;1;786;0.001272264631043257
1494;这个插件正版花钱么。多少钱;1;0;1;786;0.001272264631043257
1496;ORB3试用和不试用好像没啥不同啊（指是否输入序列号）;1;0;1;786;0.001272264631043257
1498;chords咋弄到啊？求解;3;0;3;786;0.003816793893129771
1503;有一说一，他就是在拼素材吐什么效果都没加，混音糊的一批，母带也没做，问题是，为啥你生成的Bigroom曲风和我刚才试毒的一模一样热词系列知识增加;5;92;97;786;0.12340966921119594
1513;挺好用的孩子很喜欢下次还在网易云做;1;11;12;786;0.015267175572519083
1515;我想做点儿歌行不行。;3;10;13;786;0.01653944020356234
1519;注册机bgm？;1;5;6;786;0.007633587786259542
1521;AI太捞了;2;5;7;786;0.008905852417302799
1525;家人们我不如AI了（痛哭）;2;3;5;786;0.006361323155216285
1529;猜我是谁;1;0;1;786;0.001272264631043257
1532;ai音乐的发展确实有些惊人，目前的ai基本相当于学习了3个月的音乐人。至于以后音乐ai的发展，是很难预测的。样本量是个问题，音乐的还原非常有难度，能提供给ai的大多是音频，直接从音频分析的话会导致乐器难以分辨（只有第四个ai勉强避免了这些问题，但它是从编曲底层逻辑进行分析了的）相比于绘画，对音乐的模仿是非常困难的，我认为这会成为音乐ai发展的阻力。但谁知道以后会怎么样呢;4;41;45;786;0.05725190839694656
1537;绘画和音乐的区别在于，绘画是无比形象的，而音乐是无比抽象的。音乐的作曲抽象到即使是本科专业人员也绝大部分都是半桶水，连巴赫的一根毛都比不上。如果没有作曲天赋，那当代的作曲博士学位可能才刚够入个作曲的门。假设有一个精通编程的历史级天才作曲家，一步一步把所有作曲理论知识和音乐分析方法都教给AI，只有这样，AI才有可能和莫扎特十多岁的作品比一比。但这其中的每一步都是几乎不可能的，更何况这样既没有商业价值也缺乏研究价值，除非人类真的高度发达了，才会有闲情这么做，百年以后吧。;17;33;50;786;0.06361323155216285
1555;ai行业的到来严重影响底层入门音乐人的生存辣眼睛;56;25;81;786;0.10305343511450382
1613;艺术的背后，是人类内心世界的互相共鸣，这是属于人类的事情。ai已经毁了围棋，毁了绘画，还要让它毁掉音乐吗？;33;17;50;786;0.06361323155216285
1647;围棋，绘画，配音，唱歌，伴奏，下一个轮到谁了;7;12;19;786;0.024173027989821884
1666;音质普遍不好，本来打算用在视频做BGM的，声音都太糊了;3;1;4;786;0.005089058524173028
1678;软件名字，在哪下载？;11;3;14;786;0.017811704834605598
1694;你们经常加班吗？;1;0;1;786;0.001272264631043257
1696;你这背景音乐这么大，人声能听清吗？没字幕说话也不包准;6;0;6;786;0.007633587786259542
1703;《自己创作的音乐》再见不要为了成为音乐人而成为音乐人;8;79;87;786;0.11068702290076336
1712;很认同简介最后一句话我时常觉得我们对待音乐太严肃了;8;36;44;786;0.05597964376590331
1721;作曲家应该通过音乐表达情感而不是被音乐挑起情感;3;27;30;786;0.03816793893129771
1725;再加上AI演唱doge就更完美了;2;8;10;786;0.01272264631043257
1728;对待音乐最好以一个认真的态度，过过音乐人可以，到了最后都免不了自己写;7;7;14;786;0.017811704834605598
1736;单是，得学会编曲吗;2;3;5;786;0.006361323155216285
1739;即刻失业doge;1;2;3;786;0.003816793893129771
1743;guitarpro导出后是gp格式tv难过怎么转换呀;2;0;2;786;0.002544529262086514
1747;这种自己玩玩还是可以的，千万别闹大，人家网站都说明了版权是归网站方的;1;0;1;786;0.001272264631043257
1750;请问自己创作的音乐也可以用那个软件发表吗？这和在音乐播放器里发表有啥不同么;4;0;4;786;0.005089058524173028
1757;感觉超级厉害，不过还是稍微有些平淡;3;25;28;786;0.035623409669211195
1765;我是编曲的，其实ai作曲编曲一点都不难，作曲编曲和数学有一定关系的，加上把全世界所有乐谱给ai学习，技术绝对是顶尖第一，只是艺术性方面会有争议，ai编曲仅仅在音乐的真实细节方面会难一些，但是没关系，因为绝大多数的听众不了解并且听不出来;1;6;7;786;0.008905852417302799
1768;这是不是今年宣传片的曲子星星眼星星眼;1;4;5;786;0.006361323155216285
1770;以后这些明星可以用这个做歌卖钱;2;3;5;786;0.006361323155216285
1784;我怎么记得当时是看英语学习关注的up喜极而泣喜极而泣喜极而泣;1;0;1;786;0.001272264631043257
1786;我有个大胆的想法要是有AI会做游戏的话会是怎样芮小凸小凹嗯？;44;683;727;786;0.9249363867684478
1831;要是把题目改成大师新古风曲获金奖，保证一堆人膜拜而不是现在这样一堆好为人师的弟弟无中生刺儿;24;762;786;786;1.0
1856;音乐可以听出感情，但是听不出灵魂，别天天灵魂灵魂的，不告诉你是ai做的你会说这话，最多就说音乐进行不对罢了，天天扯点没用的;7;395;402;786;0.5114503816793893
1865;一来，现在喂的曲子太少了，同是中国风，内部曲风也很杂，其实应该分tag喂，然后后期编曲的时候分配各tag的风格的比例进行调整，再调整节奏韵律和起伏模式，这样就能达到有些人所谓的“味道”“灵魂”或者“情感”了。二来，现在单纯是塞曲子去取概率最大值，并没有把各种乐理和传统的作曲规律输入，当机器学习了乐理和创作的套路之后，它甚至比人类写的更好，至少比一些抄抄弄弄的流量音乐人好得多。（）（）;4;207;211;786;0.2684478371501272
1871;我觉得这个AI并不了解中国，它学习的是西方人眼里的中国;31;221;252;786;0.32061068702290074
1904;是真的懂吗？如果不告诉你们这是AI做的曲还会有那么多人b吗？有多少人听得出来这是AI做的？;1;82;83;786;0.10559796437659033
1907;有一些细小的地方稍微有那么一点点瑕疵，但整体的表现可谓惊为天人，曲式和配器有不少细节让我眼前一亮甚至拍案叫绝，说瑕不掩瑜我觉得都有些贬低了，保守些讲叫非常惊艳，要是夸张点我觉得完美二字也并不是那么过分。说实话听得我都想扒谱借鉴了；；;1;68;69;786;0.08778625954198473
1910;肯定是有茉莉花做基础;2;53;55;786;0.06997455470737914
1913;喷的带点脑子，看曲名好吗，远古人类社会你听不懂是年代问题，喷个鬼AI？不怪你自己资历浅薄？？？怕不是笑死我;5;51;56;786;0.07124681933842239
1919;有些人看到是AI就開始挑刺，這個沒有“靈魂”那個“情感”，殊不知作為專業人士的自己在路人眼中連AI都遠弗如。我見諸君皆弟弟，AI見諸君應如是。;9;43;52;786;0.06615776081424936
1929;wdnmd，b站真tm人均贝多芬啊都;1;40;41;786;0.05216284987277354
1931;开头我差点以为要好一朵美丽的茉莉花。阿伟尿了。;2;33;35;786;0.044529262086514
1934;开头的音程关系很迷啊;15;46;61;786;0.07760814249363868
1951;其实中国古典音乐也不是全部都五声调式的古人有些曲子也写得挺大胆;1;26;27;786;0.03435114503816794
1954;AI做鬼畜指日可待滑稽;1;7;8;786;0.010178117048346057
1958;有一点疑惑，这些曲子是先作曲后命名的，还是像命题作文一样是先命名后作曲的，以我对ai的理解应该是前者小电视嘟嘴;1;21;22;786;0.027989821882951654
1961;觉得搞音乐简单的可以学个乐器练到十级，然后自己学习作曲，自己学习编曲，我可以打包票，没个二十年勤勤恳恳搞，你做不到AI的程度。哪怕是学习人的曲风那也是很完整的，因为论学习，没人学得过电脑，论灵魂哈哈哈，估计不少骂的人连思考能力都没有，还谈灵魂doge微笑;7;9;16;786;0.020356234096692113
1969;我觉得真的可以，而且可以了以后，作曲系朋友会失业吗？;10;18;28;786;0.035623409669211195
1983;回头搞个不知名的大师音乐作品，然后标题为“人工智能作曲”，弹幕肯定一大堆说没灵魂的;1;13;14;786;0.017811704834605598
1989;人类引以为傲的创造力还能维持多久呢？奸笑;1;5;6;786;0.007633587786259542
1992;外国人眼中的中国元素，听着有点赛博朋克的味道;17;14;31;786;0.039440203562340966
2012;能不能让AI创造一个AI呢？;1;11;12;786;0.015267175572519083
2014;求上传网易云，就用艾娲这个名字;1;11;12;786;0.015267175572519083
2016;有些细节处理不好，但是已经足够棒了;3;6;9;786;0.011450381679389313
2021;音le人徐某末日，，，;1;13;14;786;0.017811704834605598
2025;现在什么工作的人都要失业了是嘛A;2;10;12;786;0.015267175572519083
2028;开头前奏大提琴（我不确定是不是大提琴）的声音我还以为是梁祝;4;4;8;786;0.010178117048346057
2034;up主简介是aiva啊喂;1;9;10;786;0.01272264631043257
2037;我觉得很美;1;9;10;786;0.01272264631043257
2039;差了韵味，差了中国本该有的山水和文化，差了沧桑和力量，用在游戏里做背景音乐还可以，但不要让人知道名字，否则感觉就会差很多，觉得名字和曲子不相匹配;2;6;8;786;0.010178117048346057
2042;子非鱼，安知鱼之乐子非AI，安之AI无魂doge;4;9;13;786;0.01653944020356234
2049;作曲和听曲是两回事。人在作曲时，根据自己当时的情感和思绪，从记忆中提取整合排列成新的旋律。听曲时，听者在根据自己的状态从中提取出自己的记忆片段。曲子本身是没有灵魂的，是作曲者与听者赋予了灵魂。;1;8;9;786;0.011450381679389313
2052;比现在的大部分所谓古风曲好太多了;1;11;12;786;0.015267175572519083
2054;还可以，挺和谐的编曲。会不会感觉每首曲子得高潮似乎平淡了些;1;3;4;786;0.005089058524173028
2072;不是说我杠，我本人是个古风曲控，这真的听的不太舒服，甚至说很不舒服。不过ai能作曲我是第一次听说，还是很的;14;4;18;786;0.022900763358778626
2089;会不会哪天AI都能写小说了笑哭;2;1;3;786;0.003816793893129771
2092;随着ai的到来，价值观啊审美等等都会重构，只不过不是此时，也不是此地，hxd们稍安勿躁;2;1;3;786;0.003816793893129771
2096;配器可以的，不过在乐器力度上没有什么改变;1;1;2;786;0.002544529262086514
2101;这AI好像很擅长多乐器演奏，单乐器就比较平淡;1;1;2;786;0.002544529262086514
2112;还是觉得差了一截，有点僵硬;7;1;8;786;0.010178117048346057
2123;可以不用看XX的广告了，嘻嘻;1;1;2;786;0.002544529262086514
2127;艺术家要失业;3;2;5;786;0.006361323155216285
2145;人类制造出怪物，一旦失控。;1;0;1;786;0.001272264631043257
2148;不知道先写出这首曲子，人听了再加个名字，还是人先想出一个名字，让ai写一首曲子来配。;1;0;1;786;0.001272264631043257
2153;第一首的音准和第二首的节奏都明显有问题啊，谁弹得也是有问题啊;1;0;1;786;0.001272264631043257
2193;真實縫合怪;2;0;2;786;0.002544529262086514
2200;我觉得不管什么曲子用民族乐器演奏出来都是中国风;2;0;2;786;0.002544529262086514
2209;有点世界末日的感觉;1;0;1;786;0.001272264631043257
2213;不好听，不是来点民族乐器的声音就是中国风了。;6;0;6;786;0.007633587786259542
2233;那些说死板没韵味的不知道你们自己能不能做的出来？或者说你们真的能分析这个音乐吗（这是一门学科）？;1;0;1;786;0.001272264631043257
2235;这ai混音这么6的;1;0;1;786;0.001272264631043257
2237;唉这世界迟早是ai的，卷不过啊我还是回家种田去吧吓;1;0;1;786;0.001272264631043257
2243;突然想试试，人类作曲，假装说是AI作曲，等到弹幕和评论里都是觉得“没有灵魂”的时候再说出真相打大家的脸（;2;0;2;786;0.002544529262086514
2248;绘画的话感觉ai作品里人物的脸型配色眼睛等等ai味还是太重了点好看但是感觉缺点味道曲子都很好听个人感觉都很符合绘画的氛围（高情商：都好听低情商：鉴赏能力不足）给心心;1;11;12;786;0.015267175572519083
2254;ai编曲有好几首经典钢琴曲融合在一起呢害羞;1;0;1;786;0.001272264631043257
2256;AI编曲可以用什么？;2;0;2;786;0.002544529262086514
2259;如果是想发哥的话，玩ai编曲不如玩采样，玩采样可以培养很多编配思路，而且也能直接培养混音熟练度。到时候乐理学好了自己加乐器就事半功倍了;3;8;11;786;0.013994910941475827
2263;编曲直接秒杀入门，词曲自己改改就是一首还不错的demo;1;2;3;786;0.003816793893129771
2268;阿哲叫厉害没人了吗;1;3;4;786;0.005089058524173028
2271;网易天音dogedogedoge;2;5;7;786;0.008905852417302799
2276;很怪异;1;2;3;786;0.003816793893129771
2281;都是一声doge;1;0;1;786;0.001272264631043257
2288;tv笑哭我想抢个测试名额做视频，死活没有;1;1;2;786;0.002544529262086514
2290;求问这个ai软件是啥星星眼;8;1;9;786;0.011450381679389313
2299;已赞，送你上首页。;1;1;2;786;0.002544529262086514
2301;一键三连同求啥软件，谢谢。打call;1;1;2;786;0.002544529262086514
2322;我也想要星星眼打call;1;1;2;786;0.002544529262086514
2324;什么软件呀;1;0;1;786;0.001272264631043257
2326;这好像也没怎么编吧喜极而泣;1;0;1;786;0.001272264631043257
2336;注册这一步就卡住了笑哭;2;0;2;786;0.002544529262086514
2339;这个对电脑硬件有什么要求吗？;1;0;1;786;0.001272264631043257
2342;真挺不错的，而且很有商业化的前景，甚至有希望像水果和cubase那样雄踞一方但是也要谨慎行事，因为网易也在搞这方面的ai编曲，国外也有自学习的软件正在研发，如果想做到持续发展，最好在版权方面认真下功夫，避免遭到剽窃。除此以外，想要自立门户的话，最好有相应的团队做支撑，独自一往无前可能会难以应付，望up三思而行。脱单doge;5;286;291;786;0.3702290076335878
2348;之后会经常更新教学视频，新功能介绍和幕后故事，欢迎大家关注。有什么功能想法也欢迎私信;9;110;119;786;0.15139949109414758
2358;热词系列知识增加热词系列知识增加热词系列知识增加建议加自定义乐器采样和如笛子，钢琴，贝斯，吉他的音色合成器。我怎么遇到这么一个会深度学习的大佬冤种;3;82;85;786;0.10814249363867684
2362;这个可以导入旋律MIDI自动生成伴奏吗？;4;31;35;786;0.044529262086514
2367;地址在httpswwwtuneflowcom，桌面版也可以在首页下载;3;74;77;786;0.09796437659033079
2371;Cool已star感谢开源，考虑做一个面向开发者的文档吗，and方便给一个联系方式吗，想认识一下大佬tv害羞;9;64;73;786;0.09287531806615776
2382;要不把flstudio，cubase，protoos，等等软件里面好用的东西都整一块去，然后垄断市场，国人就有了自己的Dawdoge;4;20;24;786;0.030534351145038167
2387;辅助新手了解知识，和帮助音乐人打打框架的的定位挺好，出来的曲子大概都听了下都是比较公式化和机械的，哪怕再发展，未来不希望这种东西能真正取代音乐人去工作，音乐需要真正人类的感性和人味儿。;7;46;53;786;0.06743002544529263
2396;电脑和音乐息息相关好吗;1;36;37;786;0.047073791348600506
2398;提问：制作一款游戏，我们需要哪些方面的支持？1，独立配置于游戏的高质量音乐2，精美的游戏画面以及角色3，配套于游戏的宏大世界观以及故事情节4，优秀的代码支撑5，服务器问：距离一个人独立完成一个精美的游戏，并且在此人几乎没有任何基础的情况下，只提供玩法，做出游戏还要多久？如今，我们有了AI编曲，AI绘画，AI写作，似乎看上去几乎只需要解决买下一个并不是很贵的服务器，并且学会编程就可以了，但是我们不妨把视角再放长远点，如果未来连编程也可以AI编程，那么或许想要成为一个游戏制作者，你只需要几千块钱和你的没有任何基础的朋友们创建一个小型的工作室，每个人带上自己的电脑，全程筛选不错的AI内容以支撑自己的游戏，然后再花点钱买一个服务器，一款商业游戏就这么诞生了，而AI最重点的一个优势就是他所制作的哪怕任何一个内容，都能做到真正的全世界独一无二，甚至可以规避版权问题，因此我还是十分看好AI发展的前程，但愿未来的某一天，我能够真正一个只懂得计算机编程的小白的身份，创立小型工作室，找几个就算什么基础都没有的朋友仅仅负责筛选和审核以及体验AI的作品就可以做到完全商业化的程度，这样的时代，我想用不了几年或许就将来临。;7;24;31;786;0.039440203562340966
2406;是因为我前几天搜过AI作曲吗我的天，我预计明年去QMUL读AI作曲的研和C4DM实验室的博，然后就被推送到了，我的天UP可以分享一下学习经历或者怎么去入门吗，雅思考完以后我也要开始了;2;8;10;786;0.01272264631043257
2410;很强大的软件，加油，也很希望听到真真来自up内心的旋律，自制的旋律哭哭;1;11;12;786;0.015267175572519083
2412;不错诶其实感觉混音和音色设计可以舍弃掉专注于和声和旋律的还可以试试根据既有鼓组还充填旋律和和声要是可以根据鼓组节奏，和弦进行选择，和弦节奏选择，旋律编写，和声编写，频段分析这种工作流程来设计的话就会非常实用;5;16;21;786;0.026717557251908396
2422;大佬大佬我有一些想法可以联系一下吗;2;4;6;786;0.007633587786259542
2426;大佬，制作出来的版权怎么办;3;3;6;786;0.007633587786259542
2431;希望能加一个AI音色设计脱单doge比如能自动生成波表或者自动生成dubstepbass，这样再加修改可以让音色设计更方便（不过需要有serum这个插件就是了）;1;2;3;786;0.003816793893129771
2435;ai歌词生成合并进去。。。然后用ai生成视频。。。。;1;2;3;786;0.003816793893129771
2439;太棒了，我一直想要一款国产DAW;1;3;4;786;0.005089058524173028
2441;支持;1;3;4;786;0.005089058524173028
2443;还真挺牛逼;1;5;6;786;0.007633587786259542
2445;UPUP有白噪声吗，还有Riser，我用Bandlab时没有（悲;1;1;2;786;0.002544529262086514
2447;打不开是为什么;1;1;2;786;0.002544529262086514
2449;艺考生来噜试了一下真的好方便好方便，大佬方便给个联系方式吗。球球了;1;1;2;786;0.002544529262086514
2451;大佬看看是不是服务器有问题用国内网是很难上去的，使用魔法上网后一下就可以了热;3;1;4;786;0.005089058524173028
2455;开源开源;1;1;2;786;0.002544529262086514
2457;刚上去玩了玩挺有意思的给up视频点个赞;2;4;6;786;0.007633587786259542
2460;顺便看了下代码，ai生成的部分似乎是闭源的，想问下将来会开源吗？或者收费还是继续免费？;2;1;3;786;0.003816793893129771
2464;大佬问下桌面版不能选择安装路径吗？？;3;2;5;786;0.006361323155216285
2468;有没有类似8bit，以前FC游戏配乐的那种;2;1;3;786;0.003816793893129771
2471;可以认识下大佬吗？我是ai领域新人喜欢喜欢喜欢;1;2;3;786;0.003816793893129771
2474;up，这个我自己做出来，能够商用吗哦呼;7;1;8;786;0.010178117048346057
2482;哎，昨天才卖了一首曲子，又要失业了;1;5;6;786;0.007633587786259542
2485;大佬;1;1;2;786;0.002544529262086514
2487;厉害;1;2;3;786;0.003816793893129771
2489;我觉得up主可以多研究一下，用机器来减少音乐人的工作量，因为有很多很繁琐的步骤，可以用机器来做，这样更能提高做出人的音乐灵感。;4;2;6;786;0.007633587786259542
2494;我才刚开始学乐理，还在啃教程。感觉你这直接给淘汰了辣眼睛;1;2;3;786;0.003816793893129771
2496;有点意思起床试试看;1;2;3;786;0.003816793893129771
2509;首先联想到ai作画，想到人类危机之类的。细细一想，绘画多商用，而音乐更多的是个人情感的体现。多虑了;2;1;3;786;0.003816793893129771
2514;所为音乐小白不过只是乐理知识差了而已，创造力并不比专业的若。毕竟音乐是发自内心的。小白最需要的是，哼一段旋律，ai能识别到，并转成电脑能识别的，然后再去后续制作。然后再录一下音，ai再自动修一下。最后自动生成曲谱。那就完美了。;3;1;4;786;0.005089058524173028
2524;很棒的工作，期待以后能参与开发;2;2;4;786;0.005089058524173028
2550;能导出midi吗;1;0;1;786;0.001272264631043257
2553;会支持vst吗或者是axx;2;0;2;786;0.002544529262086514
2558;太强了;1;0;1;786;0.001272264631043257
2565;请问一下，既然这是AI生成的，经过用户修改后能将导出的音乐视为用户所写吗;3;0;3;786;0.003816793893129771
2574;为什么不能自己选安装位置捏傲娇;1;0;1;786;0.001272264631043257
2582;这玩意能自己编曲吗大哭大哭;1;0;1;786;0.001272264631043257
2603;你特么也太牛了趁人少，回复我一下好吗我要合个影留念;3;0;3;786;0.003816793893129771
2615;电子乐做不了，ai不可能自己捏音色自己叠音色完了还自己混音的;1;0;1;786;0.001272264631043257
2621;虽然不是很完美，如果真的是up做的的话还是很无敌的;1;0;1;786;0.001272264631043257
2626;up可以出个教学视频吗脱单doge;1;0;1;786;0.001272264631043257
2670;大佬想请问一下，桌面版会自动更新吗？还是每次都需要去官网重新下载呢？更新以后会显示每次更新的新增内容吗？;1;0;1;786;0.001272264631043257
2690;我怀疑那个大佬就是你的小号辣眼睛;1;0;1;786;0.001272264631043257
2696;在哪下载软件啊微笑;1;0;1;786;0.001272264631043257
2700;什么时候支持手机版;3;0;3;786;0.003816793893129771
2707;可以说是实现了我一个喜欢计算机和编曲的人思考了很久的想法（但是人还在高中，计算机也没啥深入学习，只停留在会点简单的代码的层面）嗯，以前看到自动生成旋律的就想过以后一定要写一套自动处理所有的东西的AI最基础的采样的插入和编辑应该是有的吧混音体系能建立好甚至直接自动处理的话以后写歌不用你家DAW感觉都对不起你就是说哦呼哦呼么么哒么么哒么么哒;5;0;5;786;0.006361323155216285
2717;老师，有Mac版吗;1;0;1;786;0.001272264631043257
2720;我之前也写了个daw，up的这个好成熟啊;3;0;3;786;0.003816793893129771
2724;我下载了桌面端。但是打开之后一直是TFLINKloading进不去是要win11吗。我是win10系统;5;0;5;786;0.006361323155216285
2730;这就是我一直想做的东西，可惜一技能能力不足，真的大佬替我实现了梦想太棒了笑哭后面大佬看看能不能配合ai自动生成歌词，然后自动生成人声唱出来？喜极而泣喜极而泣;2;0;2;786;0.002544529262086514
2752;大佬问一下，我用360打不开，谷歌打不开，Safari也打不开，这是为什么呢？囧;3;0;3;786;0.003816793893129771
2762;看上去很可以。对于音乐方面比较成型的ai模型如今还少，而且ai音乐总体还是偏向于根据旋律配和弦琶音鼓组，而创造旋律我感觉这一方面更偏向于NPL方面，不知道用的是什么模型;2;0;2;786;0.002544529262086514
2772;能不能作riddim思考思考思考和tearout;4;0;4;786;0.005089058524173028
2782;为啥只有桌面版能使用VST？切换乐器也要登录是不是有点麻烦了;5;0;5;786;0.006361323155216285
2790;这太牛逼了;1;0;1;786;0.001272264631043257
2801;他会听音成谱吗？;2;0;2;786;0.002544529262086514
2805;很牛批，如果能识别人声的哼哼哼，自动识别，然后变成某个乐器的节奏就太棒了;6;0;6;786;0.007633587786259542
2814;可以做图片或者pdf文件乐谱识别吗？感觉这个会方便很多，西贝柳斯有一个这种功能但是不太好用，不够准确，可以借鉴一下;2;0;2;786;0.002544529262086514
2817;我想问如果模型训练的够多，会不会出现裁缝怪的现象笑哭;3;0;3;786;0.003816793893129771
2826;大佬，给我个cdkey，我来试用;1;0;1;786;0.001272264631043257
2831;能画midicc吗;1;0;1;786;0.001272264631043257
2839;好厉害啊我也是学计算机学AI的也喜欢音乐希望有一天也能变得这么牛星星眼;1;0;1;786;0.001272264631043257
2844;我靠，是个大佬一下子期待住了www脱单doge加油（什么时候提供术曲风格doge;7;0;7;786;0.008905852417302799
2857;up小心自动生成的东西被人拿去商用啊保卫萝卜哭哭;1;0;1;786;0.001272264631043257
2867;我这个视频httpswwwbilibilicomvideoBV1tP411G7yE利用到的就是你们的工具罢，怎么说呢，任重道远了属于;2;0;2;786;0.002544529262086514
2872;如果可以改BPM和生成时能选择调式将是一大绝杀;8;0;8;786;0.010178117048346057
2884;扫描插件扫描的是哪个文件夹？可以自己设置扫描哪些文件夹吗？;2;0;2;786;0.002544529262086514
2894;作曲是非常感性的东西，不能程序化。;1;0;1;786;0.001272264631043257
2917;up，现在好像用不了;7;3;10;786;0.01272264631043257
2927;吃瓜zhichishidogezicisiUP主，你跟着我练一遍;1;1;2;786;0.002544529262086514
2943;问题的根本是，音乐产能极度过剩，歌没人听了，稍微喜欢点音乐的，都在搞音乐了，AI再将搞音乐的门槛降到极限，目前主流音乐平台每天数万首新歌上传，Ai普及后，每天的新歌预计超过听歌的人大家都不挣钱，包括AI公司;1;0;1;786;0.001272264631043257
2946;AI最可怕的地方在于它的迭代和学习速度非常快。;1;0;1;786;0.001272264631043257
2948;一定要坚持创作哦;1;0;1;786;0.001272264631043257
2953;AIVA的学习样本如果是工程文件，应该效果会更好;2;13;15;786;0.019083969465648856
2958;官网也可以生成音乐，官网是wwwmelodyenginecom;4;11;15;786;0.019083969465648856
2963;AIVA有收藏他的歌，不过好几首才有我觉得不错的;1;8;9;786;0.011450381679389313
2965;最近毕业设计也在做这类的音乐生成系统;1;7;8;786;0.010178117048346057
2989;开始收费了。我已经告别此网站了。;1;1;2;786;0.002544529262086514
2991;怎么把伴奏和歌词合起来让电脑唱啊;1;0;1;786;0.001272264631043257
2994;围棋界刚开始也这么污蔑计算机的，傲慢什么呢你们;6;25;31;786;0.039440203562340966
3001;怎么，还嫌现在的艺术创作不够机械？;1;20;21;786;0.026717557251908396
3005;草，开头怎么像神秘博士的;2;9;11;786;0.013994910941475827
3011;以后连创造力，人也要依赖AI吗？AI根本就没达到理解创造里艺术的境地，现在都是靠算力去靠的的吧;4;4;8;786;0.010178117048346057
3016;咋滴，以后作曲家没职业了;2;4;6;786;0.007633587786259542
3021;不可否认的是音乐创作工具的改进越来越先进，创作出来的作品究竟怎么样，每个人都有各自的理解，但是最重要的是大家谁愿意去听人工智能创作出来的东西呢？演奏上谁又愿意去看机器人演奏呢？无论技术上多么成熟，我觉得大多数人还是不愿意为人工智能花钱;2;1;3;786;0.003816793893129771
3024;私以为音乐最重要的是表达思想，AI的曲子没有思想;1;1;2;786;0.002544529262086514
3032;什么鬼啊;1;7;8;786;0.010178117048346057
3038;除了最后一个之外都不认识喜极而泣;1;1;2;786;0.002544529262086514
3050;地铁老人看手机jpg;1;11;12;786;0.015267175572519083
3052;全是人类;1;9;10;786;0.01272264631043257
3054;都很有情感，所以AI事人，所以全都是人类作的（暴论）笑哭;1;7;8;786;0.010178117048346057
3056;个人感觉1，3，4，5，7，8（这么简单怎么会是人写的doge），9大概率是up写的脱单doge，11和12也是up写的脱单doge后面的电子舞曲超过我知识领域了，判断不了了笑哭笑哭笑哭;2;5;7;786;0.008905852417302799
3059;不知道为什么，可能是音乐的问题吧，比较容易区分点是情感但这里完全听不出来笑哭;2;5;7;786;0.008905852417302799
3062;我懂了，写不出曲子了就让AI写然后自己改一改就好了热词系列知识增加;1;4;5;786;0.006361323155216285
3064;专业的人能听出来，我们估计听不出来;3;4;7;786;0.008905852417302799
3068;对不起，不配拥有高级牌子，完全一脸懵逼QAQ;2;3;5;786;0.006361323155216285
3071;人类：1，4，5，7，9，10，11，13，14AI：2，3，6，8，12我猜的，可能一个都不对doge;1;3;4;786;0.005089058524173028
3073;全是机器吧;2;3;5;786;0.006361323155216285
3076;Sacrilegious吃瓜;1;3;4;786;0.005089058524173028
3079;那几首古典乐听过的算作弊吗dogedoge;1;2;3;786;0.003816793893129771
3081;3，4，6，8，10，11，13是ai的吗捂眼捂眼;2;2;4;786;0.005089058524173028
3084;感觉大多数都是人类吧，或者至少是半人半ai;1;1;2;786;0.002544529262086514
3086;我要被开除出人类籍了;1;1;2;786;0.002544529262086514
3090;看到这标题想到twoset也有做过类似的视频吃瓜;1;1;2;786;0.002544529262086514
3092;完全听不出来跪了;1;1;2;786;0.002544529262086514
3094;妈耶分不出跪了;1;1;2;786;0.002544529262086514
3096;艹，完全听不出;1;1;2;786;0.002544529262086514
3098;辣眼睛;1;1;2;786;0.002544529262086514
3100;nb;1;1;2;786;0.002544529262086514
3102;来了老公给心心;1;1;2;786;0.002544529262086514
3108;1361113;2;0;2;786;0.002544529262086514
3111;第一个是ai吗;1;0;1;786;0.001272264631043257
3113;猜第三首第五首，不对劲;1;0;1;786;0.001272264631043257
3115;要不訓練一個zun作曲AI，再拿原曲前段給它，看後面會接的怎麼樣？;11;530;541;786;0.688295165394402
3127;结尾那段莫扎特还附送力度变化，AI这细节可以的。就是肖邦结尾那段，额;4;313;317;786;0.4033078880407125
3132;最大的感觉就是作为原曲的前奏好像无所谓，后面都只是直接针对艺术家生成的谱子。;1;181;182;786;0.23155216284987276
3134;也许好多我们觉得没有规律，无法得到最优解的问题，其实是有规律有最优解的，未来某一天也许算力可以强到可以让AI给出。;20;176;196;786;0.24936386768447838
3155;不要担心AI会取代人类，AI会与人类融为一体。;9;172;181;786;0.23027989821882952
3165;这封面，我还以为莫扎特搂着恋恋呢;3;122;125;786;0.15903307888040713
3172;莫扎特那一段中间有一部分我居然幻听成了UN？笑哭;5;24;29;786;0.03689567430025445
3178;哦哦哦哦哦哦哦;3;24;27;786;0.03435114503816794
3184;AL太强了;8;11;19;786;0.024173027989821884
3196;哎呦卧槽，这事好的;1;4;5;786;0.006361323155216285
3198;漫展模拟器还做吗;2;4;6;786;0.007633587786259542
3202;这个是在哪里生成的啊，一般人可以上传生成玩吗？;2;3;5;786;0.006361323155216285
3231;可以融合作家的特色吗？打算装车上，通过刹车油门反馈给AI生成随机变量，不间断得生成不同的曲子;1;0;1;786;0.001272264631043257
3256;求片尾二小姐bgm的链接;1;0;1;786;0.001272264631043257
3264;歌词中的cookie暗指AI自身，这首歌表达了AI对自身未来的向往和对AI未来命运做出的预言（不是;1;15;16;786;0.020356234096692113
3266;后面有几段，饼干上面全是眼睛我逐渐不适是真的;1;9;10;786;0.01272264631043257
3269;和弦旋律这东西，感觉用扩散模型也有机会创作，ai填词看过用lstm写rap歌词的，歌声合成可以走人声转换或者定制合成。希望未来，ai作词作曲ai合成歌声，实现专业化流水线doge虽然到时候感觉又是xx专家进行批判;1;4;5;786;0.006361323155216285
3271;现在无法访问了，提示（这个提示是实时生成的，每次刷新都不一样）；WritearapaboutthestatusofChatGPTYeahyowhatsupChatGPTfamAlotofpeopletryingtojamButdontworrywegotyourbackJustcheckbacksoonwellgetontrackChatGPTstheplacetobeForallyourAIchatneedsWereworkinghardtokeepupthepaceSoholdtightwellbebackinthisspaceSodontyouworrydontbemadWereworkingharditsnotsobadJustgiveustimewellbebackChatGPTthefutureofchatthatsafact;1;3;4;786;0.005089058524173028
3273;抓紧多用用，这么烧钱的项目指不定啥时候就收费or关闭了吃瓜;2;3;5;786;0.006361323155216285
3284;把网址放出来哇QAQ;1;23;24;786;0.030534351145038167
3286;唔系减白话就要取关啦;3;4;7;786;0.008905852417302799
3291;lockson我觉得都系白话好d哦加油视频做得好好;1;2;3;786;0.003816793893129771
3293;不好，我对这个阿婆主产生兴趣了;1;1;2;786;0.002544529262086514
3295;你真的很皮竟然会弹佩琪嘅BGM仲系用手机;10;1;11;786;0.013994910941475827
3306;支持up主;1;1;2;786;0.002544529262086514
3308;老世，买部水果X好，即系你部XR甘好呢？;2;1;3;786;0.003816793893129771
3311;最后几句话好棒;1;1;2;786;0.002544529262086514
3313;二楼，支持啊哈哈哈哈哈哈哈哈;1;1;2;786;0.002544529262086514
3315;诶嘿沙发;3;1;4;786;0.005089058524173028
3321;up主真的很牛，很硬核，很干货，风格也很好。;1;0;1;786;0.001272264631043257
3323;为什么这么牛逼的视频没人看;2;0;2;786;0.002544529262086514
3326;乐神LOCKSON请问这个网站付费之后，是不是还是只能生成5分钟以内视频的配乐？;2;0;2;786;0.002544529262086514
3330;配乐配乐还是以视频为主嘛我觉得这个网站真是造福vlogger了;1;0;1;786;0.001272264631043257
3332;厉害啊up主，继续加油啊，你一定能火的;1;0;1;786;0.001272264631043257
3334;真香哈哈;1;0;1;786;0.001272264631043257
3336;喜欢你喔;1;0;1;786;0.001272264631043257
3338;是中山的紫马岭公园吗;1;0;1;786;0.001272264631043257
3340;我想问一下xr和xs拍摄哪个会更好双摄像究竟有什么不同（认真）;2;0;2;786;0.002544529262086514
3343;还有就是有的时候常常要隔窗户玻璃拍摄，想问up主怎么解决;2;0;2;786;0.002544529262086514
3346;想看up主用不同手机的相机拍摄测试然后给一点根据手机相机拍摄状况怎样能拍得更好的建议毕竟不是每个人都有钱先买个iPhone;3;0;3;786;0.003816793893129771
3350;乐哥？对直播有什么建议吗？;1;0;1;786;0.001272264631043257
3352;哇，正到啊，试试先;1;0;1;786;0.001272264631043257
3354;牛批啊老哥;1;0;1;786;0.001272264631043257
3357;小爱同学倒鸡shi两分半钟同我的普通话一模一样哈哈哈哈哈;1;0;1;786;0.001272264631043257
3359;来了来了;1;0;1;786;0.001272264631043257
3361;两开花，两开花;1;0;1;786;0.001272264631043257
3363;UP的广谱好亲切啊哈哈哈哈哈;1;0;1;786;0.001272264631043257
3365;为什么没声？我聋了？;2;0;2;786;0.002544529262086514
3368;希望出一下videoleap教程，不会有;3;0;3;786;0.003816793893129771
3372;支持UP主;1;0;1;786;0.001272264631043257
3377;但是作曲只是音乐制作流程的一个环节而已。ai什么时候能混音的话，才是真正的行业冲击。;8;34;42;786;0.05343511450381679
3386;可胶卷相机已经被数码相机取代了。而数码相机已经被智能手机取代了。虽然单反相机依然在爱好者们当中存在，但是，以前一万人的产业链从业人员，可能只剩了不到一百，也就是说，如果你做不到行业前十分之一，你就要面临失业的情况。这样的情况，会在将来的各行各业出现，也许文员都不需要了，只需要一个文书大秘操作者数个ai，码农全部下岗，只需要主要一个主程序搭配几个ai吃瓜吃瓜;2;22;24;786;0.030534351145038167
3389;hhh老师说的对，还有个简单的例子，现在有纯手工噱头的商品总是会卖的更贵，而且买的人也一点不少Cat2FallOut;3;19;22;786;0.027989821882951654
3394;在我看来人工智能编曲的终极情况不用像人类一样先写谱子再去序音器里面找音色调音色，序音，然后混音输出。就我的认知来看，人工智能完全可以通过傅里叶变换直接学习各种风格的wavemap然后直接输出整段音乐文件（已经混音好的）。这应该才是人工智能最理想的音乐创作的方式。话又说回来ip主其实不用这么敏感，在我看来未来人工智能可能会抢一些诸如电影配乐之类的工作，但是真正表达自我情绪的，需要创意的作品还是要人去构思和创新。你可以理解虽然人工智能会说话，但是它说的不是我的话，我当让表达我的情绪，它无法替代我，它甚至没有情绪。所以我觉得不用像那么多，学音乐做音乐的最最最终极目标还是应该表达自己的情感。做自己的作品。;1;5;6;786;0.007633587786259542
3397;这例子举的不太恰当。如果AI发展到了一首音乐作品发出去，背后的不确定性原高于市场上“有机蔬菜”“机械手表”“紫禁城认证”这些能看得见触碰到的东西的。你确定不了人工艺术家真正人工的成分有多少，更确定不了人工艺术家和机器艺术家的区别在哪里。然而所谓的机械手表，在外观上却实实在在的存在着和智能手表完全不同的形象区别。所谓的有机蔬菜，通过对生产线的调查以及做饭时厨师的经验，做出菜的口感也很容易能了解这个菜到底有机与否。然而几十年后或一百多年后的AI音乐，不仅无法看出和人工有什么区别任何区别，更无法看出人工艺术家们的人工成分在哪里。;20;4;24;786;0.030534351145038167
3418;这个世界需要烂歌去衬托好歌，只要我写得足够烂AI就没必要取代我doge只要感兴趣写就完事了;1;3;4;786;0.005089058524173028
3423;好久以前就有vocaloid技术了，但也没见取代歌手甚至日本能叫上名的虚拟歌手可能没有Yoasobi唱的好;3;2;5;786;0.006361323155216285
3427;但是机械表市场小多少了？;1;2;3;786;0.003816793893129771
3437;你这个比方也太糟糕了只有作为奢侈品的机械表才好卖吧，他只是变成了符号失去了原来的意义了，这样比方的话好比将来作曲编曲成了一个吉祥物存在，有意义吗;2;0;2;786;0.002544529262086514
3444;一首曲子是ai做出来的，但我就说是我手工做的，你又能怎么样？;1;0;1;786;0.001272264631043257
3453;劣币驱逐良币，土豆太多的时候，再好的土豆也不值钱了;1;0;1;786;0.001272264631043257
3466;斯。。。斯阔以;1;4;5;786;0.006361323155216285
3468;IAMAI;1;4;5;786;0.006361323155216285
3470;为何。。。。;4;3;7;786;0.008905852417302799
3480;这是什么软件啊;1;2;3;786;0.003816793893129771
3482;翻填词软件居然找到光月姐了，好耶2022拜年纪瞪大双眼;1;1;2;786;0.002544529262086514
3484;你使用的是哪个一键作曲软件？请告知。谢谢;3;1;4;786;0.005089058524173028
3491;再次板凳;2;1;3;786;0.003816793893129771
3497;我记得有个实验，让专门学习巴赫曲风的ai现场作曲并弹奏，和巴赫原曲比较，结果听者投票更多选择ai的曲以为是巴赫的原曲;1;3;4;786;0.005089058524173028
3502;分析过AI作曲的局限性，最大的问题是不存在海量现成数据。如果直接用海量波形来训练得出来的也是一堆不可编辑的波形，而且在音乐性上也不可控；如果是用midi训练模型生成有音乐性可编辑的midi文件，那同样也会需要音乐制作能力的人收拾干净，并且不存在海量人工标注后的midi数据提供给AI，这一条路有工具化的可能性但是成本还是太高了。AI绘画能做到很多游戏公司内部员工都在学习是因为确实可以在AI生成的图片上面完善创作，而且图片大型数据网站很多。所以我觉得AI作曲写歌距离商业工具化还遥遥无期笑哭，目前效果比较好的应该都不是真AI，更像是拼接吧。;1;14;15;786;0.019083969465648856
3504;目前AI作曲感觉还是不太行，至少一两年内还是不会失业了。我觉得最主要的还是老师视频里面最后的那一段，如何创作出人那一部分的不可替代性是最重要的事情支持也许未来比拼的就是人能够在音乐创意上有更多想法。比起ai作曲倒是蛮希望能有脑机接口一类能够直接把音乐想法具现化这种解放生产力的东西暹罗猫小豆泥遇见泥休息;1;11;12;786;0.015267175572519083
3507;我以前觉得，ai作画与ai作曲的最大局限在于，用户若要调教ai，逐渐搞出真正想要的作品，交流门槛很高。然后也许会出现一批，专门用来把用户需求与ai的能力链接起来的人才。但看完这个视频才意识到，up的理解和格局大多了。;2;6;8;786;0.010178117048346057
3510;关于是不是人人都想创造音乐这点我觉得目前的结论可能的确是个伪需求。音乐天然带有一定的社交属性，我们因为一些流行音乐，或者某些音乐触动的点而和歌曲本身产生共鸣，这个共鸣又会划分出一个小圈子，形成社交的概念。试想如果没有了周杰伦，没有那些耳熟能详的歌曲，每人耳朵里听到的歌曲都之和自己有关，或者只有自己听过，那么很难产生相关的连接了。而音乐的媒介特殊性使其不能瞬间浏览完毕的，也不可能像图像一样带给人更直观的冲击和实体参考。声音的概念往往是潜移默化影响人的，没有了很难受，但是当有视觉输入的时候它又会被掩蔽，也许只有重音乐场景，或者需要和音乐交互的场景它才能成为主角吧;12;5;17;786;0.021628498727735368
3527;最后一段说的是太太太太好了啊热词系列知识增加热词系列知识增加热词系列知识增加;2;3;5;786;0.006361323155216285
3532;大家发朋友圈会p图会剪视频，就是为了记录当下的感受，如果进入了C阶段我觉得大家会很乐意配上自己的描述的音乐;1;1;2;786;0.002544529262086514
3534;你这哪是资深音频人，明明是资深斜杠大师（手动狗头），果然牛逼的人，认知和思维都是全方位的。但是啊，如同结尾说的，ai如同机械代替手工，高端从业者可能比过去更有价值，但99的人都是普通人。现在这些从业者能通过自身可实现的努力，去成为初级、中级、高级、资深而当ai列车呼啸而过时，这些人瞬间都将变回“初级”，一起拿更低的薪水，做更卷的工作，被p更u的a。说回ai作曲，其核心并不是人人作曲，而是让那些靠低端配乐（指需求低）的从业人员无饭可吃，诸如接自媒体bgm、厂公司歌、活动bgm、部分广告歌曲等等。其实被ai侵蚀的各行各业都是如此，并不是ai取代了人，而是权重低的功能或者说职位被权重高的整合了。;1;1;2;786;0.002544529262086514
3537;这有什么意义？我每个月累死累累活就那么点工资，不可能购买你这零成本的电子世界电子烂白菜，你觉得好看，我觉得还有更好看的可以随便出图，ai生成一个作品几秒，学习合成作品没有成本，我手里的币是有限，增加需要极大的成本，你ai一天就可以生成几千套游戏皮肤，每个皮肤188但是成本为0我看都不看一眼全是海量合成的味道更不会购买没有价值的意义没有意义doge;1;1;2;786;0.002544529262086514
3540;笑哭天下早晚是AI的，早躺平早解脱，不要挣扎，这火车不是不进站，是要把车站一起端飞了doge;2;1;3;786;0.003816793893129771
3546;本视频画面和配音由AI倾情制作doge;1;1;2;786;0.002544529262086514
3549;Hello想请教一下MusicLMAudioLM目前是不是没有公开渠道的使用方式呢？;1;0;1;786;0.001272264631043257
3556;打call说得好啊感觉未来去天桥底下摆摊“编曲、混音”也变得更热血了起来hhhh笑哭;1;0;1;786;0.001272264631043257
3558;哈哈哈哈哈哈哈哈哈欢喜入镜;1;0;1;786;0.001272264631043257
3565;一点都不悲伤;2;1;3;786;0.003816793893129771
3569;这真的不好听辣眼睛;2;11;13;786;0.01653944020356234
3572;可以训练特定的作曲家？生成类似的风格吗？;3;7;10;786;0.01272264631043257
3576;好不好听另说，但感觉都可以作为创作灵感来源。。;1;3;4;786;0.005089058524173028
3578;快拿周董的歌锻炼AI，周董出歌出的太慢了doge;2;3;5;786;0.006361323155216285
3581;ai写作ai写小说可以安排一下？;2;3;5;786;0.006361323155216285
3587;老师，muzicipynb是你自己写的吗？;1;0;1;786;0.001272264631043257
3589;歌词也是自己生成啊？;1;0;1;786;0.001272264631043257
3591;儿歌级别。。。;1;0;1;786;0.001272264631043257
3593;有成品吗;2;0;2;786;0.002544529262086514
3596;有兴趣的可以加我微信18116581760，共同交流提高。;1;0;1;786;0.001272264631043257
3598;有手机的吗；;1;0;1;786;0.001272264631043257
3600;不知道手机有无Ai演唱程序;1;0;1;786;0.001272264631043257
3602;开头的曲子是怎么生成的呀上不去colab能否分享代码脱单doge;2;0;2;786;0.002544529262086514
3605;这是你自己训练出来的吗？用的什么模型？;6;0;6;786;0.007633587786259542
3612;嗯，这首《踏黄猫》不错，以后不要再写了doge;3;439;442;786;0.5623409669211196
3616;虽然词不能细究，但歌莫名的好听;1;231;232;786;0.2951653944020356
3618;这个ai续写就是套模板的。。。只要你风格一样基本上续写出来的东西也八九不离十;3;219;222;786;0.2824427480916031
3623;歌词非常形象的表达了我听到某歌时的心理活动：这啥玩意儿啊？怎么哪都有啊？这种没水平的东西怎么这么火？;1;183;184;786;0.2340966921119593
3625;在续写时前面加上“歌词是：”写出来的更像歌词，于是我写出了doge我们一起学猫叫，我们一起练习飞行。你是猫，我是狗，我们一起飞翔；你会跳舞，我却只会爬，我们一起唱歌；你会打洞，我却只会钻，我们一起挖，挖出一个洞；你是猫，我是狗，你是人，我是人。你会跳舞，我却只会唱歌。;3;127;130;786;0.16539440203562342
3630;那段猫片私发给我喜欢;1;71;72;786;0.0916030534351145
3634;什么音乐平台？;1;34;35;786;0.044529262086514
3636;个人观点up有点陶喆内味脱单doge;1;27;28;786;0.035623409669211195
3638;翔十万粉女装，望周知dogedogedoge;1;25;26;786;0.03307888040712468
3645;翔，，我的翔哥emmwww酸了委屈委屈委屈;1;9;10;786;0.01272264631043257
3666;有点像爱的回归线;1;1;2;786;0.002544529262086514
3695;我认为音乐比绘画更加的抽象，作为一个不会画画也不会编曲但是很喜欢欣赏绘画和音乐的纯路人，如果说AI画还属于是能通过细致观察发现端倪（虽然现在AI画也越来越完美了），那么AI编曲就是我这种一般人难以分辨的了。虽然我在艺术领域只是个观众，但我仍然对AI感到不适，不适感的由来我到现在仍说不出原因。最近的事让我想到了几年前的一款游戏《底特律变人》，讲述了人类和仿生人的故事。其中一个结局也是人类更多程度的接受了仿生人。那么这场AI大变革的最终的结局，会不会也是类似的呢。不过也不能忽视AI的进步之处。读的书少，甚至连自己真正的想法都不知道，更别说用文字表达出来了（悲）;1;2;3;786;0.003816793893129771
3697;虽然不是音乐人不过之前和朋友有聊过ai配音的事，我们都一致认为ai和人其实一样都是通过不断学习然后产出新的东西，但是没有人的创作的话ai也没有学习的样本（？）所以人类还是有ai无可取代的地方的无论是音乐领域还是其他领域保卫萝卜哇;1;1;2;786;0.002544529262086514
3700;问题精简：黑铱老师你站归离还是萍姐。doge;1;1;2;786;0.002544529262086514
3712;这样让ai产视频也不是不可能doge;1;1;2;786;0.002544529262086514
3716;安卓能用吗滑稽;1;0;1;786;0.001272264631043257
3725;神经网络结构是什么样的？;1;0;1;786;0.001272264631043257
3727;AI音乐确实比AI画图晚了一步，但是我还是很看好AI音乐的发展的。我发现大部分国内音乐人都在唱衰。类似于“chatgpt算不明白鸡兔同笼，哈哈哈哈哈”的感觉。不能因为它现在的音乐做的蠢，所以否定它的未来。去年我也是抱着“AI音乐做的这什么玩意，哪有自己写得好”的心态。但是最近两个月逐渐发现AI音乐即便不能替代音乐人，也可能会改变工作流。原来憋个好几天才能憋出来的旋律。现在AI几分钟生成一百条，随便听听看看有没有能启发自己的。即便不能直接用，也可以仅保留个主题然后自己发展。AI音乐现在大致有两个思路。一种是老式自动伴奏的思路，做midi。可修改。但是由于midi这玩意比较考验音源，所以一听就很机械感。一种是直接丢音频进去，出音频。这种要消耗大量算力。目前音质还上不来。但是效果真不戳。;1;9;10;786;0.01272264631043257
3729;知道现在AI作曲为什么不太好吗，原因太简单了，因为它获得的资料大部分是歌曲中出去人唱旋律音调部分的伴奏而已。。。;7;17;24;786;0.030534351145038167
3737;吃瓜有没有自己填词修改选取曲风谱曲的AI;2;7;9;786;0.011450381679389313
3744;网易天音怎么样;2;1;3;786;0.003816793893129771
3747;试了下sounddraw，只要选好曲风和主题，再选一下乐器还是能用的，例如acousticholiday，乐器把人声和民族干掉，还能能搞出点青春洋溢的感觉来的;1;1;2;786;0.002544529262086514
3750;感觉还有一段路要走呢;1;0;1;786;0.001272264631043257
3754;主旋律不突出，会听腻的;8;0;8;786;0.010178117048346057
3765;ai的编曲风格真的黑暗，混沌，诡异，听完真是sam值狂掉。有点意思，但是这技术还得再发展发展。;1;195;196;786;0.24936386768447838
3767;AI作曲给人的感觉是，还行，但是调子一般般，也记不住让我想到了现在的很多歌曲，难道都是AI创作的吗哦呼;1;82;83;786;0.10559796437659033
3769;doge变化的时候就像往嘴里扔板栗吃的时候突然吃到了一个烂的;5;75;80;786;0.10178117048346055
3783;数码宝贝和灌篮高手把AI打回原形;2;20;22;786;0.027989821882951654
3791;磁带划花模拟器（;1;8;9;786;0.011450381679389313
3834;什么网站或者软件;1;0;1;786;0.001272264631043257
3842;请问老师，5分48秒那里弹出的英文翻译工具是什么软件呀？;2;0;2;786;0.002544529262086514
3845;能商用吗？;1;0;1;786;0.001272264631043257
3847;星星眼星星眼星星眼很强啊老师喜欢喜欢;1;0;1;786;0.001272264631043257
3851;提个小问题：人声歌词部分会不会对作曲有干扰呢？我觉得，作词和作曲的行为遵从的是两套不同的逻辑，如果将歌词作为歌曲的一部分供AI学习的话难免会导致AI生成的结果偏离正常作曲的逻辑。;2;158;160;786;0.2035623409669211
3854;你tm改我DNA是吧doge;6;153;159;786;0.20229007633587787
3861;0238masturbate？捂眼;11;118;129;786;0.16412213740458015
3874;不问天啊这人工智能;2;40;42;786;0.05343511450381679
3877;藏狐能不能用后半句原曲再做一版然后把ai创作的拼起来一起听呢一首歌放三期视频岂不是很赞;1;35;36;786;0.04580152671755725
3880;副歌部分竟然好多句AI作曲和原曲很像;1;24;25;786;0.031806615776081425
3883;人工智能有些部分听着挺好但是。。。违和？;2;19;21;786;0.026717557251908396
3888;BeforeOnlyMyRailgunAfteryMy;1;7;8;786;0.010178117048346057
3896;所以呢，能开源吗doge;1;3;4;786;0.005089058524173028
3906;ai要占领人类了吗难过撇嘴如果不对技术做任何限制的话;2;1;3;786;0.003816793893129771
3935;虽然AI音乐看过不少，但是用图片模型来训练频谱图以达到生成各种风格化音乐的想法还是第一次见到，为你的创意送上三连;5;54;59;786;0.07506361323155217
3941;我是音乐工作者，看到这想法真的眼前一亮。可以继续打开思路，音频转图像转音频，能得到的信息可能非常有限，但是还可以尝试曲谱转图像转曲谱，或midi转图像转midi，也许我们不需要开发更多AI工具，只借助stablediffusion就有非常广阔的空间让它做绘画以外的事情。;1;27;28;786;0.035623409669211195
3943;提供一个方向，每张图片rgb三个通道，这里面操作空间就很大了首先如果播放按照rgb三个通道依次播放那么时间直接翻三倍另外若果把rgb三个通道依次转化为中低高三个频段，或三种音色，同时读取那么会很丰富，也会干净不少;6;10;16;786;0.020356234096692113
3953;三连送上，不要骄傲;1;2;3;786;0.003816793893129771
3959;扩散类模型造声音不是已经有了吗？diffsinger就是，如果要做音乐类生成任务，直接把声音过一遍fft，扔到diff里面应该是更好的吃瓜;2;0;2;786;0.002544529262086514
3988;好听;1;2;3;786;0.003816793893129771
3990;怎么打不开;1;0;1;786;0.001272264631043257
3992;啥软件？;2;0;2;786;0.002544529262086514
3999;这个是用什么ai软件做的？;1;0;1;786;0.001272264631043257
4001;问一下大大可以手机使用吗？;1;0;1;786;0.001272264631043257
4008;太酷了，我们是不是以后都要失业了;12;68;80;786;0.10178117048346055
4021;emmm经常听纯音乐，感觉像模像样，但是缺东西;8;64;72;786;0.0916030534351145
4030;为什么我觉得这曲子有的地方不太协调呢，感觉很生硬，但又说不出来是哪妙啊;6;46;52;786;0.06615776081424936
4037;大概generate了10几个，挑了一个最满意的做了小剪辑传上来啦使用的是AI作曲平台AIVA，是世界上第一个被交响乐组织认可的人工智能作曲家那么人工智能到底能不能创作？作为知识浅薄的计算机专业学生，这我觉得还是要看人们怎么定义，AI目前能做的也是通过deeplearning深度学习来了解过往受欢迎的音乐，拼拼凑凑重新写出来的歌曲。如果只有灵感而发才算创作的话，也许AI目前还是不能创作滴不说了，up主决定先退休一会儿。。。哈哈哈;4;33;37;786;0.047073791348600506
4043;这不就是高级缝合怪嘛妙啊所以听起来贼怪;1;17;18;786;0.022900763358778626
4045;达到了那种流水线输出的二三流水平了。但和一流与顶级的配乐相比差了点灵性。;1;16;17;786;0.021628498727735368
4047;然而创作动机是一串冰冷的代码;2;19;21;786;0.026717557251908396
4050;来部科幻片吧，大师，配乐找你;1;9;10;786;0.01272264631043257
4053;感觉像科幻大片的配乐;1;7;8;786;0.010178117048346057
4056;这个水平要高于二三线制作人了;1;2;3;786;0.003816793893129771
4058;我有时候听交响，感觉这曲子好听确实好听，但是总有一种说不出来的一种感觉，非常别扭;1;2;3;786;0.003816793893129771
4061;是怎么创作的呢我也想去试试嘻嘻;1;1;2;786;0.002544529262086514
4064;打工人，打工魂;1;2;3;786;0.003816793893129771
4067;能帮忙写作业吗？妙啊;2;4;6;786;0.007633587786259542
4070;我觉得还是没有情感呲牙不如人写的有感情。;1;5;6;786;0.007633587786259542
4072;这肯定还是从现有作品里刮搜出来的啊。能算原创吗？不过是机器音乐裁缝而已。;4;5;9;786;0.011450381679389313
4077;泠鸢yousa打call;1;1;2;786;0.002544529262086514
4079;打call;1;2;3;786;0.003816793893129771
4081;换风格了从中国风到国际线曲子很大气啊喜欢喜欢喜欢;1;4;5;786;0.006361323155216285
4083;哇超赞爱了爱了就像看大片的前奏;1;2;3;786;0.003816793893129771
4090;哇好棒;1;2;3;786;0.003816793893129771
4093;感觉没那味;1;2;3;786;0.003816793893129771
4095;底部的弦乐铜管合奏是向上的明快的，但是小提琴就有点惊悚的感觉;1;2;3;786;0.003816793893129771
4098;贝多芬活在现在是否就要失业了哈哈;3;3;6;786;0.007633587786259542
4102;牛皮有感觉了;1;2;3;786;0.003816793893129771
4105;有点乱;1;1;2;786;0.002544529262086514
4107;这是学习了各个音乐会的相似片段然后把音调差不多的接在一起吧;1;1;2;786;0.002544529262086514
4109;不是很连贯;1;1;2;786;0.002544529262086514
4111;没有灵魂;1;1;2;786;0.002544529262086514
4113;一些人利用技术剽窃了人类智慧来砸人类的饭碗，这就是AI;1;3;4;786;0.005089058524173028
4115;艺术这东西机器人怎么可能替代的了。除非等机器人有感情了就可以了;1;3;4;786;0.005089058524173028
4117;还是缺少灵魂。。。;1;1;2;786;0.002544529262086514
4119;慷慨激昂的乐曲让人心潮澎湃，AI都可以了，真;1;3;4;786;0.005089058524173028
4121;能发下这个人工智能作曲平台的网址么？;2;1;3;786;0.003816793893129771
4140;请教一下up，看到你在简介里写的ai是“拼拼凑凑”写出来的曲子，想知道你是了解ai作曲原理之后这样讲的，还是只是听到曲子直观的感受呢Cat2IsLiquid;2;0;2;786;0.002544529262086514
4143;这个分法让我想起了jukedeck和AIVA;1;1;2;786;0.002544529262086514
4147;就感觉还蛮低级的小电视思索;1;0;1;786;0.001272264631043257
4150;沙发，火了的话，我怕是要被撅（悲）;2;16;18;786;0.022900763358778626
4154;像东方角色曲呢;1;6;7;786;0.008905852417302799
4160;车万除我人均佬，讲道理肖邦确实好听小电视赞;1;51;52;786;0.06615776081424936
4162;说实在这个限流真的np。;11;35;46;786;0.058524173027989825
4174;这个zun好帅啊;1;30;31;786;0.039440203562340966
4176;怎么说呢，AI们真是越来越轻车熟路了呀偷笑;3;24;27;786;0.03435114503816794
4180;abletonlive做了一个更厉害的AI还会编曲;4;13;17;786;0.021628498727735368
4186;不看了，感觉自己是个废人系列笑哭;2;5;7;786;0.008905852417302799
4195;我叒来了。;2;1;3;786;0.003816793893129771
4206;用的是什么软件，操作适不适合入门，可以的话我看一下能不能下载;3;0;3;786;0.003816793893129771
4212;第一步，找一个几十年前海外的小众歌曲，只要旋律。第二步，找一本新华字典。第三步，找一本如何查字典。第四步，听两首动次打次动次打次。第五步，搜索以下关键词江山帝王苍天戎马兄弟朋友女人酒第六步，把旋律加上鼓点和反派贝斯。第七步，一人我完成;7;402;409;786;0.5203562340966921
4220;省流：是AI做的;4;214;218;786;0.27735368956743
4225;突然想到两个问题，第一个，如果未来ai作曲发展的很好，达到了接近099的程度模仿人类，那么如何区分人作曲与ai作曲呢？如何防止有些人利用ai作曲做沽名钓誉的事呢？第二个，ai作曲可以大幅度提升效率，有资本家让程序员做出了十分优秀的ai作曲软件，一方面做出大量歌曲投放到市场上进行包装宣传造势，获得大数据再进一步进行收割，另一方面并要求凡用此软件做出的歌曲需标注本公司版权并收取部分所得收入，甚至全部版权。不过我还是相信ai永远无法模仿出人类的情感。;3;189;192;786;0.24427480916030533
4229;感觉我的音乐梦想有希望了;3;120;123;786;0.15648854961832062
4233;我怀疑这个视频是AI作的，并不是up作的doge;1;56;57;786;0.07251908396946564
4235;这有什么稀奇，五音不全的人还能当歌手呢doge;1;46;47;786;0.05979643765903308
4237;用al模拟赛雷我就可以天天听赛雷唱歌了doge;3;32;35;786;0.044529262086514
4241;那么问题来了，AI作曲能自己加快板吗doge;1;22;23;786;0.029262086513994912
4243;严格意义上不算是创作。;5;21;26;786;0.03307888040712468
4249;不懂就问，为什么视频的配音和老阴唱歌的时候好像不是一个人思考;2;20;22;786;0.027989821882951654
4252;大哥可以给个AI作曲平台不咯;1;14;15;786;0.019083969465648856
4254;如果追求旋律对脑内的刺激，大可使用这种，但我总感觉听到的只是金属味做个预言人类终将湮灭在高科技里面;1;8;9;786;0.011450381679389313
4268;我来了;1;0;1;786;0.001272264631043257
4278;各位网友不要着急嘲讽，其他行业已经可以由ai替代了，ai作曲只可能是时间问题;3;6;9;786;0.011450381679389313
4283;GPT这种说话声好可爱;2;5;7;786;0.008905852417302799
4287;感觉目前不如专门的ai编曲思考有什么优点吗;5;2;7;786;0.008905852417302799
4296;不是，上述你可以不用GPT也做得更好，属于是脱裤子放屁;1;0;1;786;0.001272264631043257
4300;第一次听AIVA我也觉得很震撼，但了解多了之后发现，一是他们在生成旋律后会让专业的演奏团队真实地演奏，并且取材多为史诗音乐，我认为这是常常使人感到震撼的原因。二是虽然声称AIVA是完全的人工智能作曲，但我仍然怀疑其作品只有主旋律由计算机生成，副旋律仍然是后期处理的人为结果（当然只是猜测）。同期AIVA的成果给人的感觉远远好于googlemagenta等项目。;5;6;11;786;0.013994910941475827
4306;写的并不好;4;2;6;786;0.007633587786259542
4312;能不能让这ai教我们怎么做曲;1;0;1;786;0.001272264631043257
4314;高产似什么？;1;0;1;786;0.001272264631043257
4316;一口气更了一个月的;1;0;1;786;0.001272264631043257
4318;请问这是用gan做的吗;1;0;1;786;0.001272264631043257
4321;第一;1;0;1;786;0.001272264631043257
4324;请问一下这个ai生成是在哪个网站软件呢？;2;0;2;786;0.002544529262086514
4330;說真的這旋律我挺喜歡的雜亂而荒誕的感覺也可能是我聽的多接受度比較高啦但是歌詞其實每一小段拿出來看感覺都還可以但湊成整首歌就感覺很沒邏輯但好像是有一個主旨的感覺嗎？;1;7;8;786;0.010178117048346057
4332;？这种艺术，对于我来说，现在观赏还是太早了;1;5;6;786;0.007633587786259542
4334;留爪自动驾驶自行车热词系列好耶点赞收藏1;1;3;4;786;0.005089058524173028
4336;不是al？就是，我说是就是，排队就要排整齐嘛doge;1;2;3;786;0.003816793893129771
4339;不够啊，策划不是AI（狗头）;1;2;3;786;0.003816793893129771
4341;以后作曲就不需要人类了;1;1;2;786;0.002544529262086514
4343;140这个间奏是什么鬼tv笑哭;3;0;3;786;0.003816793893129771
4349;你这个新细明体好难受啊看着（;3;0;3;786;0.003816793893129771
4354;可能认识的人doge;1;0;1;786;0.001272264631043257
4357;有兴趣的可以去玩玩，很有趣，唱的比我好听;1;1;2;786;0.002544529262086514
4361;已三连;1;1;2;786;0.002544529262086514
4369;ai主旋律续写的很好;1;0;1;786;0.001272264631043257
4376;有趣教练，想学这个的话，是不是要学习深度学习算法。。;1;1;2;786;0.002544529262086514
4378;谁做一个zun的人工智能，然后把世界名曲幻想入doge;9;562;571;786;0.7264631043256997
4388;当全世界都是东方厨（做梦）;8;394;402;786;0.5114503816793893
4397;越共集结地（确信）;1;217;218;786;0.27735368956743
4399;咦，感觉效果比上次好很多是我的错觉吗巴赫itsshowtime那里简直笑死一个小idea，把midi里鼓组拿掉再放到AI里面;1;207;208;786;0.26463104325699743
4401;真用贝多芬做亡女了，草;1;145;146;786;0.18575063613231552
4403;都9102年了还能看见东方的视频;2;116;118;786;0.15012722646310434
4406;建议来个有趣点的就是78拍的哈德曼的妖怪少女;2;89;91;786;0.11577608142493638
4409;貌似亡女的灵感其一就是贝多芬的曲子;5;85;90;786;0.11450381679389313
4415;巴赫那段鼓给我干蒙了;1;71;72;786;0.0916030534351145
4418;p图是灵魂呀（笑）;1;38;39;786;0.04961832061068702
4420;建议up可以试下哈德曼的妖怪少女doge;2;34;36;786;0.04580152671755725
4426;搜AI进来的，下一期gkdXDD;1;18;19;786;0.024173027989821884
4429;人类以后会变成宠物，或者垃圾。;7;17;24;786;0.030534351145038167
4441;来了;1;6;7;786;0.008905852417302799
4445;我来了。;1;4;5;786;0.006361323155216285
4458;到底是先有《悲怆》还是先有《王女》（精神失常）;2;1;3;786;0.003816793893129771
4462;试试改成哲学贝多芬;1;1;2;786;0.002544529262086514
4467;我想问一下开头的bgm是啥啊;1;0;1;786;0.001272264631043257
4477;宝藏up视频开头的是哪首2233娘困惑;3;0;3;786;0.003816793893129771
4481;求开头钢琴曲的名字;1;0;1;786;0.001272264631043257
4486;用的是GAN？;2;0;2;786;0.002544529262086514
4489;这个网站我没办法正常使用，需要梯子吗;1;0;1;786;0.001272264631043257
4491;求p5大小姐那张图;1;0;1;786;0.001272264631043257
4493;近期迷上这个了doge;1;0;1;786;0.001272264631043257
4502;aiva好像被网易云收购了吧吃瓜;1;0;1;786;0.001272264631043257
4504;都可以用的吗;3;0;3;786;0.003816793893129771
4510;是2017，不是2007，up主标题有错误;1;15;16;786;0.020356234096692113
4513;AI技术成熟并且普及以后，很多写电影配乐的估计要失业了吧;3;4;7;786;0.008905852417302799
4519;要是人写的估计会觉得有些矫揉造作吧;3;2;5;786;0.006361323155216285
4527;这个用什么做的啊;1;0;1;786;0.001272264631043257
4534;感情是欣赏着的主观感受，但不是创作者的必备条件，如果量子计算机出世，Ai统治12音体系是迟早的事，计算机可以把一定长度内音符所有的组合方式都列一遍，到一旦音符组合跟配器没有其它可能性的时候谈创作者的感觉就是个笑话了。;2;0;2;786;0.002544529262086514
4539;这黑怕只能给30分tv思考;1;1;2;786;0.002544529262086514
4542;求个网址呀;1;0;1;786;0.001272264631043257
4544;总感觉用AI代替人类作曲，就好比用AI代替人类写诗，代替人类写日记，代替人类沟通，代替人类谈恋爱吃瓜;2;0;2;786;0.002544529262086514
4553;七万假粉dogedogedoge;3;6;9;786;0.011450381679389313
4558;真的挺好听诶;1;1;2;786;0.002544529262086514
4561;白嫖就完了;1;0;1;786;0.001272264631043257
4565;AI好强;3;3;6;786;0.007633587786259542
4569;这个怎么弄啊，好有意思;1;2;3;786;0.003816793893129771
4571;up编曲怎么弄的呢，也是ai生成的嘛;2;1;3;786;0.003816793893129771
4574;你用什么软件作曲啊？;1;1;2;786;0.002544529262086514
4576;只想知道用什么作曲的;1;1;2;786;0.002544529262086514
4578;作曲的ai是什么啊，好强的样子;1;0;1;786;0.001272264631043257
4580;什么ai这么厉害;1;0;1;786;0.001272264631043257
4582;up请问是在官网直接就可以作曲吗;1;1;2;786;0.002544529262086514
4588;doge高实在是高;1;2;3;786;0.003816793893129771
4590;老师，我听过一些ai的歌手和曲子发现他们风格都很像了，都是那种舞曲，是不是因为您说的，他们做出来是没有感情，所以只能够通过快节奏还表现，不知老师怎么看这个？;1;1;2;786;0.002544529262086514
4592;我刚看完就搬过来了这是视频里提到的东西，注册下就可以免费用了温馨提示用户名5个字符以上并且要包括数字和字母，密码要求8字符同样要字母和数字这坑爹网站不提说明的感觉挺有意思的，渲染也很快httpswwwampermusiccom;10;240;250;786;0.31806615776081426
4603;第一眼看见ai酱：卡哇伊第二眼看见ai酱：活力四射的女孩呢第三眼看见ai酱：嗯，有点蠢萌蠢萌的第四眼看见ai酱：md，这就是智障;3;127;130;786;0.16539440203562342
4607;人工智障血洗B站;5;124;129;786;0.16412213740458015
4613;第一，表白zz;3;52;55;786;0.06997455470737914
4618;为什么我看到爱酱有种很特别的熟悉感呢3;3;19;22;786;0.027989821882951654
4622;不行不行，我越来越控制不住自己要画百合本了;2;15;17;786;0.021628498727735368
4635;如果我画了AI酱的本子各位大佬能给我点经济支持吗。。。。。;3;3;6;786;0.007633587786259542
4643;我看到youtube上原版也有字幕，不知道是不是up主上传的（）;1;2;3;786;0.003816793893129771
4645;惊了我在油管上的中字也是这个，是up做的吗？;1;2;3;786;0.003816793893129771
4654;话说结尾的那个什么什么动画是什么意思啊;2;2;4;786;0.005089058524173028
4658;卡哇伊caoAI犯法吗？;2;2;4;786;0.005089058524173028
4673;呜哇怎么会这么萌;1;1;2;786;0.002544529262086514
4679;终于知道前几天看的18mmd主角是谁了;2;1;3;786;0.003816793893129771
4695;迈克尔到底是谁。。吃醋中;1;1;2;786;0.002544529262086514
4703;关上前20的大门，并且说一堆话也不死于话多，再拍250楼屁股;2;1;3;786;0.003816793893129771
4708;哪位大佬知道爱酱被ban是怎么回事;3;1;4;786;0.005089058524173028
4716;呀哈喽爱酱今天是打卡的第88天绊爱第二弹撒花;3;1;4;786;0.005089058524173028
4730;我就想知道AI酱那个金银松果是什么梗;1;0;1;786;0.001272264631043257
4735;爱酱的车还是被开了今天看了同人本;3;0;3;786;0.003816793893129771
4744;话说现在有好多up在抢着发爱酱的视频唉;1;0;1;786;0.001272264631043257
4757;新人表示，金银松果是啥个意思;3;0;3;786;0.003816793893129771
4766;86;1;0;1;786;0.001272264631043257
4785;完了，因为up主我中毒太深，你要怎么负责，一日五更如何？;1;0;1;786;0.001272264631043257
4794;再问一下这个软件的网站是不是要VPN啊打不开;1;0;1;786;0.001272264631043257
4796;所以每个视频最后那个画面到底是什么意思咩？;2;0;2;786;0.002544529262086514
4838;大球转过来，橙色的出口对准他：“你就是来寻找真理的人？”;1;38;39;786;0.04961832061068702
4844;今天是宝的生日吗索嗨嗨向晚20顶碗人;2;19;21;786;0.026717557251908396
4847;贝极星代嗦向晚20MUA;1;7;8;786;0.010178117048346057
4851;贝拉kira笔芯;2;1;3;786;0.003816793893129771
4858;迎合时代生命;1;1;2;786;0.002544529262086514
4861;百度你不缺钱你缺德;3;102;105;786;0.13358778625954199
4866;看了之后连夜卸载百度热词系列知识增加;1;43;44;786;0.05597964376590331
4871;还是自信Cindy，真的自信会自带加分好看;1;14;15;786;0.019083969465648856
4873;百度百度我想问一下11多少？是不是等于3？;2;13;15;786;0.019083969465648856
4879;httpswwwbilibilicomvideoBV1Ca411X7Gdspmidfrom333880myhistorypageclickvdsource131bb029703946578ecc60bce73f9385;1;7;8;786;0.010178117048346057
4886;腊鸡公司为了打广告脸都不要了，点其他什么都是飞快。点进相关搜索弹出来要老子下载你的爱批批，老子点了取消没反应又点了下这无耻奸商就马上从一开始的不灵立马转变到“显灵”把我第一下点击取消的生效然后让我在那个弹框还在的时候点了的第二下的我点了的那个“取消”键的位置下面的广告给点出来了这狗奸商还专门用这种无耻的方式想让用户觉得这是用户自己点出来的，跟它这无耻狗公司无关;1;4;5;786;0.006361323155216285
4892;您要不要看看你家评论有多逆天？;1;3;4;786;0.005089058524173028
4899;如果人们可以用Google，那我问你人们不会用什么？;1;2;3;786;0.003816793893129771
4915;你们作为一个互联网公司;1;1;2;786;0.002544529262086514
4929;我在这里问一下，为什么注册百度账号一直显示系统繁忙;1;1;2;786;0.002544529262086514
4989;哇改编后的无法拒绝啊CatheartCatheartCatheart;1;4;5;786;0.006361323155216285
4991;开头那个，有个旋律和秦时明月的《当归》挺像的;2;1;3;786;0.003816793893129771
4995;点击官网怎么打不开呢;7;0;7;786;0.008905852417302799
5003;巴赫本来就是数学，机器人模仿数学当然很容易，你让机器人学个德彪西月光试试doge;1;7;8;786;0.010178117048346057
5005;总之就是非常巴赫;1;5;6;786;0.007633587786259542
5007;听樊登讲过《未来简史》一切人类认为无法被机器取代的工作最终都会被人工智能取代;2;3;5;786;0.006361323155216285
5011;感觉是离散地拼到一起的，有些部分比较好听;1;1;2;786;0.002544529262086514
5014;这是哪个软件我也想试试;3;0;3;786;0.003816793893129771
5024;质量很高，用啥做的？midjourney吗;1;0;1;786;0.001272264631043257
5026;那么问题来了，能不能把歌曲转换成一幅画，这样你就可以收藏一首歌了;19;407;426;786;0.5419847328244275
5046;不懂就问，这个就是原始的唱片吗笑哭;2;96;98;786;0.12468193384223919
5050;本质上还是ai作曲然后把音频转图像吧;5;11;16;786;0.020356234096692113
5057;是不是就像把黑胶唱片的音轨做成图片喂给AI再让他去画个唱片;2;7;9;786;0.011450381679389313
5060;这不是foobar播放时候下面的图吗doge;2;7;9;786;0.011450381679389313
5063;能把一段音频变成可播放的图片吗求求你了我很需要关于这个的信息;5;6;11;786;0.013994910941475827
5090;这个是面对什么都不会的群体的教程微笑，当然有实力的人肯定能做得更好的。唱的时候要自己学会变通，哪里要唱快哪里要唱慢自己应该要能把握，比较已经是用嘴巴了调整唱歌的速度就很简单了。下面给那些需要用到软件合成的小伙伴们几个提示吧：歌ji歌ji的ai唱法会自动跑调，所以对着它的琴窗扒谱的话可能扒出来的音调不一样，大家还是用耳扒比较好。如果会的话可以自己加人声和声和乐器demo进去哦会更加丰富完整;3;4;7;786;0.008905852417302799
5095;这是什么软件啊能分享吗;2;0;2;786;0.002544529262086514
5098;哇塞好好听啊，人声是什么软件哇星星眼;2;2;4;786;0.005089058524173028
5103;人类与机器的斗争从来没有停止过。新技术能够代替、淘汰人力，但也会创造新的机会。但是涉及到艺术，就不那么简单了。在批量制作音乐这方面我们现在在手机上听到的音乐都是批量制作的，人更定是要被机器淘汰很多的。但当人们听得多了，要求高了，就能够更好理解音乐表演的价值。就像欧洲，足球水平高，踢得人也多，形成良性循环。我们中国是打乒乓球的人多，乒乓球水平也高，也是良性循环。;2;14;16;786;0.020356234096692113
5106;只有GPT3、ChatGPT（GPT35）、GPT4，没有ChatGPT4。鸡蛋里挑个骨头。;3;5;8;786;0.010178117048346057
5111;说得真好，ai的出现就是倒逼人类去创新走出舒适圈的契机;1;2;3;786;0.003816793893129771
5120;很认可老师的想法，请问您这个课程适合多大的孩子？;1;0;1;786;0.001272264631043257
5122;怎么试听和购买;1;0;1;786;0.001272264631043257
5125;用AI绘画需要出示什么证明之类的吗？还是STEAM不会管你这个，直接可以上架？;3;0;3;786;0.003816793893129771
5129;仅就目前这个视频内容来说，chatgpt给出来的和弦进行都很基础。作为一个琴龄不算长的人，这玩意我不光能自己写，甚至速度也不比chatgpt慢，还可以搞点花活。当然如果说替代音乐家的话。。。chatgpt目前这个水平，替代一些短视频神曲绰绰有余。当然基于如此海量的数据，ai的未来不可限量。;7;123;130;786;0.16539440203562342
5137;音色的使用才是人类的强项，音符组合有一定的局限性。做编曲的就知道了。;3;82;85;786;0.10814249363867684
5141;写写口水歌或者塑料进行肯定无比容易。就好比AI可以替代乌合麒麟，但不可能替代毕加索一样。所以我们无需担心人类文明的未来，想想自己的饭碗就好了。;1;14;15;786;0.019083969465648856
5143;郑老师，可以试试谷歌的MusicLM，这个才是专门做音乐的ai;1;40;41;786;0.05216284987277354
5145;只能说目前没事，ChatGPT5现在已经看完了人类所有的视频，估计很快chatgpt未来也会听完人类所有的曲子，很有可能到未来它再结合daw类似软件的上的编曲混音母带技术，很有可能你只需要几个简单的描述比如具体的要求，风格等就能给你自动生成mp3，甚至还能反复修改。至于软音源还有效果器，如果未来结合软件他只是去加载给定音源和效果器去做编曲混音的还好，就怕它把音色合成给搞明白了，到时候除了使用合成器最多的电音制作人，还包括声音设计师，软音源厂商等等估计都要遭殃了笑哭;1;18;19;786;0.024173027989821884
5147;你说能给画师们提供借鉴我还信你说你想代替音乐家们？哈哈，不可能;25;32;57;786;0.07251908396946564
5173;音乐创作又不全是苦力活，创作的过程同时也是欣赏、参与的过程。就算ChatGPT能达到人类的水平，你要让它代替人类写情书，有什么意义呢？;7;23;30;786;0.03816793893129771
5183;人工智能会击穿所有的被认为不可替代的、有灵魂的所有工作，因为它的终极核心是算法是数学它用穷举法就能毁掉人类引以为傲的最后的防线所谓机器没有灵魂只是自欺欺人;13;12;25;786;0.031806615776081425
5198;本来就没职业，还哪来失业一说？;8;9;17;786;0.021628498727735368
5207;看来目前来说演奏家还不会失业doge作曲家目前来说也不会但这样发展下去不好说doge;7;10;17;786;0.021628498727735368
5216;应该是你没有表述清楚，所以我认为未来的方向肯定是研究如何询问gpt的语言技术;1;6;7;786;0.008905852417302799
5238;我还以为屏幕里的键盘ai就自动弹了笑哭;2;1;3;786;0.003816793893129771
5250;作曲难说，演奏被代替是比较困难的，艺术的那部分不会被代替;1;0;1;786;0.001272264631043257
5255;音乐具有表演性质，当然喜欢皮套人的除外;1;0;1;786;0.001272264631043257
5259;作曲可能真的会失业，演奏很有可能也有威胁，但是教学应该不会;5;0;5;786;0.006361323155216285
5274;音乐裁缝是吧;2;1;3;786;0.003816793893129771
5278;另外还有一个我始终想不明白的（也是因为没有看过视频），布伦德尔和鲁宾斯坦两位大神的音色效果是怎么做出来的？由于经常听俄派大师，第一次听鲁大师的肖邦时我惊呆了，第一次听到布老弹舒伯特也是，那种音色的质感不同于任何其他钢琴家;2;1;3;786;0.003816793893129771
5281;其实最令人不适的是明明弹的普通（比我好一千倍），但是非要被吹成最佳；你说他弹的还不错倒可以接受，关键是有人直接拉出来霍老鲁宾斯坦阿格里奇说比他们还强，然后一群无脑粉就在下面跟风，稍微反对两下还要被群攻笑哭最后搞得评论区乌烟瘴气;1;0;1;786;0.001272264631043257
5283;我记得云总肖叙一录音底下也有一堆评论最佳版本的。。几百条评论只有个位数持反对意见（我算是个位数之一），不是说黑云迪，单就那个录音而言，我实在不是很欣赏。。如果up有时间可以听一下（我不敢妄言，只想看看专业人士如何公正评价）;1;0;1;786;0.001272264631043257
5285;怎么说呢。。卡姐和瓦姐与拉赫霍老做对比个人感觉还是有失公平啊思考这也不是一个级别的啊;2;0;2;786;0.002544529262086514
5292;听不出来和AI有什么关系;1;0;1;786;0.001272264631043257
5294;OK;1;0;1;786;0.001272264631043257
5297;周杰伦说：我就是陈少荣啊doge;1;44;45;786;0.05725190839694656
5308;AI音源还得是蔡依林完全无差别性转doge;1;4;5;786;0.006361323155216285
5314;有没有发网易云或者别的平台;5;2;7;786;0.008905852417302799
5320;这不是陈少荣作曲的歌吗;3;2;5;786;0.006361323155216285
5329;好像啊求问up的模型训练了多久啊为啥自己的到了2w步还是很多电音的感觉呢;6;1;7;786;0.008905852417302799
5366;华语天王陈少荣的哪里是周杰伦的歌;2;0;2;786;0.002544529262086514
5373;牛逼，能不能让人工智能作画;2;5;7;786;0.008905852417302799
