发布者;真实一级评论数;真实点赞数;边数;最大边数;集群密度
财联社CC新闻;536;1542;2078;37914;0.05480825025056707
鱼鱼鱼鱼好多宇;54;488;542;37914;0.014295510893073798
L0llipops;91;495;586;37914;0.015456032072585325
帛物志;141;523;664;37914;0.01751331961808303
shalala4099;29;707;736;37914;0.01941235427546553
AI技术观察者;113;460;573;37914;0.015113150815002373
一起向未来22;1;3;4;37914;0.00010550192541013873
know_thyself;1;0;1;37914;2.6375481352534682e-05
link_gpt;89;7816;7905;37914;0.20849818009178667
四川观察;59;777;836;37914;0.022049902410718997
36氪;509;10000;10509;37914;0.277179933533787
風鳴子;57;1698;1755;37914;0.04628896977369837
看看新闻Knews;3;173;176;37914;0.004642084718046105
九章科技;86;2960;3046;37914;0.08033971619982065
得吧得吧吧;48;125;173;37914;0.0045629582739885
格物时间;81;533;614;37914;0.016194545550456296
每日快乐小分队;155;2443;2598;37914;0.0685235005538851
假非假;83;316;399;37914;0.01052381705966134
淘沙博士;173;924;1097;37914;0.028933903043730547
孙大圣齐天大圣的大圣;1033;14000;15033;37914;0.3965026111726539
沉心拂絮;42;98;140;37914;0.0036925673893548555
X科技实验室;87;1047;1134;37914;0.029909795853774332
白水你要努力啊;93;2303;2396;37914;0.0631956533206731
晴天不弃风飞;5;58;63;37914;0.001661655325209685
壹零社;9;13;22;37914;0.0005802605897557631
逆袭教典nzg;23;188;211;37914;0.005565226565384818
二次元胡桃喵;266;6902;7168;37914;0.18905945033496863
生产队喂驴;81;1171;1252;37914;0.03302210265337342
直播中;106;4266;4372;37914;0.11531360447328164
_简单题_;206;4897;5103;37914;0.1345940813419845
MK-21;22;666;688;37914;0.018146331170543862
设计软件库;14;603;617;37914;0.0162736719945139
诺安段子混合-蔡嵩淞;243;5815;6058;37914;0.15978266603365512
Gwa-wa;152;5207;5359;37914;0.14134620456823338
沉生-;9;18;27;37914;0.0007121379965184365
套路时代;110;401;511;37914;0.013477870971145223
理工男骏骏;13;20;33;37914;0.0008703908846336445
生产队喂驴;9;103;112;37914;0.002954053911483885
zstar_;88;1422;1510;37914;0.039826976842327375
36氪;1159;14000;15159;37914;0.39982592182307325
设计师柯布拉;1;2;3;37914;7.912644405760406e-05
淘沙博士;149;1585;1734;37914;0.04573508466529514
江船明;17;230;247;37914;0.006514743894076067
aoe863;11;50;61;37914;0.0016089043625046157
百度;17;100;117;37914;0.003085931318246558
AI技术观察者;45;874;919;37914;0.024239067362979375
小白Smooth;187;1536;1723;37914;0.04544495437041726
AI度晓晓;38;1139;1177;37914;0.031043941551933324
套路时代;41;249;290;37914;0.007648889592235059
不进年级前10名不改名;39;263;302;37914;0.007965395368465475
小白Betten;139;4245;4384;37914;0.11563011024951206
雪山兄弟爱地球;12;86;98;37914;0.002584797172548399
涛哥爱拆机;505;8413;8918;37914;0.2352165427019043
财经网科技频道;1;12;13;37914;0.0003428812575829509
得吧得吧吧;6;27;33;37914;0.0008703908846336445
落叶秋书;18;27;45;37914;0.0011868966608640607
财经网科技频道;71;328;399;37914;0.01052381705966134
宇航员Dale;19;198;217;37914;0.005723479453500027
假非假;332;5831;6163;37914;0.16255209157567124
狗太宇;10;76;86;37914;0.0022682913963179827
微笑君smiling;8;87;95;37914;0.002505670728490795
直播中;94;864;958;37914;0.025267711135728226
via晨曦;351;6257;6608;37914;0.17428918077754918
小白Smooth;169;2105;2274;37914;0.05997784459566387
XL科技说;294;1491;1785;37914;0.04708023421427441
申腿瞪眼玩;67;734;801;37914;0.02112676056338028
辣子猫砂;2;1;3;37914;7.912644405760406e-05
跳跳猴博士;162;9277;9439;37914;0.24895816848657487
UplusTech;355;666;1021;37914;0.026929366460937913
via晨曦;7;20;27;37914;0.0007121379965184365
zarper;48;249;297;37914;0.0078335179617028
是雪哥哈;33;452;485;37914;0.012792108455979322
apple14141414;3;17;20;37914;0.0005275096270506937
Garland劉;2;7;9;37914;0.00023737933217281214
star鸽子;13;107;120;37914;0.003165057762304162
维生素必贰;143;871;1014;37914;0.02674473809147017
不高兴就喝水;507;11000;11507;37914;0.30350266392361663
AIGC研习社;39;286;325;37914;0.008572031439573772
白日猛想家;6;64;70;37914;0.0018462836946774278
财联社CC新闻;50;247;297;37914;0.0078335179617028
昱谱创服;1;3;4;37914;0.00010550192541013873
君莫笑傻了;452;4326;4778;37914;0.12602204990241073
维克特的秘密;14;261;275;37914;0.007253257371947038
二次元胡桃喵;14;2322;2336;37914;0.06161312443952102
Jokerberg;28;150;178;37914;0.004694835680751174
小C点课;3;14;17;37914;0.0004483831829930896
ByyyyzY;1;1;2;37914;5.2750962705069364e-05
雨田侃设计;1;0;1;37914;2.6375481352534682e-05
DasWesen;24;220;244;37914;0.006435617450018463
第一财经;228;2311;2539;37914;0.06696734715408556
直播中;19;84;103;37914;0.0027166745793110723
MetaCN;5;2;7;37914;0.0001846283694677428
99percentlove;13;67;80;37914;0.002110038508202775
小小小捞鼠;84;4205;4289;37914;0.11312443952102126
竹叶青1063;48;167;215;37914;0.005670728490794957
幼稚园里的班草;34;148;182;37914;0.004800337606161312
ClassyJ;28;131;159;37914;0.004193701535053015
2023鱼;1;0;1;37914;2.6375481352534682e-05
是豆腐呀i;1;15;16;37914;0.0004220077016405549
Web3Labs;42;385;427;37914;0.01126233053753231
第一财经;56;99;155;37914;0.004088199609642876
酒家到埃及;1;5;6;37914;0.0001582528881152081
_简单题_;2;14;16;37914;0.0004220077016405549
王灏新视野;1;3;4;37914;0.00010550192541013873
任天島;254;2176;2430;37914;0.06409241968665928
Nelson_Leee;2;6;8;37914;0.00021100385082027746
阿柴-Aaron;8;52;60;37914;0.001582528881152081
UplusTech;3;1;4;37914;0.00010550192541013873
涂鸦一格AI;9;100;109;37914;0.0028749274674262806
我是软件君;9;59;68;37914;0.0017935327319723584
嗨老侯爷;18;213;231;37914;0.006092736192435512
琪小蟹;4;16;20;37914;0.0005275096270506937
火红色之肤;40;627;667;37914;0.017592446062140634
刘经强小朋友;8;26;34;37914;0.0008967663659861792
看亿点未来;30;162;192;37914;0.00506409241968666
我叫小韭菜;1;3;4;37914;0.00010550192541013873
南博万L;3;12;15;37914;0.00039563222028802023
微凉客栈;26;237;263;37914;0.0069367515957166215
北冥说技术;91;584;675;37914;0.01780344991296091
漠河里的咸鱼干;2;1;3;37914;7.912644405760406e-05
阿龙wuli龙;1;3;4;37914;0.00010550192541013873
the星夜;19;84;103;37914;0.0027166745793110723
灬爱念;8;34;42;37914;0.0011077702168064568
TyrZTyr;1;4;5;37914;0.00013187740676267343
假非假;62;1083;1145;37914;0.030199926148652214
橙汁black;3;3;6;37914;0.0001582528881152081
不一样博客;3;19;22;37914;0.0005802605897557631
秃头的小苏;1;9;10;37914;0.00026375481352534686
山东小木;5;13;18;37914;0.0004747586643456243
Xinyu的生活体验记录;2;15;17;37914;0.0004483831829930896
小路成长;75;861;936;37914;0.024687450545972465
大湾仔元宇宙知识博主;34;208;242;37914;0.006382866487313394
Aaron白兔子;27;708;735;37914;0.019385978794112992
iAladdin;91;419;510;37914;0.013451495489792688
津门大白话;149;74;223;37914;0.005881732341615234
酒酒要磕糖;12;136;148;37914;0.003903571240175133
心路笔记;4;30;34;37914;0.0008967663659861792
雷达财经;18;23;41;37914;0.001081394735453922
烧披;4;5;9;37914;0.00023737933217281214
才好疼;13;20;33;37914;0.0008703908846336445
浮绿水的大鹅;43;202;245;37914;0.006461992931370997
绯-翠;1;12;13;37914;0.0003428812575829509
大河财立方;14;57;71;37914;0.0018726591760299626
小样儿不一样;1;6;7;37914;0.0001846283694677428
愿better;1;5;6;37914;0.0001582528881152081
成都完美世界培训;1;15;16;37914;0.0004220077016405549
运筹帷幄TNT;1;1;2;37914;5.2750962705069364e-05
大癌无疆;11;43;54;37914;0.001424275993036873
TyrZTyr;1;6;7;37914;0.0001846283694677428
南彭佑i;11;86;97;37914;0.0025584216911958644
程序猫大刚;2;4;6;37914;0.0001582528881152081
人民中科研究院;68;532;600;37914;0.01582528881152081
程序员晨光;2;6;8;37914;0.00021100385082027746
猫多少;56;123;179;37914;0.004721211162103708
老板联播;355;434;789;37914;0.020810254787149866
yeex_official;800;3814;4614;37914;0.12169647096059504
财经网科技频道;28;91;119;37914;0.0031386822809516273
相慕屿羽;1;2;3;37914;7.912644405760406e-05
教育学博士后奕妈;8;31;39;37914;0.0010286437727488526
白菜研究所;6;10;16;37914;0.0004220077016405549
DomainVirtual;1;13;14;37914;0.0003692567389354856
南彭佑i;33;320;353;37914;0.009310544917444744
黑色古木;1;0;1;37914;2.6375481352534682e-05
飞桨PaddlePaddle;19;109;128;37914;0.0033760616131244393
职业嗨;88;156;244;37914;0.006435617450018463
Fe盆;1;13;14;37914;0.0003692567389354856
TyrZTyr;2;9;11;37914;0.00029013029487788154
妖仙姐姐涂山苏苏;3;7;10;37914;0.00026375481352534686
看亿点未来;53;656;709;37914;0.01870021627894709
新商业联播视频号;39;54;93;37914;0.0024529197657857256
Jeffery石璞东_;1;3;4;37914;0.00010550192541013873
叶师傅来了;29;46;75;37914;0.001978161101440101
雷帝网;11;10;21;37914;0.0005538851084032284
关中铁人张大户;51;346;397;37914;0.010471066096956269
心思书院;3;1;4;37914;0.00010550192541013873
文心看世界;15;58;73;37914;0.001925410138735032
wu5shen;23;169;192;37914;0.00506409241968666
扒扒巴士;5;8;13;37914;0.0003428812575829509
大大大大土豆儿;2;0;2;37914;5.2750962705069364e-05
芒果树上猫;8;22;30;37914;0.0007912644405760405
不升级的老鸟;16;23;39;37914;0.0010286437727488526
lic聆字;4;7;11;37914;0.00029013029487788154
徐时廉;5;9;14;37914;0.0003692567389354856
学说商业思维;23;59;82;37914;0.002162789470907844
周知说;4;15;19;37914;0.000501134145698159
冰冻枪刃;10;30;40;37914;0.0010550192541013874
直播中;42;605;647;37914;0.01706493643508994
恰饭听故事;1;3;4;37914;0.00010550192541013873
刘兴亮;81;64;145;37914;0.0038244447961175293
MK-21;7;22;29;37914;0.0007648889592235059
Govei-;1;8;9;37914;0.00023737933217281214
Re-re-beLL;1;3;4;37914;0.00010550192541013873
贯一智能科技;75;286;361;37914;0.00952154876826502
Love丶伊卡洛斯;2;12;14;37914;0.0003692567389354856
君莫笑傻了;23;46;69;37914;0.0018199082133248932
乌有先生nobody;2;54;56;37914;0.0014770269557419424
氪金玩家麻花藤;4;22;26;37914;0.0006857625151659018
bili_5303233;3;7;10;37914;0.00026375481352534686
面包Bread10;12;70;82;37914;0.002162789470907844
マヒトイ;1;4;5;37914;0.00013187740676267343
搞怪的小周;79;194;273;37914;0.007200506409241969
徐时廉;10;134;144;37914;0.0037980693147649943
徽药说史;8;40;48;37914;0.001266023104921665
黑胖的职场避坑指南;10;105;115;37914;0.0030331803555414885
K_Render;16;68;84;37914;0.0022155404336129136
星辰入怀眠;18;27;45;37914;0.0011868966608640607
希拉蕊罗德姆克林蹲;2;10;12;37914;0.0003165057762304162
BT财经;67;46;113;37914;0.0029804293928364194
Ma5老师;46;247;293;37914;0.007728016036292662
何时夕丶;38;223;261;37914;0.006884000633011552
Thron3;53;430;483;37914;0.012739357493274253
你今儿;1;4;5;37914;0.00013187740676267343
AI小学僧;1;0;1;37914;2.6375481352534682e-05
_AntiGod;1;3;4;37914;0.00010550192541013873
生词通;1;3;4;37914;0.00010550192541013873
四十岁了只骑过125;1;13;14;37914;0.0003692567389354856
kxlnx;2;1;3;37914;7.912644405760406e-05
梦想大冒险家;1;1;2;37914;5.2750962705069364e-05
私董兰;2;1;3;37914;7.912644405760406e-05
安相宇;23;50;73;37914;0.001925410138735032
海思社;38;157;195;37914;0.005143218863744263
程序猿松露;16;40;56;37914;0.0014770269557419424
竹十一;3;8;11;37914;0.00029013029487788154
CG杨杰科研绘图;2;19;21;37914;0.0005538851084032284
刘的娃888;6;6;12;37914;0.0003165057762304162
一拳哥哥;136;376;512;37914;0.013504246452497757
直播中;582;4108;4690;37914;0.12370100754338767
直播中;25;291;316;37914;0.00833465210740096
徐岷波;1;9;10;37914;0.00026375481352534686
晓舟报告;44;291;335;37914;0.00883578625309912
lockypain;52;585;637;37914;0.016801181621564593
IDC数据中心666;2;0;2;37914;5.2750962705069364e-05
AI新手训练营;2;3;5;37914;0.00013187740676267343
灵镜实验室;21;64;85;37914;0.002241915914965448
芒果树上猫;3;5;8;37914;0.00021100385082027746
青蜂侠-Bee;360;1361;1721;37914;0.04539220340771219
火嚯灬红;2;5;7;37914;0.0001846283694677428
新象财经;27;121;148;37914;0.003903571240175133
华北最后的ikun;9;17;26;37914;0.0006857625151659018
alchain花生;26;78;104;37914;0.0027430500606636073
喵呜投研笔记;1;1;2;37914;5.2750962705069364e-05
元数DAO;1;4;5;37914;0.00013187740676267343
淘沙博士;66;2170;2236;37914;0.05897557630426755
孔老头苏老头;18;45;63;37914;0.001661655325209685
简减勿耽;2;0;2;37914;5.2750962705069364e-05
Destinychen9;11;34;45;37914;0.0011868966608640607
唯心不打伞;32;71;103;37914;0.0027166745793110723
Cyrus-Reed;2;36;38;37914;0.001002268291396318
以身证道的VLOG;2;7;9;37914;0.00023737933217281214
短的发布会;386;17000;17386;37914;0.458564118795168
青蜂侠-Bee;37;489;526;37914;0.013873503191433243
AI测试爱好者;1;1;2;37914;5.2750962705069364e-05
TyrZTyr;1;3;4;37914;0.00010550192541013873
闻界之语;1;5;6;37914;0.0001582528881152081
TyrZTyr;4;13;17;37914;0.0004483831829930896
二乐二乐;1;3;4;37914;0.00010550192541013873
逆天风男;3;3;6;37914;0.0001582528881152081
雷电与永恒的国度;1;10;11;37914;0.00029013029487788154
人似秋鸿来;2;2;4;37914;0.00010550192541013873
樱桃Cherryboom;2;7;9;37914;0.00023737933217281214
哈喽王叔叔;1;25;26;37914;0.0006857625151659018
才不要瑟瑟;2;3;5;37914;0.00013187740676267343
咔哒小蛮;12;58;70;37914;0.0018462836946774278
TD任何帽几;3;0;3;37914;7.912644405760406e-05
小屋pro;10;37;47;37914;0.0012396476235691301
RPA之家;1;9;10;37914;0.00026375481352534686
知汉汉;2;2;4;37914;0.00010550192541013873
小田贱;8;2;10;37914;0.00026375481352534686
江南一根葱;1;8;9;37914;0.00023737933217281214
牛顿顿顿;914;37000;37914;37914;1.0
潘彩蛋;17;2581;2598;37914;0.0685235005538851
吧栏杆拍遍;1;3;4;37914;0.00010550192541013873
查特卡卡;2;13;15;37914;0.00039563222028802023
火爷精品微课工作室;1;3;4;37914;0.00010550192541013873
数据可是;6;65;71;37914;0.0018726591760299626
直播中;110;1144;1254;37914;0.033074853616078495
ntwei;1;4;5;37914;0.00013187740676267343
矮小蛋爱吃大西瓜;1;2;3;37914;7.912644405760406e-05
雷峰网;23;223;246;37914;0.006488368412723532
起名字多是一件美事啊;1;1;2;37914;5.2750962705069364e-05
马蹄铁692;1;4;5;37914;0.00013187740676267343
扁宇宙;9;84;93;37914;0.0024529197657857256
猴子该吃药了;3;4;7;37914;0.0001846283694677428
孔老头苏老头;7;29;36;37914;0.0009495173286912486
冷叔观察;289;2780;3069;37914;0.08094635227092895
要中杯;1;0;1;37914;2.6375481352534682e-05
Apple大会员;4;21;25;37914;0.0006593870338133671
专逗文心;1;0;1;37914;2.6375481352534682e-05
河北彩花_Saika;3;37;40;37914;0.0010550192541013874
陈and煦;3;11;14;37914;0.0003692567389354856
阿垚嘿呀;4;7;11;37914;0.00029013029487788154
Blue★Sky;2;13;15;37914;0.00039563222028802023
XL科技说;4;6;10;37914;0.00026375481352534686
surpass_bp;8;28;36;37914;0.0009495173286912486
假非假;9;42;51;37914;0.0013451495489792689
元宇宙_船长;10;19;29;37914;0.0007648889592235059
ChatAI智能小助手;3;39;42;37914;0.0011077702168064568
ChatGPT_2015;3;8;11;37914;0.00029013029487788154
芒果树上猫;1;0;1;37914;2.6375481352534682e-05
也是简佳;2;7;9;37914;0.00023737933217281214
鱼咏eve;15;46;61;37914;0.0016089043625046157
