label;一级评论;真实二级评论数;真实点赞数;边数;最大边数;集群密度
0;人做出的可以说为艺术品，而AI做出的只能说是物品请不要丧失自己对艺术的渴望，AI永远不会超越人类只会复制人类的;161;929;1090;143371;0.007602653256237314
162;这个制作水平已经能够超越现在大部分快餐歌曲了如果国内音乐市场再这么混乱，或许AI真会成为主流;37;896;933;143371;0.006507592190889371
200;换一个思路，可以用ai摸鱼;27;373;400;143371;0.0027899644977017668
228;你自己做的会有自己的情感融入，ai不行，所以是不会被取代的;37;47;84;143371;0.000585892544517371
266;那这样岂不是没有版权一说？;15;126;141;143371;0.0009834624854398728
282;居然还不错;3;214;217;143371;0.0015135557400032084
286;很好，我已经用这个制作了一首伴奏，然后用虚拟歌手那个软件演唱，然后已经发布了。;20;75;95;143371;0.0006626165682041696
307;有徐梦圆的感觉了;12;99;111;143371;0.0007742151481122402
320;有挺多东西，大部分人精心制作的不如工厂流水线生产的质量好。。小部分人或许可以做的更好，但是。;10;34;44;143371;0.0003068960947471943
331;ai：渺小的人类;2;43;45;143371;0.0003138710059914488
334;横向编排还不错纵向的段落层次不明显内容不多完善了还真有可能失业;1;47;48;143371;0.000334795739724212
336;个人总结：优点：方便简单，效率高缺点：过于工整对齐。一板一眼个人觉得从商业化的角度看确实在一定程度上可以获得小部分编曲市场。总的来说只能称之为还可以，不违和。好听不好听的在个人了;4;34;38;143371;0.00026504662728166786
341;超级喜欢你的心动轨迹;1;40;41;143371;0.00028597136101443107
344;请问这个版权归属谁呢？;1;9;10;143371;6.974911244254417e-05
354;老师我有歌谱能帮忙制作一个伴奏吗;1;0;1;143371;6.974911244254417e-06
369;这个曲子，我立马就可以填词了;3;1;4;143371;2.7899644977017668e-05
399;屏幕对面的印度人忙死了;1;3;4;143371;2.7899644977017668e-05
431;我怕耍你两巴掌抱看;1;2;3;143371;2.092473373276325e-05
439;CFM安静这个你试试;1;2;3;143371;2.092473373276325e-05
441;桑葚刘秘书，你觉得这个怎么样;2;2;4;143371;2.7899644977017668e-05
445;我想问问有没有我清唱然后有编曲的;1;1;2;143371;1.3949822488508834e-05
467;比周杰伦新歌都好听了;1;6;7;143371;4.882437870978092e-05
474;普通人还挺好听;1;2;3;143371;2.092473373276325e-05
515;哇。看了以后不用找编曲了，主要靠词曲唱了。;1;1;2;143371;1.3949822488508834e-05
522;周杰伦以前对这个说过一句话：放心有我在ai绝对没有人编的好;1;1;2;143371;1.3949822488508834e-05
542;超级厉害毛想问问人工智能可不可以把我收了，我不想做人了;2;1;3;143371;2.092473373276325e-05
545;这是啥啊;1;1;2;143371;1.3949822488508834e-05
547;余揾;1;1;2;143371;1.3949822488508834e-05
554;我向往的是ai根据小说自动生成动画片;3;2;5;143371;3.487455622127208e-05
566;李文藝ringo要不你去下一个;1;2;3;143371;2.092473373276325e-05
589;根据什么呢？好神奇，不会编曲没有学过乐理知识的能会吗？;3;2;5;143371;3.487455622127208e-05
610;好家伙芒种和别的融合了;1;1;2;143371;1.3949822488508834e-05
633;柠檬薄荷茶好听;1;0;1;143371;6.974911244254417e-06
635;oooooo0O0o、。。;1;1;2;143371;1.3949822488508834e-05
683;17DD;1;1;2;143371;1.3949822488508834e-05
689;Megix;1;0;1;143371;6.974911244254417e-06
691;学术劝退;1;0;1;143371;6.974911244254417e-06
702;快来找我编曲吧地址点开资料;5;11;16;143371;0.00011159857990807067
708;GL不事旮旯你试试？;2;0;2;143371;1.3949822488508834e-05
717;缺少多样化，层次，变化，阶梯跳跃。容易听感疲劳。。感觉就像高速路上的自动驾驶。程序呆板。;1;0;1;143371;6.974911244254417e-06
975;我以为副歌的时候会有笛子进来，结果让人很失望;1;0;1;143371;6.974911244254417e-06
1002;浛浛的小号快来看，也许有用;1;0;1;143371;6.974911244254417e-06
1060;还是没灵魂bbbox10年前的东西了;1;0;1;143371;6.974911244254417e-06
1128;Latte天性死板突然咯是俣毛早点转专业吧，学音乐没饭吃的;1;0;1;143371;6.974911244254417e-06
1132;没感觉;1;0;1;143371;6.974911244254417e-06
1206;有点周杰伦编曲的风格。;1;0;1;143371;6.974911244254417e-06
1248;本人当兵时，军对有一个歌曲曲谱，哪位大神有空闲时间帮我编一下曲呗，好久没听到。可以私信我要铺。;1;0;1;143371;6.974911244254417e-06
1250;shinnosuke我服了;1;0;1;143371;6.974911244254417e-06
1271;猩猩念念我草;1;0;1;143371;6.974911244254417e-06
1278;这个可以用;1;0;1;143371;6.974911244254417e-06
1301;陈立信;1;0;1;143371;6.974911244254417e-06
1314;旺旺试试;1;0;1;143371;6.974911244254417e-06
1322;请问这个收费吗？软件名叫什么;1;0;1;143371;6.974911244254417e-06
1331;那版权归谁呢？;2;0;2;143371;1.3949822488508834e-05
1334;有点太混了，做得好的不知道，感觉这个好几个风格强行混在一起。;2;0;2;143371;1.3949822488508834e-05
1345;Saikon陈帅中;1;0;1;143371;6.974911244254417e-06
1356;JJsoul有点夸张了;1;0;1;143371;6.974911244254417e-06
1358;锦杰同学。;1;0;1;143371;6.974911244254417e-06
1367;评论区大家不要吵了，我叫Ai有什么事儿冲我来;2;0;2;143371;1.3949822488508834e-05
1376;试过确实快，就是没有想要的。没有层次的感觉就目前小白玩玩还行商用想多了;1;0;1;143371;6.974911244254417e-06
1383;好听但缺灵魂;3;0;3;143371;2.092473373276325e-05
1392;我爱挖鼻屎我焯;1;0;1;143371;6.974911244254417e-06
1417;橘味奶皮斯卧槽;2;0;2;143371;1.3949822488508834e-05
1441;糙米薏仁汤我不干了;1;0;1;143371;6.974911244254417e-06
1475;版权归谁;1;0;1;143371;6.974911244254417e-06
1485;彦琪尛北Lee;1;0;1;143371;6.974911244254417e-06
1505;MiManchi;1;0;1;143371;6.974911244254417e-06
1511;自动伴奏用长了时间再听听好的重复的东西，以前有个软件只要哼哼一段声音就可以编配各种风格的伴奏了;1;0;1;143371;6.974911244254417e-06
1522;烦夫曙子漂亮的拖拉机粤Morning奥特曼打小怪兽麻酱牛肉丸LLly彭于晏88riiii抚裙边四块饼干麦可乐一坨虾滑珍珠李建勋zzppppp;3;0;3;143371;2.092473373276325e-05
1528;吃桃桃救命;1;0;1;143371;6.974911244254417e-06
1530;29292929292929;1;0;1;143371;6.974911244254417e-06
1536;zreamy;1;0;1;143371;6.974911244254417e-06
1543;这种只有畅听的快感却没有灵魂;1;0;1;143371;6.974911244254417e-06
1556;SSSANGYN我是不是可以自己搞伴奏了;1;0;1;143371;6.974911244254417e-06
1567;阿朱这个名字竟然有人用了;1;0;1;143371;6.974911244254417e-06
1575;那是不是不用学音乐了;1;0;1;143371;6.974911244254417e-06
1580;泷;1;0;1;143371;6.974911244254417e-06
1586;Tonya汤汤阿B;3;0;3;143371;2.092473373276325e-05
1594;不顶了失业了0474;2;0;2;143371;1.3949822488508834e-05
1599;网址是什么啊;1;0;1;143371;6.974911244254417e-06
1606;电脑后的印度人累坏了;422;18000;18422;143371;0.12849181494165487
2029;可以养活国内DJ了;138;6938;7076;143371;0.049354471964344254
2169;说熟悉的，人家本来就写了要听起来像疯狂青蛙;49;6744;6793;143371;0.047380572082220254
2219;我很确定我听过这个旋律;195;4890;5085;143371;0.03546742367703371
2415;用的什么工具;1;0;1;143371;6.974911244254417e-06
2417;美术生：哈哈哈哈哈哈哈哈音乐生也中招了哈哈哈哈哈哈哈哈哈哈哈;102;1241;1343;143371;0.009367305801033681
2520;隔壁公司已经用AI编写程序了，三天的工作，一小时完成，而且无BUG，相当可怕;48;231;279;143371;0.0019460002371469822
2569;三个小时电脑的另外一头不会坐着一个人吧？;53;3099;3152;143371;0.021984920241889923
2623;本来以为Ai会先取代体力劳动，但是现在看来完全反过来了，它会先取代脑力劳动期待硅基生命出现，带人类进入下一个科技飞升时期;154;1526;1680;143371;0.011717850890347421
2778;把它上架我没开玩笑;25;1560;1585;143371;0.01105523432214325
2804;未来在西方;24;14;38;143371;0.00026504662728166786
2829;注意审题啊别人本来就是要求元素有疯狂青蛙;4;2384;2388;143371;0.016656088051279546
2834;糟糕，周杰伦要被AI干掉了;50;38;88;143371;0.0006137921894943887
2885;ai的出现是人类整体的进步;31;336;367;143371;0.002559792426641371
2917;作为一个音乐制作人来说无论是编排，混音，母带都不是这个AI做出来的东西。至少目前不行;68;102;170;143371;0.001185734911523251
2986;最先失业的，没想到是人类独有的艺术行业;98;228;326;143371;0.0022738210656269397
3085;BlingblingAltego酷狗完整版;2;1;3;143371;2.092473373276325e-05
3090;但觉得这旋律不是抄的吗？以前听过的呀;1;0;1;143371;6.974911244254417e-06
3107;johnto卧槽;1;0;1;143371;6.974911244254417e-06
3114;我找到这首完整的了;3;3;6;143371;4.18494674655265e-05
3118;这节奏明显侵权了;1;0;1;143371;6.974911244254417e-06
3121;是不是需要艺术细胞、天赋的的行业都受到了冲击;1;1;2;143371;1.3949822488508834e-05
3136;还好，剃头不会被取代;1;0;1;143371;6.974911244254417e-06
3145;他们用的什么软件;2;1;3;143371;2.092473373276325e-05
3158;让他查下马航;1;0;1;143371;6.974911244254417e-06
3167;太可怕了所有人都要失业了;2;6;8;143371;5.5799289954035336e-05
3172;ai感觉不会控制人类，要被人类玩坏了;2;2;4;143371;2.7899644977017668e-05
3176;如果ai合成电影，是不是就可以看到张国荣梅艳芳李小龙年轻时候的周星驰成龙了;3;3;6;143371;4.18494674655265e-05
3183;这曲子这么熟悉;1;0;1;143371;6.974911244254417e-06
3185;那天只是刮起了微风，我也只是觉得这是平平无奇的一天，但事实上是，大家都误判了;2;11;13;143371;9.067384617530743e-05
3193;期待AI在军事上的发展，血肉苦弱，机械飞升;1;3;4;143371;2.7899644977017668e-05
3213;它是不是只能以现有的知识去创作，而不是自己有独立创作的能力？;1;2;3;143371;2.092473373276325e-05
3223;这确定不是抄袭人类的早就听过了;1;0;1;143371;6.974911244254417e-06
3229;悟可以作曲做歌6的狠;1;0;1;143371;6.974911244254417e-06
3240;网友小君工作顺利版）卧槽好好听;1;0;1;143371;6.974911244254417e-06
3245;感觉至上金山呀带我飞向月球疯狂青蛙这不是;2;0;2;143371;1.3949822488508834e-05
3248;体育生只有我独领风骚了;1;11;12;143371;8.3698934931053e-05
3250;有一天，人工智能听着这首音乐在征服星辰大海，缅怀已逝人类;1;2;3;143371;2.092473373276325e-05
3252;这不是抄袭吗，这个曲好像听过;1;0;1;143371;6.974911244254417e-06
3254;萧橦完了全都得失业;1;0;1;143371;6.974911244254417e-06
3260;电影是不是不用拍了，直接合成就行了，想看什么样的就什么样，想看谁演就谁演;2;7;9;143371;6.277420119828975e-05
3271;爱吃大米飯大橘离谱;1;1;2;143371;1.3949822488508834e-05
3273;这个旋律听过啊;1;1;2;143371;1.3949822488508834e-05
3278;ai能不能写小说啊;4;3;7;143371;4.882437870978092e-05
3285;格局打开。可能谁学谁一开始就搞反了;1;1;2;143371;1.3949822488508834e-05
3289;我发誓，我听过这个调子;7;11;18;143371;0.0001255484023965795
3300;Jupiter真的太牛了，音乐绘画设计摄影编剧ai真的太牛了;1;2;3;143371;2.092473373276325e-05
3303;没有昵称ya未来已来;1;0;1;143371;6.974911244254417e-06
3306;大哥感觉那么多人要失业，咱们英语好像只要不用到教育上面，好像到哪也都能活的下去;1;0;1;143371;6.974911244254417e-06
3312;能测出双色球开奖结果吗？;1;1;2;143371;1.3949822488508834e-05
3315;好熟悉的旋律;1;1;2;143371;1.3949822488508834e-05
3319;人类是不是要把自己玩死了;1;0;1;143371;6.974911244254417e-06
3326;人类诞生的意义，就是这一天，把AI带到世上，然后自己毁灭;2;12;14;143371;9.764875741956184e-05
3339;估计AI会窃取到核武器是如何制造，然后再自动生成更为厉害军事武器，公布世人，造成混战，地球毁灭;8;31;39;143371;0.00027202153852592226
3356;太牛了，ai又能编曲，又能画图，又能写文章;3;10;13;143371;9.067384617530743e-05
3363;这个听起来很熟悉，抄袭吧;1;1;2;143371;1.3949822488508834e-05
3366;什么时候程序员研究出一个能自动编写任何程序的AI;2;2;4;143371;2.7899644977017668e-05
3372;openAI波士顿机器人全体起立;1;1;2;143371;1.3949822488508834e-05
3374;鼻涕一直流哇呜;1;0;1;143371;6.974911244254417e-06
3388;这音乐明显耳熟啊，缝合怪;3;6;9;143371;6.277420119828975e-05
3393;能写诗吗？;1;0;1;143371;6.974911244254417e-06
3395;宇智波魈我的妈耶;2;0;2;143371;1.3949822488508834e-05
3401;foubao还可以做音乐;2;0;2;143371;1.3949822488508834e-05
3406;侵权了吧？属于组合不属于创造呀。;5;1;6;143371;4.18494674655265e-05
3416;希望能实现ai生孩，我把我的名额给它;12;7;19;143371;0.00013252331364083393
3431;很多行业都要被AI代替了。长久以后人也代替了。这种发展我们会变成动物园的动物一样了吧机器人看着我们说：看这是人类;1;3;4;143371;2.7899644977017668e-05
3437;就问你们怕不怕;1;2;3;143371;2.092473373276325e-05
3444;米花在苟市民我看了好多chatgpt;1;1;2;143371;1.3949822488508834e-05
3452;好像是动画版的变形金刚吧;2;1;3;143371;2.092473373276325e-05
3456;Porco好运滚滚来之我爱吃米饭CHEN我真的好饿玛卡巴卡挺好的还没毕业就已经失业了;1;0;1;143371;6.974911244254417e-06
3458;王世文再进化两年可以试试;1;0;1;143371;6.974911244254417e-06
3461;就差没把“我是抄的”四个大字贴编码上了;4;12;16;143371;0.00011159857990807067
3466;无糖可乐ai作曲，三小时出一首;3;0;3;143371;2.092473373276325e-05
3479;好家伙，程序员们把自己卷死了;1;54;55;143371;0.0003836201184339929
3484;还真不赖，普通人可以拥有自己的歌了;1;7;8;143371;5.5799289954035336e-05
3486;中国流行乐有救了，;2;10;12;143371;8.3698934931053e-05
3489;ai能不能帮我把二亩地给翻一下？;4;3;7;143371;4.882437870978092e-05
3495;缝合的太明显了吧，开口就熟悉;6;6;12;143371;8.3698934931053e-05
3502;把它上架我没开玩笑;7;6;13;143371;9.067384617530743e-05
3510;一个全能的妈妈会让孩子成为一个人完全不动脑子的废物言尽于此;2;5;7;143371;4.882437870978092e-05
3513;完了，以后学艺术的也完了;3;6;9;143371;6.277420119828975e-05
3517;这曲太成熟了。。。;2;7;9;143371;6.277420119828975e-05
3520;可是真的好好听，完全是我的审美，不开玩笑一开头就加收藏的那种，听歌50w分钟的老听虫路过;1;9;10;143371;6.974911244254417e-05
3522;如有抄袭可以告ai吗？;2;4;6;143371;4.18494674655265e-05
3527;0;1;1;2;143371;1.3949822488508834e-05
3532;歌名：BlingBling（RadioEdit）望周知;6;25;31;143371;0.00021622224857188691
3540;记得回来谢谢我顺便点个赞;4;75;79;143371;0.0005510179882960989
3545;等等，我要是让他根据周杰伦的曲风做音乐不就有无限的周杰伦新歌可以听了;1;21;22;143371;0.00015344804737359716
3548;国内又要新起一批《原创歌手》了;1;7;8;143371;5.5799289954035336e-05
3552;去找了原视频，这俩哥们就是在整活而已ai音乐是已经在发展了，但是也还没有这么简单便捷这曲子就是他俩写的，他俩在整活这个搬运号为了流量也没说清楚;7;72;79;143371;0.0005510179882960989
3561;这两兄弟后来也承认是假的了女声不是charli只是为了他们自己的新专搞出来的噱头这歌也是他们自己做的;2;8;10;143371;6.974911244254417e-05
3564;假的这时avamaxblingblingremixedbyDxT;3;9;12;143371;8.3698934931053e-05
3568;坏了，继新能源之后，华语乐坛也要弯道超车了;3;76;79;143371;0.0005510179882960989
3575;这是DJ二人组Altego为了宣传他们的新歌AvaMaxBLINGBLINGfeatCharliXCXEXTENDEDREMIX做出来的一个梗。女声是歌手AvaMax唱的，属于REMIX版本二次创作;6;16;22;143371;0.00015344804737359716
3582;我记得国外有一个人开了一个AI写APP的公司，输入你需要的APP功能，AI就会自动帮你写出这个APP。然后其实是后台招聘了几百个程序员在那里帮你做APP，对外宣称都是他们的算法ai制作的。在拿到投资之后，这个公司老板就跑路了。;5;72;77;143371;0.0005370681658075901
3588;因为人家设置了旋律像疯狂青蛙，老说听过的大聪明，你最聪明了;1;16;17;143371;0.00011857349115232509
3591;可能up主的想法就是要ai做一首crazyfrog的remix，不是重新创作一首新曲，我是说可能啊，别跟我杠。;7;304;311;143371;0.0021691973969631237
3599;电脑那边坐了一个印度员工;4;9;13;143371;9.067384617530743e-05
3604;ai统治不远了。三大规则必须制定坚守啊。;15;9;24;143371;0.000167397869862106
3620;说实话这个旋律有点抄了吧一摸一样;4;8;12;143371;8.3698934931053e-05
3626;不过我这欧美几乎文盲的人，都觉得抄袭严重;10;13;23;143371;0.0001604229586178516
3637;各类乐器和虚拟音色虚拟人声运用的效果器和插件配比都是普通电子乐制作人无法企及的不敢想象;4;7;11;143371;7.672402368679858e-05
3642;其实早就写好了，三小时是等版权注册过审;1;265;266;143371;0.001855326390971675
3644;这个版本在哪下啊，太爱了，开车最爱听疯狂青蛙了;1;4;5;143371;3.487455622127208e-05
3647;听起来像疯狂青蛙和直接就是疯狂青蛙还是有区别的吧，反正ai现在还是抄袭阶段;32;82;114;143371;0.0007951398818450035
3680;国内部分DJ史诗级加强;1;56;57;143371;0.00039756994092250177
3682;这ai编出来的比7妹和虞姬的这两沙皮的remix优质多了;3;11;14;143371;9.764875741956184e-05
3687;这首曲子不是很熟吗？他们是用ai改编吗？张艺兴总算有好用的软件了;2;7;9;143371;6.277420119828975e-05
3691;这个看起来有假，第一没有显示浏览器地址栏，第二页面底下没有显示公司或者组织的名称，连aboutus之类的都没有。可能就是一自己搞出来的假装是AI编曲网站的页面，实际上曲子是自己编的。;4;7;11;143371;7.672402368679858e-05
3697;這是抄襲和侵權好嗎？;17;52;69;143371;0.00048126887585355475
3715;等了三个小时，已经很快了，毕竟网线的另外一头的程序员跟作曲者头发都掉光了，才编出了这个曲;1;18;19;143371;0.00013252331364083393
3717;ritaora的歌bangbang;51;106;157;143371;0.0010950610653479435
3771;我们还在证明直角是直角人家已经人工智能了;3;10;13;143371;9.067384617530743e-05
3775;有点吓人配器和后期都很均衡传统乐器配器和后期ai编曲做出来什么效果？？会不会反乐器法？？;36;591;627;143371;0.004373269350147519
3812;这不就是疯狂青蛙吗？;27;121;148;143371;0.0010322868641496536
3840;国内裁缝们又有新工具了;1;35;36;143371;0.000251096804793159
3842;所以这个版本的歌曲叫什么;38;31;69;143371;0.00048126887585355475
3882;不是写新歌，是编曲，朋友们。人家输入的要求就是“likecrazyfrog”;10;1101;1111;143371;0.007749126392366657
3893;啊这个调子是其他歌的吧;6;16;22;143371;0.00015344804737359716
3900;好听，但是细思极恐;18;743;761;143371;0.005307907456877611
3930;爸爸的爸爸叫爸爸;1;0;1;143371;6.974911244254417e-06
3940;泱冰YOUNGBING;1;0;1;143371;6.974911244254417e-06
3942;九璃doremiTony台州最后深情RampleZyyyyyy江浙最后深情SSundavide无情汉堡杀手微微鱼Enrico周Allex草没味i巧克liiiiiii;2;1;3;143371;2.092473373276325e-05
3947;今天怎么这么多推AI;1;0;1;143371;6.974911244254417e-06
3954;ai一旦成熟，将不再有任何职业存在。;4;0;4;143371;2.7899644977017668e-05
3963;我想用AI帮我算双色球。;10;11;21;143371;0.00014647313612934276
3989;X;1;0;1;143371;6.974911244254417e-06
3993;Tiamo;1;0;1;143371;6.974911244254417e-06
3995;感觉ai就是人类历史最大的转折点，把握好了就是第三次科技大爆炸，把握不好就是人类覆灭的开始;6;14;20;143371;0.00013949822488508833
4007;AcD;1;0;1;143371;6.974911244254417e-06
4022;铁锅炖我;1;0;1;143371;6.974911244254417e-06
4033;ai过快成型，现在世界80亿人口大部分失业，矛盾必然被激化，那么世界大战可能不可避免。;12;14;26;143371;0.00018134769235061485
4046;这俩人好闹腾;3;6;9;143371;6.277420119828975e-05
4108;胖达;1;1;2;143371;1.3949822488508834e-05
4111;晚饭不吃饱cateye你豹豹猫猫被人袈裟了我擦？？？？;1;1;2;143371;1.3949822488508834e-05
4113;一个人工智能写的歌词里有一句“我只想触摸我的肉体”;2;1;3;143371;2.092473373276325e-05
4119;好敏感肌也能用Sywen左旋肉减派大唾沫星子nb;1;1;2;143371;1.3949822488508834e-05
4123;绝对热单;1;1;2;143371;1.3949822488508834e-05
4125;这没在作曲啊，顶多是个编曲;4;1;5;143371;3.487455622127208e-05
4133;1Guai;2;1;3;143371;2.092473373276325e-05
4138;卧槽这确定是AI做的？？？;2;1;3;143371;2.092473373276325e-05
4153;容易困的王师傅;2;1;3;143371;2.092473373276325e-05
4156;用餐时请保持安全距离woc;1;1;2;143371;1.3949822488508834e-05
4172;这个原理就是把主题生成歌词然后用歌词套入现有旋律生成人声再把人声套进伴奏里面里面用到真正ai的地方其实就是歌词;1;1;2;143371;1.3949822488508834e-05
4175;能不能拯救下凤凰传奇啊;4;1;5;143371;3.487455622127208e-05
4181;AI真的会取代很多人的工作大公司会裁员，那么公司利润大增人工成本降低只剩下核心人物;1;1;2;143371;1.3949822488508834e-05
4191;我就是作曲的，希望将来别失业;1;1;2;143371;1.3949822488508834e-05
4200;你把我酷狗的识曲给搞不会了;1;1;2;143371;1.3949822488508834e-05
4204;TANG音乐总监我来啦;1;1;2;143371;1.3949822488508834e-05
4206;这是用的什么软件？以后做宣传片背景音乐用这个编曲就不用买版权了吧;3;1;4;143371;2.7899644977017668e-05
4220;卧槽间奏鼓的fill太嗨了;2;1;3;143371;2.092473373276325e-05
4224;LongsirCake4eveR牛逼卧槽;2;1;3;143371;2.092473373276325e-05
4227;0;1;1;2;143371;1.3949822488508834e-05
4231;这不就是小时候玩具里那个歌吗;1;1;2;143371;1.3949822488508834e-05
4235;有点像老曲的调啊;1;1;2;143371;1.3949822488508834e-05
4237;这是鸟叔的champion;1;1;2;143371;1.3949822488508834e-05
4239;只是从一堆数据里捡东西，没达到飞升的地步;1;1;2;143371;1.3949822488508834e-05
4243;AMAGwenly转转Viberray16pd小王子LuvPrince（接混音版）第100个关注是我的爱人CenturyAMAG球球一鹤维之;1;1;2;143371;1.3949822488508834e-05
4247;MCHAO艾姆超Sirius;1;1;2;143371;1.3949822488508834e-05
4250;ZZzFuaO一个美女蛋蛋社骑士爆米花可以当网易音乐人了;1;1;2;143371;1.3949822488508834e-05
4256;小时候的陀螺就放的这bgm嘎嘎带感;1;1;2;143371;1.3949822488508834e-05
4258;人类创造出来了一种可以取代人类的物种，挺好，这也是一种进化;1;1;2;143371;1.3949822488508834e-05
4274;板儿牙;1;1;2;143371;1.3949822488508834e-05
4277;这首歌很熟悉呀，我如果没猜错，我应该听过，只不过跟这个哎哎没啥关系。;1;1;2;143371;1.3949822488508834e-05
4281;想吃地三鲜作曲人门槛变低了哥们;1;1;2;143371;1.3949822488508834e-05
4287;ok，所以在哪听完整版;1;1;2;143371;1.3949822488508834e-05
4296;只能说，怪好听的;6;1;7;143371;4.882437870978092e-05
4304;鸢尾揣侠Tangy我天了;1;1;2;143371;1.3949822488508834e-05
4310;这AI再成熟些，很多人都要下岗;1;1;2;143371;1.3949822488508834e-05
4315;云蛙;1;1;2;143371;1.3949822488508834e-05
4321;AI编曲就像是缝合怪一样这样弄以后还有版权一说吗。;1;1;2;143371;1.3949822488508834e-05
4324;yookihhhEric乐乐我失业了;1;0;1;143371;6.974911244254417e-06
4424;我今天不想去赚窝囊费了Lxy;1;0;1;143371;6.974911244254417e-06
4443;鸟叔惊呆了;1;0;1;143371;6.974911244254417e-06
4459;胡一分胡阿买迪天秀啊这玩意;1;0;1;143371;6.974911244254417e-06
4463;有一群人在后台给AI解释人们的需求，AI就能理解跟快速生成;2;0;2;143371;1.3949822488508834e-05
4473;这是什么编曲平台;3;0;3;143371;2.092473373276325e-05
4479;你凭什么认为我是坐在井里面的？工具的好坏取决于人，我们一定去争论这个有意义吗？而且您最后一句话把我形容人坐在井里面，而且就事论事，我只是说这个AI软件，结果你们扯到人工智能，对不起，我只是一个平常人，您扯到的人工智能什么毁灭人类？这个我不知道，把这个帽子扣到我身上，我觉得我很无辜，而且科技这种东西我也没不说他坏，我不知道为什么一定要把这种东西扣在我的头上，我没说过这句话，而且从您的语气里感到一种很霸道的感觉，不认同您的观点就意味着落后，我觉得这种很搞笑的事情，你怎么知道我是坐在井里，你很了解我吗？从一句话里面就很了解我，你真的很人才，你真的很厉害，佩服;1;0;1;143371;6.974911244254417e-06
4484;受过高等教育的人就是厉害，我无话可说，希望你们是真正的个人;2;0;2;143371;1.3949822488508834e-05
4492;雪樱接下来把你每一首喜欢的音乐都remix成Dj版;1;0;1;143371;6.974911244254417e-06
4499;以后全tm失业在家。靠我爷，我爸的退休金养着;1;0;1;143371;6.974911244254417e-06
4501;yyan新的工业革命;1;0;1;143371;6.974911244254417e-06
4520;谁能叭叭这到底是什么软件程序，应该不是网页，求人肉软件;4;0;4;143371;2.7899644977017668e-05
4551;Comet;1;0;1;143371;6.974911244254417e-06
4567;无所吊谓AI会计，我们都要失业了;2;0;2;143371;1.3949822488508834e-05
4593;它要是能创作出一些周杰伦风格的新歌，我给它跪下;3;0;3;143371;2.092473373276325e-05
4599;让ai自己设计自己的物理形态;1;0;1;143371;6.974911244254417e-06
4601;不是，这么好听？Hierophant;1;0;1;143371;6.974911244254417e-06
4611;如果都在用它制作图片，设计那些，会不会做出同样的作品，就是不懂问问。;4;0;4;143371;2.7899644977017668e-05
4643;二三野鹤to将来无计划心动;1;0;1;143371;6.974911244254417e-06
4655;某晨宇要知道可就坏了;1;0;1;143371;6.974911244254417e-06
4660;ApErsoN建议发给大陆但是没有下载键;1;0;1;143371;6.974911244254417e-06
4665;借鉴的成份很高啊;1;0;1;143371;6.974911244254417e-06
4678;这歌是AvaMax的BlingBling想不到你俩浓眉大眼的，瞪俩眼胡说八道;6;0;6;143371;4.18494674655265e-05
4696;高兴啥啊，把几首歌拼在一起了。;2;0;2;143371;1.3949822488508834e-05
4703;艺术才不会被取代啊ai画的都是行画，或偏向游戏插画那种你让他表达你所想的抽象它是一点都不懂的;1;0;1;143371;6.974911244254417e-06
4716;ai缝纫机;2;0;2;143371;1.3949822488508834e-05
4754;wedlikedownloaditimmediately;2;0;2;143371;1.3949822488508834e-05
4757;如来不如去。mygod;1;0;1;143371;6.974911244254417e-06
4760;向往八一生活;1;0;1;143371;6.974911244254417e-06
4774;呀嘞呀嘞;1;0;1;143371;6.974911244254417e-06
4797;ahhhhhhhh道路又来啦;1;0;1;143371;6.974911244254417e-06
4801;。。。。;1;0;1;143371;6.974911244254417e-06
4809;我觉得只是拼揍;1;0;1;143371;6.974911244254417e-06
4815;SSP希希;1;0;1;143371;6.974911244254417e-06
4831;立山而BizzleAsh;1;0;1;143371;6.974911244254417e-06
4855;流浪冷漠和热情一样有意义EaKoLost;1;0;1;143371;6.974911244254417e-06
4860;咕咕咕GG;1;0;1;143371;6.974911244254417e-06
4865;说能取代音乐的都是没怎么用过乐器的人;2;0;2;143371;1.3949822488508834e-05
4868;以前听过呀。;1;0;1;143371;6.974911244254417e-06
4883;留给艺术生的时间不多了，美术陷落，音乐陷落，小说编剧，剧本文学陷落，舞蹈里面的编舞有陷落迹象表演专业和导演专业要撑住。;1;0;1;143371;6.974911244254417e-06
4909;18岁午夜伤感猛女;1;0;1;143371;6.974911244254417e-06
4914;大兔是挪子;1;0;1;143371;6.974911244254417e-06
4917;菠萝吹雪没就业就失业了;1;0;1;143371;6.974911244254417e-06
4924;飘尘;1;0;1;143371;6.974911244254417e-06
4928;Charlie。;1;0;1;143371;6.974911244254417e-06
4930;王晚安i;1;0;1;143371;6.974911244254417e-06
4953;Ronin？;1;0;1;143371;6.974911244254417e-06
4960;小鲨鱼s鸢鸢;2;0;2;143371;1.3949822488508834e-05
4966;想听原曲;1;0;1;143371;6.974911244254417e-06
4978;内锅Teddy刘;1;0;1;143371;6.974911244254417e-06
4998;其实道理就是，AI从网络大数据给你筛选然后整合;1;0;1;143371;6.974911244254417e-06
5006;Diend嗨的雅痞;1;0;1;143371;6.974911244254417e-06
5033;李好吖;1;0;1;143371;6.974911244254417e-06
5037;好听，好想听完整版，比原版的疯狂青蛙更丰富了的感觉;1;0;1;143371;6.974911244254417e-06
5047;AI太强了啊;2;0;2;143371;1.3949822488508834e-05
5054;嘉鑫市长我去;1;0;1;143371;6.974911244254417e-06
5057;我不好说有点像缝合怪，纯抄做曲旋律熟悉的配方熟悉的味道;2;0;2;143371;1.3949822488508834e-05
5077;一条人好好听;1;0;1;143371;6.974911244254417e-06
5081;我靠，好好听小郑必须要瘦;1;0;1;143371;6.974911244254417e-06
5109;Siang歪歪8Tes卷;1;0;1;143371;6.974911244254417e-06
5118;高原最後的真愛粉;1;0;1;143371;6.974911244254417e-06
5121;0;1;0;1;143371;6.974911244254417e-06
5128;Zx6;1;0;1;143371;6.974911244254417e-06
5136;辣味JING子livehouse;1;0;1;143371;6.974911244254417e-06
5138;我没找到这个网站，原作者他们的Tiktok都不信这个，说是他俩创作或者替对方打广告的;1;0;1;143371;6.974911244254417e-06
5142;日日农场啥都有这这这;1;0;1;143371;6.974911244254417e-06
5152;我不懂专业的东西，不过中间听起来和韩国鸟叔的冠军，一模一样;1;0;1;143371;6.974911244254417e-06
5154;拜托啦奈奈;1;0;1;143371;6.974911244254417e-06
5165;贝壳这曲子好熟悉啊;2;0;2;143371;1.3949822488508834e-05
5172;辛子杰;1;0;1;143371;6.974911244254417e-06
5174;再喝杯珍珠奶茶joanjoanww;1;0;1;143371;6.974911244254417e-06
5179;Mouri我喜欢;1;0;1;143371;6.974911244254417e-06
5189;我很确定我听过;1;0;1;143371;6.974911244254417e-06
5201;Vicky卧槽;1;0;1;143371;6.974911244254417e-06
5206;陶陶子吖好像真的不错;1;0;1;143371;6.974911244254417e-06
5209;姚妤佳;1;0;1;143371;6.974911244254417e-06
5216;漠小;1;0;1;143371;6.974911244254417e-06
5244;JACKSONTANG任腾俊;3;0;3;143371;2.092473373276325e-05
5260;小一零;1;0;1;143371;6.974911244254417e-06
5266;痞子肖就是类似这种感觉的;1;0;1;143371;6.974911244254417e-06
5268;对于DJ来说这不是好事;1;0;1;143371;6.974911244254417e-06
5278;这ai智力还有很大上升空间，叫你创作没让你抄;1;0;1;143371;6.974911244254417e-06
5282;神晶病啊越来越好2023糊糊晨Bella;1;0;1;143371;6.974911244254417e-06
5286;下架了，;10;0;10;143371;6.974911244254417e-05
5314;KevinDjKERRY;1;0;1;143371;6.974911244254417e-06
5324;汤姆猫。。一只菠萝阿。;2;0;2;143371;1.3949822488508834e-05
5327;卡姿兰大眼睛;1;0;1;143371;6.974911244254417e-06
5332;做完有氧再睡冋叵句凹凵匹囙回囧冃冰阔落行吗;1;0;1;143371;6.974911244254417e-06
5354;多糯米排骨评论说ai抄袭;1;0;1;143371;6.974911244254417e-06
5382;LvemyselfcowardamariColdpupil;1;0;1;143371;6.974911244254417e-06
5387;电波少女有人说这是DJ福音;1;0;1;143371;6.974911244254417e-06
5389;ai再nb，依然没有版权，无法替代;4;0;4;143371;2.7899644977017668e-05
5411;请叫我张鱼小丸子花生MAX厚礼谢，真的很好听;2;0;2;143371;1.3949822488508834e-05
5414;阿倩;1;0;1;143371;6.974911244254417e-06
5418;不得不说，很牛，在家没事用这个Ai都做了好几部曲子了;2;0;2;143371;1.3949822488508834e-05
5438;椰Yea龟龟;1;0;1;143371;6.974911244254417e-06
5444;amazonalfa;1;0;1;143371;6.974911244254417e-06
5450;原曲是啥;1;0;1;143371;6.974911244254417e-06
5467;火火手机掉了;1;0;1;143371;6.974911244254417e-06
5469;如意是只短腿喵;1;0;1;143371;6.974911244254417e-06
5481;Sun;1;0;1;143371;6.974911244254417e-06
5506;看起来很好吃沧笙踏歌丶Cap新房二手房小王。;2;0;2;143371;1.3949822488508834e-05
5517;Ney卧槽太好听了;1;0;1;143371;6.974911244254417e-06
5526;BvanteY;1;0;1;143371;6.974911244254417e-06
5532;这地儿听着有点熟啊，Ai抄别人的吧;1;0;1;143371;6.974911244254417e-06
5536;印度人忙坏了，又是编曲又是联系歌手录音的;1;0;1;143371;6.974911244254417e-06
5569;有没有可能，疯狂青蛙本身就是一首旋律很棒，风格不错，可塑性很强的曲子;5;0;5;143371;3.487455622127208e-05
5584;WAITFORMEJOSHkaydoubleyou你怎么廉话都说不清楚Taht吸蛤霸王龙（操版）？？;1;0;1;143371;6.974911244254417e-06
5586;0;3;0;3;143371;2.092473373276325e-05
5593;作曲应该还好，我觉得dj应该快完了;3;0;3;143371;2.092473373276325e-05
5601;永远取代不了的机器没有人的感情与细腻;4;0;4;143371;2.7899644977017668e-05
5623;国内这不马上就要有一堆“原创”抖音热曲了吗;1;0;1;143371;6.974911244254417e-06
5630;人和AI最大的差异就是创造力;1;0;1;143371;6.974911244254417e-06
5635;腿子麻鹿愤怒的熊爪Nefelibata;2;0;2;143371;1.3949822488508834e-05
5649;小卢小卢;1;0;1;143371;6.974911244254417e-06
5657;国内有一个像他们这么自由快乐的人吗？？;2;0;2;143371;1.3949822488508834e-05
5697;像那个青蛙，叫啥忘了，就是这个节奏;2;0;2;143371;1.3949822488508834e-05
5703;小蛮的成长日记人类必将灭亡;1;0;1;143371;6.974911244254417e-06
5718;可然;2;0;2;143371;1.3949822488508834e-05
5725;LeZz1205绝了哥们;2;0;2;143371;1.3949822488508834e-05
5730;Snails;1;0;1;143371;6.974911244254417e-06
5732;你这么说的话，普通人也能创作remix歌曲了，那可真是太棒了，想听啥remix，自己找ai，我自己听，又不商用，也不会产生版权问题。太棒了。;1;0;1;143371;6.974911244254417e-06
5736;AI换脸了会揭开手机人脸识别吗;1;0;1;143371;6.974911244254417e-06
5757;动漫女主;1;0;1;143371;6.974911244254417e-06
5759;小智绝了;1;0;1;143371;6.974911244254417e-06
5794;真橙;1;0;1;143371;6.974911244254417e-06
5811;苏氏离康真好听吧;1;0;1;143371;6.974911244254417e-06
5828;FL本初好难啊;3;0;3;143371;2.092473373276325e-05
5848;SOJISUB;1;0;1;143371;6.974911244254417e-06
5865;好像要这首歌;1;0;1;143371;6.974911244254417e-06
5868;0218;1;0;1;143371;6.974911244254417e-06
5871;电子饼干wtm可以退休了这还学鸡毛音乐;1;0;1;143371;6.974911244254417e-06
5881;大葱柠檬茶好听;2;0;2;143371;1.3949822488508834e-05
5886;Y11我靠nb;2;0;2;143371;1.3949822488508834e-05
5892;Jumuk哥们儿定位;1;0;1;143371;6.974911244254417e-06
5894;白大拿从此DJ失去工作;1;0;1;143371;6.974911244254417e-06
5897;暴龙战神鹅斐琉斯我已经想到我的EV路顺放这个有多沸腾了;3;0;3;143371;2.092473373276325e-05
5904;祈伢（罗森甜辣鸡肉卷狗都不吃;1;0;1;143371;6.974911244254417e-06
5915;这个感觉很feelrightnow一摸一样啊虽然这种歌听起来都差不多;1;0;1;143371;6.974911244254417e-06
5930;这个歌给出来嘛;1;0;1;143371;6.974911244254417e-06
5933;山村野模不愁没曲了;1;0;1;143371;6.974911244254417e-06
5941;我老公马上就要没活儿了;1;0;1;143371;6.974911244254417e-06
5950;感觉好好听，还搜不到怎么办;1;0;1;143371;6.974911244254417e-06
5952;茄子花生米这首疯狂我从小听过来的小时候只要天气好就放这个妈妈就搞卫生dvd;1;0;1;143371;6.974911244254417e-06
5956;蹦恰恰的玥玥;1;0;1;143371;6.974911244254417e-06
5967;向晚球;1;0;1;143371;6.974911244254417e-06
5970;Y;1;0;1;143371;6.974911244254417e-06
5973;吾心归顺GD这个好听还真别说;1;0;1;143371;6.974911244254417e-06
5980;lcycominforseabb好牛批;3;0;3;143371;2.092473373276325e-05
5993;甜心是狗;1;0;1;143371;6.974911244254417e-06
5995;浮浮小祈porai编曲;1;0;1;143371;6.974911244254417e-06
5998;Dr大熊猫趴噗呀dj日子也快不好过了;1;0;1;143371;6.974911244254417e-06
6005;柴;1;0;1;143371;6.974911244254417e-06
6020;方枪枪这也太棒了吧;1;0;1;143371;6.974911244254417e-06
6025;完了我感觉我马上要失业了我在用ai写listing了Penny今日晴是你的独角兽呀;4;0;4;143371;2.7899644977017668e-05
6042;熊喵有点儿好听;1;0;1;143371;6.974911244254417e-06
6045;Cedric;1;0;1;143371;6.974911244254417e-06
6054;你的门铃我按爆了浅睡一夏书此谢情人卧槽;1;0;1;143371;6.974911244254417e-06
6060;榴莲大王AI好狠;1;0;1;143371;6.974911244254417e-06
6062;细胞菌通通失业;2;0;2;143371;1.3949822488508834e-05
6070;魯魯拉拉waa;1;0;1;143371;6.974911244254417e-06
6072;不靠脸的音乐Girl（唱歌的小张）;1;0;1;143371;6.974911244254417e-06
6094;宝贝（oceanLem）;1;0;1;143371;6.974911244254417e-06
6122;杨大头;1;0;1;143371;6.974911244254417e-06
6143;鸣啭AI好可怕;1;0;1;143371;6.974911244254417e-06
6154;西伯利亞泰坦巨龙徒手捏爆小行星;1;0;1;143371;6.974911244254417e-06
6160;有多少艾克以重来;1;0;1;143371;6.974911244254417e-06
6168;这首歌旋律，和psy的Daday非常像，几乎一模一样，应该是Daday，不然就是psy的其他歌，但是肯定一样，小伙伴可以去听听;2;0;2;143371;1.3949822488508834e-05
6174;社会你毛队长失业;1;0;1;143371;6.974911244254417e-06
6185;我以为ai不会像国内一些人抄袭，结果人家用了3个小时整合了一下抄袭的肆无忌惮;1;0;1;143371;6.974911244254417e-06
6214;DJPWp总，你快失业了，这种软件你不想知道吗;2;0;2;143371;1.3949822488508834e-05
6224;老铁hold住嗨韵韵，你能找到这个吗;2;0;2;143371;1.3949822488508834e-05
6228;那么我现在需要这个音源;3;0;3;143371;2.092473373276325e-05
6238;安安安安安安RENA凌晨十二点三十六被迫下岗;1;0;1;143371;6.974911244254417e-06
6243;有没有下载链接;1;0;1;143371;6.974911244254417e-06
6245;SPARROW2K有点得劲;1;0;1;143371;6.974911244254417e-06
6256;SecretLookLookB伸伸懒腰;1;0;1;143371;6.974911244254417e-06
6269;我以为科技的发展会让人们免去体力劳动，就现在看来AI代替的好像是脑力劳动，以后人会不会只能从事体力劳动，好怕啊;1;0;1;143371;6.974911244254417e-06
6275;我是那个丶好听想得到;1;0;1;143371;6.974911244254417e-06
6278;Well;1;0;1;143371;6.974911244254417e-06
6302;黑真猪Sere阿夏另一类李云龙救救茶茶MARment（暂时失联）我靠;1;0;1;143371;6.974911244254417e-06
6314;这不就是疯狂青蛙吗;1;0;1;143371;6.974911244254417e-06
6321;奥特战士wow;1;0;1;143371;6.974911244254417e-06
6328;Aferglo;4;0;4;143371;2.7899644977017668e-05
6339;应该立法，任何智械的开发都是重罪绝对不能让机械有思考的能力;1;0;1;143371;6.974911244254417e-06
6351;56真的帅;1;0;1;143371;6.974911244254417e-06
6371;kk;1;0;1;143371;6.974911244254417e-06
6373;RandyGGggg1111炸鸡翅蓝色草莓雪糕饼c衍楷;2;0;2;143371;1.3949822488508834e-05
6385;听起来像个鸟叔的champion;1;0;1;143371;6.974911244254417e-06
6399;Sakya李教授;1;0;1;143371;6.974911244254417e-06
6403;这个旋律就是鸟叔早年的作品champion;1;0;1;143371;6.974911244254417e-06
6405;只有这样人类不用脑了更容易圈养起来毕竟上帝喜欢绵羊不喜欢山羊的;1;0;1;143371;6.974911244254417e-06
6410;无敌凤梨板烧汉堡小王子;2;0;2;143371;1.3949822488508834e-05
6423;李斯特上头;1;0;1;143371;6.974911244254417e-06
6430;现在ai演讲稿也很厉害;1;0;1;143371;6.974911244254417e-06
6441;AAA建材批发马哥YuriJAkagiXinGV和牛孝子黑了个梨Liangbi;2;0;2;143371;1.3949822488508834e-05
6447;卧槽;1;0;1;143371;6.974911244254417e-06
6450;Joyeesama;1;0;1;143371;6.974911244254417e-06
6452;真正的先进生产力;1;0;1;143371;6.974911244254417e-06
6463;AI只会在人类现有知识上快速寻找答案，并不会有新的探索研究和创新，例如仙女星系是否存在生命体它无法知道确切答案，如何实现核聚变完全可控它也不知道;1;0;1;143371;6.974911244254417e-06
6474;说实话的确改编的很适合KTV;1;0;1;143371;6.974911244254417e-06
6476;阿源;1;0;1;143371;6.974911244254417e-06
6480;众所周知AIArtificialindian;1;0;1;143371;6.974911244254417e-06
6493;这节奏好像在那听过;1;0;1;143371;6.974911244254417e-06
6497;Jadentowa，我看着看着发现自己哭了;1;0;1;143371;6.974911244254417e-06
6508;梅油酥汁这太屌了;1;0;1;143371;6.974911244254417e-06
6525;Pupa就是说啥呢瑟瑟武士我草;1;0;1;143371;6.974911244254417e-06
6529;昨天试了试一个绘图的很震撼;5;0;5;143371;3.487455622127208e-05
6537;我其实在想，如果这种通过编程出生的AI可以自己编程，会不会更变态？;3;0;3;143371;2.092473373276325e-05
6545;什么？我一直听的是AI做的？;1;0;1;143371;6.974911244254417e-06
6557;Highcan王紫刚刚刷完你说ai会不会取代我们下一个就刷到这个了，太离谱了;1;0;1;143371;6.974911244254417e-06
6583;MaDenMzc;1;0;1;143371;6.974911244254417e-06
6597;国外AI竟然会国内的空头拍;2;0;2;143371;1.3949822488508834e-05
6600;鸟叔的冠军;2;0;2;143371;1.3949822488508834e-05
6637;内向猫咪冲浪;1;0;1;143371;6.974911244254417e-06
6640;你的小孙同学楞次定律卧槽牛逼;1;0;1;143371;6.974911244254417e-06
6652;卧槽;2;0;2;143371;1.3949822488508834e-05
6655;Minsou;1;0;1;143371;6.974911244254417e-06
6657;这不是psy的冠军吗;4;0;4;143371;2.7899644977017668e-05
6665;远山尼子Sakura8z5y想听这个蹦迪;1;0;1;143371;6.974911244254417e-06
6671;gond;1;0;1;143371;6.974911244254417e-06
6673;Volcano好困L方草草草猪mia6;1;0;1;143371;6.974911244254417e-06
6681;祝你好运啦Conqueror来年陌生的我去当音乐人了兄弟们;1;0;1;143371;6.974911244254417e-06
6687;类似于把几种颜色的颜料乱泼，或者几种食材混合在一起乱煮;2;0;2;143371;1.3949822488508834e-05
6690;artificialIndians;1;0;1;143371;6.974911244254417e-06
6692;無悲卷卷太牛了这ai;1;0;1;143371;6.974911244254417e-06
6700;油管有这首，1分半的;6;0;6;143371;4.18494674655265e-05
6707;怎么吃都胖严宇;1;0;1;143371;6.974911244254417e-06
6712;野塔小波澜;1;0;1;143371;6.974911244254417e-06
6726;晚风卧槽ai都能做音乐了;1;0;1;143371;6.974911244254417e-06
6730;凉漱;4;0;4;143371;2.7899644977017668e-05
6735;大概率是他俩自己做的前两天刚上了一个非常火的ai编曲网站做的东西一言难尽;1;0;1;143371;6.974911244254417e-06
6742;grox;1;0;1;143371;6.974911244254417e-06
6772;开心大肥肉好家伙;1;0;1;143371;6.974911244254417e-06
6784;09的梦这个音乐可燃了;1;0;1;143371;6.974911244254417e-06
6795;KarlBia;1;0;1;143371;6.974911244254417e-06
6807;这不算抄袭吗？;2;0;2;143371;1.3949822488508834e-05
6818;麦田里的稻草人我草这是真好听;3;0;3;143371;2.092473373276325e-05
6822;dj版;1;0;1;143371;6.974911244254417e-06
6825;要是我想要一艘航母的数据，它可以打出来吗;1;0;1;143371;6.974911244254417e-06
6836;这是算抄袭吧曲调;1;0;1;143371;6.974911244254417e-06
6844;SafetyDogoff我他妈刚开业就要退休了;2;0;2;143371;1.3949822488508834e-05
6863;遇见彩虹吃定彩虹TiAN;1;0;1;143371;6.974911244254417e-06
6865;逸空格延乔繁华就离谱了;1;0;1;143371;6.974911244254417e-06
6867;鸟叔的champion;1;0;1;143371;6.974911244254417e-06
6874;这个旋律听过不是ai原创吧XG;3;0;3;143371;2.092473373276325e-05
6882;这是韩国鸟叔好几年前发布的歌。根本不是新歌。;2;0;2;143371;1.3949822488508834e-05
6887;每晚1900直播即兴扒原版伴奏;1;3;4;143371;2.7899644977017668e-05
6889;周杰伦说过，写歌无法用电脑替代;10;17;27;143371;0.00018832260359486925
6900;嗯，还就好，编曲人暂时还不会失业;7;28;35;143371;0.0002441218935489046
6908;还有36个月，编曲全部失业;9;4;13;143371;9.067384617530743e-05
6918;Mubert也可以，生成的音乐也很好听;2;3;5;143371;3.487455622127208e-05
6921;还要人做什么;3;2;5;143371;3.487455622127208e-05
6925;这个怎么AI作曲下载啊;2;2;4;143371;2.7899644977017668e-05
6928;AI是辅助人类把工作做的更轻松更好，并不是要取代人类;2;3;5;143371;3.487455622127208e-05
6931;人工智能永远无法创作出富有诗意和抒情的音乐，这个还需要人工创作。;2;3;5;143371;3.487455622127208e-05
6934;在创作方面，ai暂时没法取代人;1;3;4;143371;2.7899644977017668e-05
6936;怎么用啊;1;2;3;143371;2.092473373276325e-05
6938;哼出的歌能给它编个和弦不;1;2;3;143371;2.092473373276325e-05
6940;支持吴老师;1;2;3;143371;2.092473373276325e-05
6942;高端的作品还需要人工。;1;2;3;143371;2.092473373276325e-05
6970;牛;1;2;3;143371;2.092473373276325e-05
6981;可以教怎么用Chatgpt，吗;4;2;6;143371;4.18494674655265e-05
6986;ai永远只能做人类已经有的东西无法做到创新这是无法跟人类比的;1;2;3;143371;2.092473373276325e-05
6990;人都写不出韵，更何况电脑;1;1;2;143371;1.3949822488508834e-05
7004;音乐是需要情感烘托的没有情感的东西都是没有意义的音乐;7;3;10;143371;6.974911244254417e-05
7012;一个账号3首，10个账号就能下30首了呗;1;4;5;143371;3.487455622127208e-05
7014;我之前说数字音乐完全可以取代传统乐器，一直有人就跟我犟，跟我说钩弦手法哎好难;1;2;3;143371;2.092473373276325e-05
7029;算了吧，没意思，音乐有感情;2;2;4;143371;2.7899644977017668e-05
7041;Ronin;3;0;3;143371;2.092473373276325e-05
7046;我还在考虑要不要学FLstudio现在就来AI了;1;0;1;143371;6.974911244254417e-06
7050;这里有耳尖的人不？视频的音乐里能不能听出来抄袭的地方;1;14;15;143371;0.00010462366866381626
7052;专业的人士不会用，只适合起步的小白白;7;36;43;143371;0.0002999211835029399
7060;音乐这东西永远都不会被机器语言所替代，能留下来的，都是经典，;7;5;12;143371;8.3698934931053e-05
7068;哥们你为啥没耳朵;1;0;1;143371;6.974911244254417e-06
7088;HPEIRTAZ;2;0;2;143371;1.3949822488508834e-05
7094;邪你发明的吧;1;0;1;143371;6.974911244254417e-06
7099;mixtape二流子嗷哈哈哈哈哈你巴坏叉申申公主17号星期二龟速小子Harry姚Tracksontrack完蛋了;1;1;2;143371;1.3949822488508834e-05
7112;electron;1;1;2;143371;1.3949822488508834e-05
7115;Yvngart1st;1;1;2;143371;1.3949822488508834e-05
7129;哪个好用一点;2;3;5;143371;3.487455622127208e-05
7134;二是什么？？没写出来;1;0;1;143371;6.974911244254417e-06
7144;K;1;0;1;143371;6.974911244254417e-06
7146;坠入18楼de彤彤;1;1;2;143371;1.3949822488508834e-05
7149;哪个入手快一点;6;2;8;143371;5.5799289954035336e-05
7166;博主，国内这些网站都能用吗？;2;1;3;143371;2.092473373276325e-05
7173;这视频是调侃一下人文，情怀这些东西总有人会买单。相比于AI，离我们更近的危险是：行业的末位淘汰和正在越来越不稳定的世界。不管是钟表还是音乐，这些与人类生存基本需求无关的行业，都十分脆弱。;2;13;15;143371;0.00010462366866381626
7176;顶级奢侈品手表没有消失，但是小品牌和街边修手表的小店都没了。;5;39;44;143371;0.0003068960947471943
7182;AI没办法应付甲方无休止的改动;7;6;13;143371;9.067384617530743e-05
7191;娃娃做的再真，你也想要个女朋友;3;23;26;143371;0.00018134769235061485
7195;那新手编曲入行被廉价ai代替呢;5;3;8;143371;5.5799289954035336e-05
7203;录音机，照相机消亡了;5;2;7;143371;4.882437870978092e-05
7209;AI只会做裁缝音乐;1;4;5;143371;3.487455622127208e-05
7211;所以专业的人才可以分得出你做的音乐是不是ai怕最后人都分不清到底是人做的还是ai做的;2;1;3;143371;2.092473373276325e-05
7216;没毛病有道理;1;1;2;143371;1.3949822488508834e-05
7229;工业级会被代替，甲方需求会大量减少;1;0;1;143371;6.974911244254417e-06
7240;你这个例子不恰当，手表现在的功能不是看时间，是一种装饰品;1;0;1;143371;6.974911244254417e-06
7245;ai只是根据前人的作品写歌。但是现在音乐尤其是电子乐追求的是创造性和识别性。当音乐人拥有大量可具识别性的音乐，是可以通过ai作曲的，被替代的人是ghostproducer而不是artist。这对于听众来讲是好事，音乐人必须突破并创造。另外很多简单且繁琐的事情交给Ai岂不更好。;1;0;1;143371;6.974911244254417e-06
7261;很多二三四六七八九流作曲者要被刷掉;2;0;2;143371;1.3949822488508834e-05
7265;你会不会买机械手表;1;0;1;143371;6.974911244254417e-06
7269;他抢了底层音乐人的饭碗和上升空间会让更多的下游音乐人失业还有一句话ai如果写词能写过我我就不玩音乐了但现在只要我想写我不信ai能写过我;1;0;1;143371;6.974911244254417e-06
7280;Ai如果可以模仿任何作曲家去做音乐，那才是作曲家终结之日;1;0;1;143371;6.974911244254417e-06
7283;什么时候能出AI人工智能伴侣，还是可以换衣服和发型的那种;1;0;1;143371;6.974911244254417e-06
7286;胡总，你有双下巴;1;0;1;143371;6.974911244254417e-06
7294;就希望赶紧出ai混音取代混音是必然的;2;0;2;143371;1.3949822488508834e-05
7298;米多的爸爸;2;0;2;143371;1.3949822488508834e-05
7304;不要偷换概念;3;0;3;143371;2.092473373276325e-05
7324;你说是顶级留下来了，顶级有几个，那剩下的大部分不是顶级的呢？还不是没了，，玩音乐的按你的逻辑也不是一样吗，留下了顶级，其他的全死光。;1;1;2;143371;1.3949822488508834e-05
7350;ai生成版权归谁的？;4;7;11;143371;7.672402368679858e-05
7355;主旋律杂乱无章太次了;2;5;7;143371;4.882437870978092e-05
7363;并不觉得好听;3;8;11;143371;7.672402368679858e-05
7367;男歌姬没有？搞来搞去就这一个声音一个调调，太差;2;2;4;143371;2.7899644977017668e-05
7372;什么软件;1;0;1;143371;6.974911244254417e-06
7378;说不出来，感觉在哪听过，但我肯定不是抄袭啊这种，就是很没有抓耳的旋律，没有有记忆点的旋律，如果它是一个人，那他就是大众脸;5;876;881;143371;0.006144896806188141
7384;不是故意要杠，但我真的有一种莫名的熟悉感;3;476;479;143371;0.003340982485997866
7390;大家一起来失业;1;173;174;143371;0.0012136345565002685
7392;我估计以后人类的工作只有体力活了，因为一切关于电脑的事情他都行;10;31;41;143371;0.00028597136101443107
7403;怎么办呢，感觉自己越来越没用了;4;37;41;143371;0.00028597136101443107
7408;AI还能只要把文字输进去就能变成视频呢;2;21;23;143371;0.0001604229586178516
7421;顾雍正烦死了;2;0;2;143371;1.3949822488508834e-05
7430;燕子嘎嘎搞什么搞什么？;1;0;1;143371;6.974911244254417e-06
7436;冬奕雨;1;0;1;143371;6.974911244254417e-06
7449;落花飞絮Nodolog我推就是一切我活着已经对这个世界没有任何意义了;1;0;1;143371;6.974911244254417e-06
7453;还没吃饱Joannejia不尤冬野，老了;2;0;2;143371;1.3949822488508834e-05
7457;俩c18岁端庄继母;2;0;2;143371;1.3949822488508834e-05
7462;式守同学;1;0;1;143371;6.974911244254417e-06
7474;吓到我，以为你举起手机骂人了;1;16;17;143371;0.00011857349115232509
7476;只是苹果，其他手机不能吗;2;4;6;143371;4.18494674655265e-05
7479;操作比较简单，但是要专业点的还得是库乐队;1;7;8;143371;5.5799289954035336e-05
7481;有没有作曲的，;3;1;4;143371;2.7899644977017668e-05
7485;屏保;1;5;6;143371;4.18494674655265e-05
7487;0;1;2;3;143371;2.092473373276325e-05
7491;感觉多少有点压缩呢;1;1;2;143371;1.3949822488508834e-05
7518;成品的音乐抖音可以用吗？;1;0;1;143371;6.974911244254417e-06
7523;安卓手机也能用海绵乐队？;1;0;1;143371;6.974911244254417e-06
7534;这里是小蝶呀卧槽;1;0;1;143371;6.974911244254417e-06
7544;大神叫什么名字你又不说你在搞什么？;1;0;1;143371;6.974911244254417e-06
7549;叫网易天音？;2;3;5;143371;3.487455622127208e-05
7552;成功了，我也有自己的音乐了;1;18;19;143371;0.00013252331364083393
7554;软件叫什么名字？;4;4;8;143371;5.5799289954035336e-05
7559;手机也可以提取音乐伴奏吗老师;4;1;5;143371;3.487455622127208e-05
7564;有没有编好词自动导入某支曲，自动出来唱的软件呀;3;1;4;143371;2.7899644977017668e-05
7568;收费的吧;1;1;2;143371;1.3949822488508834e-05
7591;Paddi绵羊七号yqqbb八嘎图;1;0;1;143371;6.974911244254417e-06
7593;咸鱼翻身粘锅了012：菜菜;1;2;3;143371;2.092473373276325e-05
7596;网址发给我;3;1;4;143371;2.7899644977017668e-05
7604;哥你慢点《循迹》还没学会呢;43;5573;5616;143371;0.0391711015477328
7648;只有循迹才能封神;26;2208;2234;143371;0.015581951719664366
7675;所以这是什么软件？;1;0;1;143371;6.974911244254417e-06
7677;他急了他急了他给自己的歌配图了;10;1381;1391;143371;0.009702101540757894
7688;第一首是完全围绕着茉莉花，而第二首还是注入了感情，有思念和有爱人，所以AI终究是AI，属于中国人的浪漫，是刻在骨子里的，即使是AI也学不来;106;4384;4490;143371;0.03131735148670233
7795;第二个听着歌词像A写的;1;1;2;143371;1.3949822488508834e-05
7797;但是明显第一首更容易火，因为旋律更容易传唱吧，所以AI是懂市场的，结合了市面上大家的喜爱度更高的歌曲进行创作;24;1831;1855;143371;0.012938460358091944
7822;我猜第一首是ai，因为它没有动画背景;23;2067;2090;143371;0.01457756450049173
7846;十佳歌手初赛就唱的是《循迹》不知道能不能进决赛;10;1001;1011;143371;0.007051635267941216
7857;我猜第二首是真人因为第一首作者一直在叨逼叨，第二首让好好听;14;251;265;143371;0.0018483514797274204
7872;第2个是本人，答对了有奖吗？;14;2531;2545;143371;0.01775114911662749
7887;第二首一定是阿健写的。我找到伏笔和言外之意了“我要送给你最好的礼物啊”与歌词结尾“我要送给你最长久的安宁与爱情”呼应了，所以这篇歌词是写给爱人的家书;13;2292;2305;143371;0.01607717041800643
7901;敲啊，我觉得第一首好好听挺上口的，第二首高潮出来我直接鸡皮疙瘩啊，啊啊啊;5;733;738;143371;0.00514748449825976
7907;怎么办第二首不会真是机器吧可我喜欢第二首怎么办;5;1103;1108;143371;0.007728201658633894
7913;这是你憋了半个月的视频吗;5;371;376;143371;0.0026225666278396607
7919;第一个大概率是ai，第二个是阿健写的，ai写的听着差点东西;5;1059;1064;143371;0.0074213055638867
7925;刚听第一句就觉得是ai，毕竟全程语调太平滑，太顺了，人工唱不出来这种地步;6;48;54;143371;0.0003766452071897385
7932;2人写的，绝对，二好听;1;1;2;143371;1.3949822488508834e-05
7954;第一首的歌词我尴尬到浑身起鸡皮疙瘩，是我最恨的矫揉造作歌词白发戴花;1;1;2;143371;1.3949822488508834e-05
8004;所以哪首是AI做的？;2;1;3;143371;2.092473373276325e-05
8008;这是什么软件（每天一问）;11;12;23;143371;0.0001604229586178516
8032;第一首ai，第一首是主题是青春，第二首爱情的思念，中国人骨子里的东西永远不会变，虽然已经有了白衣少年，但是“洁白又香人人夸”这句明显是ai搞出来的，中国几千年的文化传承，情感是很多时候是含蓄表达出来的，人的话不会这么直白如果是人写的这么直白表达方式有点low;2;15;17;143371;0.00011857349115232509
8038;无语，都听完了没答案，再见最恨这样的视频，拉黑;4;8;12;143371;8.3698934931053e-05
8068;子夜AI好厉害;1;1;2;143371;1.3949822488508834e-05
8077;哈拉绍我觉得你第二个是真人你呢？;1;0;1;143371;6.974911244254417e-06
8085;ai写的第一首，乍一听容易火啊，但是第二首好有画面，第一首就是感觉太生硬没灵魂。;2;8;10;143371;6.974911244254417e-05
8092;第一个是ai的，第二个好听;1;1;2;143371;1.3949822488508834e-05
8096;现在的ai都这么强了吗。。。那我们怎么办;1;3;4;143371;2.7899644977017668e-05
8106;我认为第二首像是ai创作的，不过第二首确实挺好听的;1;7;8;143371;5.5799289954035336e-05
8109;分不出来，但喜欢第二首想去拉萨的壹貳叁;1;0;1;143371;6.974911244254417e-06
8112;ndjdywbxkcif11513記住小林Hoo琢油蒙了昕靠真的分不出来;1;2;3;143371;2.092473373276325e-05
8114;感觉是第二个，但这也太真了吧;1;0;1;143371;6.974911244254417e-06
8116;天花板精灵卧槽现在都这么猛了吗;1;0;1;143371;6.974911244254417e-06
8119;这个是不是代表我会唱歌的话，也可以当歌手了，毕竟词曲都交给AI我只需要负责唱就行了呗;6;15;21;143371;0.00014647313612934276
8144;哪个真人;2;2;4;143371;2.7899644977017668e-05
8148;清音色和你好像;1;0;1;143371;6.974911244254417e-06
8159;第一首是阿健写的不接受反驳;4;5;9;143371;6.277420119828975e-05
8167;第二首茉莉是喻人，第一首就只是在写花，ai只能作出判断写关于茉莉花的词，但是达不到喻人的效果，但是感觉训练训练再多喂喂也可以;1;7;8;143371;5.5799289954035336e-05
8190;那第二首不是写思念了嘛。那你让ai直接用茉莉花指代思念，这才是比较，你这个说第二个比第一个好属于偷换概念了，以作曲的程度和完成度来讲，第一首比二首要好听，第一首最后一直唱茉莉花，是因为你没让他去指代;1;8;9;143371;6.277420119828975e-05
8193;第2个才是AI。因为比第1个写的好。;2;0;2;143371;1.3949822488508834e-05
8205;老哥我超，牛批啊;1;0;1;143371;6.974911244254417e-06
8212;还是人写的好听;2;0;2;143371;1.3949822488508834e-05
8253;我竟然喜欢第一首;1;3;4;143371;2.7899644977017668e-05
8255;就没有一个人说是什么软件可以自动生成编曲吗;5;3;8;143371;5.5799289954035336e-05
8261;锦洛我已经分不出来了，第一首后面像ai，第二首前面像ai;1;0;1;143371;6.974911244254417e-06
8280;颜7an哪个是真人;4;0;4;143371;2.7899644977017668e-05
8308;我找到谜底了。ai是没有感情的。所以第一首是ai，第二首是阿健的。我更喜欢第二首，像在讲述一个和茉莉有关的回忆，娓娓道来。;1;4;5;143371;3.487455622127208e-05
8335;blingLL我靠这个有点牛了你觉得是哪个;1;0;1;143371;6.974911244254417e-06
8360;熬夜的熊猫就是这个，你猜哪个是真人写的;1;0;1;143371;6.974911244254417e-06
8363;第一个好。二是人工。明显的人工痕迹;1;7;8;143371;5.5799289954035336e-05
8366;开始是AI;1;0;1;143371;6.974911244254417e-06
8369;所以你们听到的网络歌曲，不一定是真人原创。你们看到的网络文案，不一定是真人写的。你们看到的短视频，不一定是真人录制剪辑的。;2;12;14;143371;9.764875741956184e-05
8375;怎么说呢，第一首技艺精湛，第二首感情丰富，相比较而言我觉得第一首好听。;1;12;13;143371;9.067384617530743e-05
8378;第二首是真人写的吧，明显歌词更丰富那个作者的提示就怕被漏选;2;7;9;143371;6.277420119828975e-05
8387;第一首的风格（不含歌词）好像后弦啊;2;7;9;143371;6.277420119828975e-05
8390;所以。。ai还是没感情;6;5;11;143371;7.672402368679858e-05
8401;第一首ai，第二首真人，不对我直播自宫;1;34;35;143371;0.0002441218935489046
8404;这个视频说明一个问题，那就是AI目前还比较不懂人情世故;1;18;19;143371;0.00013252331364083393
8407;第二首明显是真人写的，歌词里的情感表达细腻流畅，讲述的是一个完整的对爱人的思念的故事。第一首歌的歌词一开始说了一个少年追梦的路上有困难有美景，但复歌部分却与少年的梦想没有任何联系，也是现在有些歌手只在旋律上下功夫歌词通篇词不达意一样的毛病。所以第二首是博主亲自创作没跑了;3;14;17;143371;0.00011857349115232509
8411;电脑后的印度人累坏了;2;7;9;143371;6.277420119828975e-05
8415;我喜欢第二首，好听爱听;3;8;11;143371;7.672402368679858e-05
8421;国产gtp是哪个软件;2;2;4;143371;2.7899644977017668e-05
8424;华语乐坛有救了？;6;45;51;143371;0.00035572047345697525
8431;第一首连茉莉的茶都出来了很明显不符合逻辑是ai;2;5;7;143371;4.882437870978092e-05
8434;第二首明显没有第一首有诗意。;2;22;24;143371;0.000167397869862106
8437;第一首好听，所以第一首是AI;1;27;28;143371;0.00019529751483912368
8439;我感觉ai超越你了，第二首虽然你写的词可能比较有感情，哈哈哈但是大数据推出来的曲，而且你的词说实话跟有点口水，太白话了情爱这类嗯满市场都是;1;7;8;143371;5.5799289954035336e-05
8442;第二首感觉ai痕迹挺重的，曲式不太像现在人写的二段式三段式通俗音乐，歌词意境有点东拼西凑的感觉。很符合人工智障的特性;1;10;11;143371;7.672402368679858e-05
8444;感觉第二首是AI做的;5;10;15;143371;0.00010462366866381626
8450;以后会不会替代人类统治地球啊;1;5;6;143371;4.18494674655265e-05
8452;第一首好听第二首什么玩意;3;12;15;143371;0.00010462366866381626
8456;第一首听感很平淡，第二首前奏出来就开始起鸡皮疙瘩了，情感很细腻，所以AI终究只是AI;1;8;9;143371;6.277420119828975e-05
8458;你自己写的，唱的情感会代入主观能动性，所以第二首我听出了情感，第二首是你写的，第一首机器写的，这对ai不公平啊;1;13;14;143371;9.764875741956184e-05
8460;那把周杰伦的歌导进去，ai会生成新歌吗？;16;45;61;143371;0.00042546958589951943
8477;可是我真的更爱第一首耶我觉得副歌特别好听;2;8;10;143371;6.974911244254417e-05
8480;这个国产音乐gpt到底是啥软件啊;9;15;24;143371;0.000167397869862106
8492;都报听，一股网络神曲味，人工智能确实可以替代写手，但不能替代高质量的创作;1;36;37;143371;0.0002580717160374134
8495;我不说我喜欢哪首，但是我猜曲目一是ai写的;4;6;10;143371;6.974911244254417e-05
8507;第二首肯定是作者写的什么时候上线真的好好听;2;12;14;143371;9.764875741956184e-05
8511;第二首，因为第一首只是单纯得在描写茉莉花，而第二首融入了感情，并没有大篇幅地描写茉莉花，你截取后面一段，很少提到茉莉花了，单纯只听那一段不可能听出来写的是茉莉花，而机器人只会围着主题写歌;1;41;42;143371;0.0002929462722586855
8513;虽然但是，第一首也好好听，第二首也好好听，两首能都出歌吗第一首能改改词再丰富一下吗;2;6;8;143371;5.5799289954035336e-05
8516;我觉得第一首是ai，歌名只是在茉莉花的基础上加字，在我看来是一种很笨的方式，当然这也是很简洁明了的，其次这首歌中多次出现茉莉花为歌词，强调了主题，相较与第二首更符合ai的一个写作特点，直击主题，而人会以更婉转巧妙的方法去描述主题，以上是我的判断，个人看法，勿喷;2;11;13;143371;9.067384617530743e-05
8519;我感觉应该是第二首，就感觉比较现代直接一点;1;6;7;143371;4.882437870978092e-05
8522;意义是啥歌曲应该是感情的承载呵呵软件写歌;3;10;13;143371;9.067384617530743e-05
8526;第一首ai写的，ai的歌词肯定是围绕茉莉花来写了，茉莉花为中心，展开描写，叙述茉莉花的美丽，而第二，以茉莉花为引子，进行展开，爱情，梦想等等，所以说，第一首是表层，第二首是深层，有此更能分辨出来。;1;39;40;143371;0.00027899644977017667
8528;第二个应该是阿健做的，因为AI虽然能做出好听的音乐，可AI做的歌没有画面感，真正的好歌应该是那种一听就可以想到那种画，可AI只会模仿别人，并不会在歌中融入感情听起来虽然好听，但没有画面感，所以听起来会比真人做的差点东西，没有人做的好听。;1;15;16;143371;0.00011159857990807067
8530;第一首比较朗朗上口，第二首就比较有故事感啦，“最好的礼物”是结尾的“安宁和爱情”吗阿健的歌都比较有感情，第二个应该是阿健的原创吧，第一首ai真的写不出人的感情;1;122;123;143371;0.0008579140830432933
8532;不是，哥你慢点我《循迹》刚学会;3;318;321;143371;0.0022389465094056677
8537;第二首是真人写的，情感比第一个强烈感觉第一个有点死板曲意很宏观，第二个很有情意，开头说送你最好的礼物是为后面给你长久的安宁和爱情做伏笔，是这样吗害怕尴尬;1;10;11;143371;7.672402368679858e-05
8540;第二首歌情感更丰富细腻，综合运用了对写法、虚写等手法，有伏笔照应，很细节;3;94;97;143371;0.0006765663906926785
8547;我觉得第一个ai，第二个阿健写的;3;7;10;143371;6.974911244254417e-05
8551;我说为啥他唱歌我那么喜欢原来这小子嗓音有点像我嵩哥;1;10;11;143371;7.672402368679858e-05
8555;我听了那么多遍，个人觉得应该是第二首很像up主的文笔。不过我总感觉这两首好像都是up主写的。只不过为了两首一块发，找了个理由而已。;2;118;120;143371;0.00083698934931053
8562;第二首的歌词更有温度，充满希望，有娓娓道来的感觉。第一首歌的感觉和之前的歌结构框架很像，那些元素都有，反倒是像汲取了之前的创作数据。;2;224;226;143371;0.0015763299412014983
8566;第二是机器写的;22;89;111;143371;0.0007742151481122402
8589;好听，我见青山多妩媚料青山见我应如是;1;114;115;143371;0.0008021147930892579
8591;扶梢;2;1;3;143371;2.092473373276325e-05
8600;一个刘已然;1;0;1;143371;6.974911244254417e-06
8602;空溪;1;0;1;143371;6.974911244254417e-06
8612;绅士;1;0;1;143371;6.974911244254417e-06
8616;W舒畅;1;1;2;143371;1.3949822488508834e-05
8619;葡萄树上风景线;1;0;1;143371;6.974911244254417e-06
8621;维维YoungVivi（做专辑版）;1;0;1;143371;6.974911244254417e-06
8637;用什么软件写歌啊;10;1;11;143371;7.672402368679858e-05
8659;阿陳不吃橙子沈兰舟种星星的树ai要取代所有工作了;1;1;2;143371;1.3949822488508834e-05
8684;第一首没有主谓宾，你我他，感情明显弱一点，ai无疑拉;1;1;2;143371;1.3949822488508834e-05
8700;就止于好感吗。？;1;1;2;143371;1.3949822488508834e-05
8712;木易为春苏琤都好好听哦;2;1;3;143371;2.092473373276325e-05
8717;无名不熬夜版;1;1;2;143371;1.3949822488508834e-05
8755;第二首简直太棒了;1;1;2;143371;1.3949822488508834e-05
8765;七七酷的可耐好好听呀;1;1;2;143371;1.3949822488508834e-05
8769;酸橙子V;1;1;2;143371;1.3949822488508834e-05
8781;RichZKKRingall4u好听;1;1;2;143371;1.3949822488508834e-05
8811;ai是不是只能作曲？;1;1;2;143371;1.3949822488508834e-05
8815;外行听众前来班门弄斧，感觉第一首歌词就像说明文的表达方式，用词直白比较均衡，旋律风格就像央视晚会的口水歌，虽然没有感情但没什么不对劲，也好听气氛烘托热闹；第二首情感细腻，对无聊的情爱描述更接近人的思维，而且知道用经典茉莉花调调铺垫，这样让大部分人听着会增添些好感，感觉哪里有点不完美的感觉，像人的产物，整体不像第一个那么均衡;1;1;2;143371;1.3949822488508834e-05
8827;ouox第二个好听;2;1;3;143371;2.092473373276325e-05
8841;莫名觉得第一首好听也;1;1;2;143371;1.3949822488508834e-05
8854;后弦;2;1;3;143371;2.092473373276325e-05
8872;Carson我觉得蛮好听的;1;1;2;143371;1.3949822488508834e-05
8883;甄厉害速来;2;1;3;143371;2.092473373276325e-05
8906;第一首更好听;1;1;2;143371;1.3949822488508834e-05
8927;想知道是哪个国产gpt;1;1;2;143371;1.3949822488508834e-05
8940;未名市的设计师小姐这个好听诶;1;1;2;143371;1.3949822488508834e-05
8946;号码已关机哇根本分不清谁是ai;1;1;2;143371;1.3949822488508834e-05
8963;第一首属于是流行音乐，传唱度高，简单易学。第二首更有感情;1;1;2;143371;1.3949822488508834e-05
8969;吃定彩虹;2;1;3;143371;2.092473373276325e-05
8987;啊聿;1;1;2;143371;1.3949822488508834e-05
8990;都很好听，像连续剧，再来个第三集就完美了;1;1;2;143371;1.3949822488508834e-05
9001;李嘉图M路荔枝爱吃西瓜不要小乔我Cik;1;1;2;143371;1.3949822488508834e-05
9024;净玥笙很疲惫Kangyu;2;1;3;143371;2.092473373276325e-05
9033;驹小道之前跟你说过的就是他;1;1;2;143371;1.3949822488508834e-05
9044;乖宝睡好听;2;1;3;143371;2.092473373276325e-05
9048;文痕好听;1;1;2;143371;1.3949822488508834e-05
9051;把手机调成静音都能认出来，第一首肯定是AI了，第二首有吉他，和声，古筝肯定是人写的;1;1;2;143371;1.3949822488508834e-05
9056;都好好听啊我能不能都选;1;1;2;143371;1.3949822488508834e-05
9058;203006000md太有感情了;4;1;5;143371;3.487455622127208e-05
9064;酥鸢;1;1;2;143371;1.3949822488508834e-05
9078;子琅第2首吧;1;1;2;143371;1.3949822488508834e-05
9085;愿;1;1;2;143371;1.3949822488508834e-05
9093;寻泰迪崽崽青禾木香香贩铺小丸要发芽白雪公主后妈来听来听;1;1;2;143371;1.3949822488508834e-05
9099;fx;1;1;2;143371;1.3949822488508834e-05
9111;我是图图小淘气荞麦粉我滴妈;2;1;3;143371;2.092473373276325e-05
9114;仙女;1;1;2;143371;1.3949822488508834e-05
9117;Cy終是遺憾Dina源味茄子亚白鶴;1;1;2;143371;1.3949822488508834e-05
9137;今朝暮云长猫打碎了杯子;1;1;2;143371;1.3949822488508834e-05
9169;我靠我靠我靠魔道亼叾五个恋爱脑的老婆;2;1;3;143371;2.092473373276325e-05
9173;第二首有寓意哦内句封存好寄给我的茉莉花;1;1;2;143371;1.3949822488508834e-05
9180;写茉莉花不能只写茉莉花;2;1;3;143371;2.092473373276325e-05
9198;en第二首好好听我赌他唱的;1;1;2;143371;1.3949822488508834e-05
9200;doki;1;1;2;143371;1.3949822488508834e-05
9208;第二首吧，真的好好听;1;1;2;143371;1.3949822488508834e-05
9217;希望第二首是AI写的，我怕这首歌里的茉莉花早已枯萎，只留下枯枝相伴一生；我唏嘘守得云开见月明时的那片真诚；我羡慕他人的双向奔赴总是可以皆大欢喜；但我最怕的是，这束茉莉花对你的所作所为视若无睹;1;1;2;143371;1.3949822488508834e-05
9220;第二首是啊健写的，原因如下1第一首意思容易理解，平铺直叙，感觉没什么前后呼应，诸如伏笔之类的。而且它更像有一种娓娓道来的感觉。且比喻、拟人较多，是不是可以理解为想以假乱真。且第一首应该只是单单赞颂茉莉花，而第二首，醉翁之意不在酒。2关于第二首，有一种留白、含蓄之美，我听出了很多潜在的感情。且有借代等修辞手法，有很多呼应在其中。综上：我认为第二首是啊健写的，ai纵能华美文笔，也不如人们璞美文字下的所思所想。啊健写的词，是有一种古典含蓄在其中的感觉;2;1;3;143371;2.092473373276325e-05
9224;与你赴江南又一秋惠再创新高;1;1;2;143371;1.3949822488508834e-05
9237;我猜第二个因为第二个配了动画;2;1;3;143371;2.092473373276325e-05
9243;第一首是阿健写的吧，歌词感觉更有深度和意境，而且开头少年寻光和结尾青春不负都是在讲少年追梦呼应上了，第二首歌词感觉太浅显了，只是单纯的在唱爱情。;2;1;3;143371;2.092473373276325e-05
9246;这不一下志为说得过去;2;1;3;143371;2.092473373276325e-05
9255;喜欢第一首主歌歌词但旋律和副歌我选第二首所以总结我选第二首;1;1;2;143371;1.3949822488508834e-05
9292;桑西柚葵葵iee;1;0;1;143371;6.974911244254417e-06
9319;超级无敌霹雳帅到飞起黑暗魔法霸王龙;1;0;1;143371;6.974911244254417e-06
9336;去月球罚站鲁梦特别娇娅娅threeL章鱼哥。;1;0;1;143371;6.974911244254417e-06
9345;板栗米酥;1;0;1;143371;6.974911244254417e-06
9347;如影随行;1;0;1;143371;6.974911244254417e-06
9351;无敌狂哈;1;0;1;143371;6.974911244254417e-06
9357;丁达尔战士;6;0;6;143371;4.18494674655265e-05
9367;欢只想刷抖音陆景和夫人小耳朵在东边;1;0;1;143371;6.974911244254417e-06
9433;w;1;0;1;143371;6.974911244254417e-06
9441;安东的达令;1;0;1;143371;6.974911244254417e-06
9463;边盆骨咕收手吧阿杉天哪;2;0;2;143371;1.3949822488508834e-05
9486;又要人要失业ai都可以写歌了;1;0;1;143371;6.974911244254417e-06
9583;箴好牛;1;0;1;143371;6.974911244254417e-06
9598;小王非常开心BANANA沐慕这个牛;1;0;1;143371;6.974911244254417e-06
9618;春春的小丑与影作伴谷雨Moluoxi此人有毒一脸一只乃浮躁哥;3;0;3;143371;2.092473373276325e-05
9628;人;1;0;1;143371;6.974911244254417e-06
9630;多云转晴我高考作文要是能用chatGPT就好了;1;0;1;143371;6.974911244254417e-06
9644;着迷婕ai真的很强了你敢信这是电脑自己创作的歌;1;0;1;143371;6.974911244254417e-06
9651;张蕴之来听听。我感觉第二首是人写的，一开始听1挺好的，但是听完2再听1就感觉1有点俗，2的歌词情感就挺饱满的;1;0;1;143371;6.974911244254417e-06
9660;季一昂试试看？;1;0;1;143371;6.974911244254417e-06
9671;。。cc;1;0;1;143371;6.974911244254417e-06
9678;遥海;1;0;1;143371;6.974911244254417e-06
9683;露从今夜白都好好听;8;0;8;143371;5.5799289954035336e-05
9693;才不是钊这个好厉害;1;0;1;143371;6.974911244254417e-06
9701;泠白毕生最讨厌茉莉花;1;0;1;143371;6.974911244254417e-06
9712;我觉得第一首旋律好啊，不过第二首加了那么多影像，就当第二首好那么一丢丢;1;0;1;143371;6.974911244254417e-06
9721;都在说歌词，编曲呢？也是AI？;1;0;1;143371;6.974911244254417e-06
9731;锵茉莉;1;0;1;143371;6.974911244254417e-06
9734;荒芜这首歌旋律有没有很熟悉;1;0;1;143371;6.974911244254417e-06
9748;浅紫真的很好听;2;0;2;143371;1.3949822488508834e-05
9769;一开始写词写曲的那个软件叫什么？有懂得不翻了那么多评论没一个人懂;1;0;1;143371;6.974911244254417e-06
9772;ai赢了;1;0;1;143371;6.974911244254417e-06
9775;关键词;2;0;2;143371;1.3949822488508834e-05
9796;第一首太幼稚了没有感情;1;0;1;143371;6.974911244254417e-06
9818;巴关河硬汉好强好强;1;0;1;143371;6.974911244254417e-06
9823;提笔书城;1;0;1;143371;6.974911244254417e-06
9833;第二首是AI写的吧，歌词感觉是拼凑的;1;0;1;143371;6.974911244254417e-06
9839;喜欢第二首虽然都很好听，但个人更喜欢第二首;1;0;1;143371;6.974911244254417e-06
9845;第二首好听但是偏题了吧？强套题目而已;1;0;1;143371;6.974911244254417e-06
9856;爱啾啾离谱;1;0;1;143371;6.974911244254417e-06
9860;第一首无敌，总不能是人机吧;1;0;1;143371;6.974911244254417e-06
9862;喜欢第一首;2;0;2;143371;1.3949822488508834e-05
9883;冬眠;1;0;1;143371;6.974911244254417e-06
9891;八嘎酱听得出哪首是ai吗DOU来嗨;1;0;1;143371;6.974911244254417e-06
9906;Qz我猜第二首;5;0;5;143371;3.487455622127208e-05
9955;悔姚温玉想摸小提耳朵LauraGeng我去这个好好听;3;0;3;143371;2.092473373276325e-05
9970;你说句实话险胜;1;0;1;143371;6.974911244254417e-06
9974;噗雷噗雷Ai真的好可怕;6;0;6;143371;4.18494674655265e-05
9988;自我感觉第一首有那种我对你的爱是繁花锦簇的感觉，第二首是那种细水长流静静的爱的感觉，我感觉第一首是人写的;1;0;1;143371;6.974911244254417e-06
9992;无名“保安”快来猜好难呀;1;0;1;143371;6.974911244254417e-06
10016;我也觉着是第二个;1;0;1;143371;6.974911244254417e-06
10024;我以为第一首已经很好听了但是第二首iridium我是你大哥袋袋呀滷蛋莫痛风;1;0;1;143371;6.974911244254417e-06
10034;胖头鱼;2;0;2;143371;1.3949822488508834e-05
10046;工程师停止研发GPT，但是有大量用户使用，万一GPT自我进化呢;1;0;1;143371;6.974911244254417e-06
10087;怎么都说第二首是作者写的第一首做的词从文采上确是比第二首好;2;0;2;143371;1.3949822488508834e-05
10093;糖糖许的什么愿;1;0;1;143371;6.974911244254417e-06
10102;柚子很凉好厉害AI;2;0;2;143371;1.3949822488508834e-05
10157;熬夜小能手于七;2;0;2;143371;1.3949822488508834e-05
10175;第二个是人;1;0;1;143371;6.974911244254417e-06
10178;照九州现在知道GPT多牛了吗;1;0;1;143371;6.974911244254417e-06
10199;榎与漪;1;0;1;143371;6.974911244254417e-06
10238;第一首是人写的吧？;3;0;3;143371;2.092473373276325e-05
10252;小猪沉塘;1;0;1;143371;6.974911244254417e-06
10269;白桃晶沢你分得出吗;1;0;1;143371;6.974911244254417e-06
10272;第二首是ai，听到了很多歌的影子;1;0;1;143371;6.974911244254417e-06
10278;周周哇强得离谱;2;0;2;143371;1.3949822488508834e-05
10302;张张同学;2;0;2;143371;1.3949822488508834e-05
10305;觉得第一首怪怪的，第二首还行，应该是作者写的;1;0;1;143371;6.974911244254417e-06
10328;这写的什么狗屁就跟现在流行那些古风一样烂。;1;0;1;143371;6.974911244254417e-06
10331;十三载月光丶;1;0;1;143371;6.974911244254417e-06
10337;木兮AI都会写歌了;1;0;1;143371;6.974911244254417e-06
10367;我觉得第二个第一个太多了而且会有中国人唱茉莉花儿么？北京人都不这么唱;1;0;1;143371;6.974911244254417e-06
10373;广羽祯木肯定第二首是人写的但是第一首ai也是真的6;1;0;1;143371;6.974911244254417e-06
10442;你的晴鹅;1;0;1;143371;6.974911244254417e-06
10457;为啥觉得ai的第一首更强，第二首的旋律非常水;1;0;1;143371;6.974911244254417e-06
10474;xierr我也失业了;1;0;1;143371;6.974911244254417e-06
10511;艺君咱直接买个AI当创作歌手吧亲;1;0;1;143371;6.974911244254417e-06
10525;X;1;0;1;143371;6.974911244254417e-06
10551;福生无量天尊佑吾鸿运当头紫气东来;1;0;1;143371;6.974911244254417e-06
10556;第一首好好听;1;0;1;143371;6.974911244254417e-06
10596;Karasa;1;0;1;143371;6.974911244254417e-06
10616;大麦;2;0;2;143371;1.3949822488508834e-05
10623;阿冉别熬夜啦这个很牛每个视频都很牛;3;0;3;143371;2.092473373276325e-05
10628;拉风大聪明好牛但我听出来了ai缺的是情感;1;0;1;143371;6.974911244254417e-06
10637;在第二首第三句和第四句我猜出来啦，Ai和人的语言表达方式不一样棉花糖;1;0;1;143371;6.974911244254417e-06
10645;第二首才是AI的;1;0;1;143371;6.974911244254417e-06
10681;第一首是AI吧;1;0;1;143371;6.974911244254417e-06
10683;AI是第二首，开头的茉莉花旋律在ai系统里肯定是强权重关键性，没跑了。而且第二首语义语法通俗标准，符合chatgpt的语言生成逻辑。;1;0;1;143371;6.974911244254417e-06
10687;我没怎么听词，但是第一首最大的问题我觉得是很多细节的伴奏之间连接的很生硬不够连贯和圆润，和第二首可谓是天壤之别。而最让我笃定第一首是ai写的原因是，第二首旋律上的前后呼应，让人起了一身鸡皮疙瘩。;1;0;1;143371;6.974911244254417e-06
10692;第一首ai，第二首有口水声;2;0;2;143371;1.3949822488508834e-05
10711;O;1;0;1;143371;6.974911244254417e-06
10734;光明哥;1;0;1;143371;6.974911244254417e-06
10737;emo你瞧。我猜他会说第一首人写的。但第二首比第一首好听得多。我特别讨厌炫技加无脑歌词你不知道我对“白衣少年”多反感;1;0;1;143371;6.974911244254417e-06
10783;一整个夏天的年少周杰伦要失业了;1;0;1;143371;6.974911244254417e-06
10790;忘川犽哇;1;0;1;143371;6.974911244254417e-06
10801;予思ai好强我也觉得第二首真人第二首歌词间表达的情感丰富多了;1;0;1;143371;6.974911244254417e-06
10886;第二首是博主的，第一首歌词比较厉害;3;0;3;143371;2.092473373276325e-05
10904;不管AI怎么进化，感觉还是技术化的东西，没有意境，缺少灵魂。灵魂是人独有的，任何技术模仿不了的。;7;0;7;143371;4.882437870978092e-05
10926;齊司禮的狗;6;0;6;143371;4.18494674655265e-05
10935;栀玖;1;0;1;143371;6.974911244254417e-06
10945;第二首，开头借用茉莉花的前调就猜出来了;1;0;1;143371;6.974911244254417e-06
10954;yo2xxx流泪汪汪头用户6130430923617;1;0;1;143371;6.974911244254417e-06
10978;拽哥马粪的小剪子最恨AI了;6;0;6;143371;4.18494674655265e-05
10987;虾扯蛋包饭;1;0;1;143371;6.974911244254417e-06
10995;Tsuki那个是真的;2;0;2;143371;1.3949822488508834e-05
11002;阿姑不古好听;1;0;1;143371;6.974911244254417e-06
11005;一桶浆糊这个作者好厉害;1;0;1;143371;6.974911244254417e-06
11016;甘甘甘雨看这个;1;0;1;143371;6.974911244254417e-06
11028;子枫;1;0;1;143371;6.974911244254417e-06
11031;第一首是本人写的;1;0;1;143371;6.974911244254417e-06
11033;忧郁高冷泠少匿名人士;1;0;1;143371;6.974911244254417e-06
11041;雀实;1;0;1;143371;6.974911244254417e-06
11048;小五咕丷;1;0;1;143371;6.974911244254417e-06
11051;蜀黍酱;1;0;1;143371;6.974911244254417e-06
11102;第一个博主一直在反复拉扯，第二个明显寄存了感情。主要是第一首茉莉花循迹喜欢那几首歌的底调，而且全歌确实也是围绕着命名的茉莉花展开的。你小子，不会两首都是你写的吧。第一首歌也有东西啊;1;0;1;143371;6.974911244254417e-06
11130;IMOES恬yezizzz不喝过期鱼汤;1;0;1;143371;6.974911244254417e-06
11141;jies;2;0;2;143371;1.3949822488508834e-05
11153;第一首的时候感觉就很棒但是第二首的某一句有种让我想潸然泪下的东西;1;0;1;143371;6.974911244254417e-06
11163;torri霍咱就是说倒也不必学写歌了学个算法工程师算了;1;0;1;143371;6.974911244254417e-06
11172;不爱洗澡;1;0;1;143371;6.974911244254417e-06
11195;第二首真人;1;0;1;143371;6.974911244254417e-06
11218;第二首王老师写的吧？;1;0;1;143371;6.974911244254417e-06
11242;你也来猜一猜，我选第一首是真人创作的幸福的土豆;1;0;1;143371;6.974911244254417e-06
11251;这是什么软件;1;0;1;143371;6.974911244254417e-06
11274;唱的不咋样歌都挺好;1;0;1;143371;6.974911244254417e-06
11279;1是哥哥创的吧;1;0;1;143371;6.974911244254417e-06
11293;6s以后都不用写歌了;2;0;2;143371;1.3949822488508834e-05
11311;NAna第一首真的很好听，但是总感觉感情上很单调，没有那个味道，所以应该是ai第二首有注入很多感情的感觉，越听越好听都能把自己代入了。感觉第二首是人写的;1;0;1;143371;6.974911244254417e-06
11324;有没有一种可能，当所有人都觉得第一首是ai写的时候，发现其实第二首才是ai写。;2;0;2;143371;1.3949822488508834e-05
11333;郭潇远;1;0;1;143371;6.974911244254417e-06
11335;绵绵的老母亲我也想写;1;0;1;143371;6.974911244254417e-06
11362;她愤怒时很美哦豁;1;0;1;143371;6.974911244254417e-06
11371;uma听歌;1;0;1;143371;6.974911244254417e-06
11378;GPT什么时候开始会说谎的时候就麻烦了。;2;0;2;143371;1.3949822488508834e-05
11408;栗子在看腹肌啊（？？版）今天学习了吗？第二首真好听啊;3;0;3;143371;2.092473373276325e-05
11413;第二首;1;0;1;143371;6.974911244254417e-06
11435;飘逸的怪兽;1;0;1;143371;6.974911244254417e-06
11494;真诚发问为什么每次茉莉花后面一定是儿化音？听着很奇怪（不喜勿喷）;1;0;1;143371;6.974911244254417e-06
11500;littlehehe好厉害;1;0;1;143371;6.974911244254417e-06
11513;哪位大神告诉我这是个什么软件;3;0;3;143371;2.092473373276325e-05
11522;ifi太强了;3;0;3;143371;2.092473373276325e-05
11542;第一首ai;1;0;1;143371;6.974911244254417e-06
11561;所以是啥软件不可以说一下吗？;1;0;1;143371;6.974911244254417e-06
11565;第二好听;1;0;1;143371;6.974911244254417e-06
11590;哈哈哈你阿耶你猜哪首;1;0;1;143371;6.974911244254417e-06
11595;里的浩八喝一碗豆浆淮南横竖撇捺;3;0;3;143371;2.092473373276325e-05
11618;第二首;1;0;1;143371;6.974911244254417e-06
11628;鱼壳儿;1;0;1;143371;6.974911244254417e-06
11648;一只小绵羊;1;0;1;143371;6.974911244254417e-06
11657;好像第1首是人写的，第2首是AI写的。;1;0;1;143371;6.974911244254417e-06
11661;卧槽;1;0;1;143371;6.974911244254417e-06
11681;嘎嘣悉尼第一难过山有扶苏;2;0;2;143371;1.3949822488508834e-05
11696;第一首好听。。;2;0;2;143371;1.3949822488508834e-05
11701;第二首是AI感觉歌词有拼凑的嫌疑。;1;0;1;143371;6.974911244254417e-06
11708;豆糕儿八重神子其中味笑月;1;0;1;143371;6.974911244254417e-06
11716;北城（不上165斤不改名）;1;0;1;143371;6.974911244254417e-06
11723;第二首ai，转音等技巧的东西少;1;0;1;143371;6.974911244254417e-06
11743;第二个AI吧，段落衔接有点不自然;1;0;1;143371;6.974911244254417e-06
11758;梓菜包饭好屌啊;1;0;1;143371;6.974911244254417e-06
11798;第二首是AI;1;0;1;143371;6.974911244254417e-06
11809;41第二个是真人，因为人在写不出来的时候更喜欢抄现成的;1;0;1;143371;6.974911244254417e-06
11818;横州市融媒体中心横州茉莉花网咱特招这首歌;1;0;1;143371;6.974911244254417e-06
11849;第一首，全篇都是在讲茉莉花，然后是茉莉花的茶，情感好像就是少年追梦，但是没有听到伏笔。;4;0;4;143371;2.7899644977017668e-05
11889;第二首应该是本人写的吧第一首听起来太水了;1;0;1;143371;6.974911244254417e-06
11909;小熙;1;0;1;143371;6.974911244254417e-06
11940;玛卡巴卡涂好好听;1;0;1;143371;6.974911244254417e-06
11968;抚平深海里的梦;1;0;1;143371;6.974911244254417e-06
11985;南屏;1;0;1;143371;6.974911244254417e-06
11987;洛城;1;0;1;143371;6.974911244254417e-06
12008;像风一样;1;0;1;143371;6.974911244254417e-06
12032;一还是那个一AI太强了;1;0;1;143371;6.974911244254417e-06
12039;宁温循迹你学会了吗;1;0;1;143371;6.974911244254417e-06
12101;最怂的崽儿越来越离谱失业了失业了;2;0;2;143371;1.3949822488508834e-05
12107;SEOS717苟头EachXxPv76不，这里是佬福KONOLXlingXMJ112叉优恩Xmissileai做曲，是我不配了;4;0;4;143371;2.7899644977017668e-05
12118;无牙chatgpt甚至能写歌;2;0;2;143371;1.3949822488508834e-05
12136;白月牙猜猜;1;0;1;143371;6.974911244254417e-06
12147;冲浪小王;1;0;1;143371;6.974911244254417e-06
12179;很明显第二首是你创作的吧，第一首茉莉花那个假声个人感觉还是有点机器的那种僵硬。;2;0;2;143371;1.3949822488508834e-05
12187;喜欢;1;0;1;143371;6.974911244254417e-06
12197;1983谦军万马卟暗我要研究研究了;1;0;1;143371;6.974911244254417e-06
12245;第二首更好;1;0;1;143371;6.974911244254417e-06
12247;sea碎碎念真好听;1;0;1;143371;6.974911244254417e-06
12266;太好听了，是我喜欢的类型，激动的我热泪盈眶;1;0;1;143371;6.974911244254417e-06
12292;我也要自己写歌;1;0;1;143371;6.974911244254417e-06
12312;阿姆斯特朗回旋加速喷气式阿姆斯特朗炮;3;0;3;143371;2.092473373276325e-05
12321;Z动O物O园Zh;1;0;1;143371;6.974911244254417e-06
12337;木崽睡不够牛逼;1;0;1;143371;6.974911244254417e-06
12340;曲蔚然;1;0;1;143371;6.974911244254417e-06
12347;啊巴啊吧;1;0;1;143371;6.974911244254417e-06
12354;哎这厉害啊;3;0;3;143371;2.092473373276325e-05
12359;武祺芳;2;0;2;143371;1.3949822488508834e-05
12365;我天，还有AI写歌沈望山;1;0;1;143371;6.974911244254417e-06
12372;又叹肚子咕噜噜偷偷钓鱼者;1;0;1;143371;6.974911244254417e-06
12385;我要把所有的思念写下，用笔画成画。;1;0;1;143371;6.974911244254417e-06
12392;Aiyzcy就是他作曲家;1;0;1;143371;6.974911244254417e-06
12398;不吃辣第二个好听;1;0;1;143371;6.974911244254417e-06
12401;只谈风月别看评论猜猜第几首是ai写的;1;0;1;143371;6.974911244254417e-06
12407;欤妳;2;0;2;143371;1.3949822488508834e-05
12416;白茶KTIDIMF我靠有点强;3;0;3;143371;2.092473373276325e-05
12423;猫头椰椰;1;0;1;143371;6.974911244254417e-06
12430;632推荐给你慧，好好听;1;0;1;143371;6.974911244254417e-06
12436;第一个有点像红日和七龙珠gt的片头曲;1;0;1;143371;6.974911244254417e-06
12439;顾墨飞;1;0;1;143371;6.974911244254417e-06
12448;搞笑女汐妍（私封）好听;1;0;1;143371;6.974911244254417e-06
12452;难得起名字来猜;1;0;1;143371;6.974911244254417e-06
12464;卧槽，我刚开始以为第二首AI写的，因为前面几句逻辑不太对，后面才听懂是把女主比作茉莉花这下彻底不知道到底哪首是AI写的了;1;0;1;143371;6.974911244254417e-06
12466;洲他写的肯定是第二首，啊啊啊好好听;1;0;1;143371;6.974911244254417e-06
12504;Fish牛逼;1;0;1;143371;6.974911244254417e-06
12511;青涩而特别;1;0;1;143371;6.974911244254417e-06
12519;天天吃糖魈宝（汤圆）猫巷不是巷林夕;1;0;1;143371;6.974911244254417e-06
12534;2023更幸运猜猜;3;0;3;143371;2.092473373276325e-05
12543;暗中讨饭TaFcc哦姬多娜小轩啦卷卷饭团灰。咕咕咕被告虽然作者写的曲目二更好听，但是AI已经强到这种地步了吗，甚至可以创造歌曲了;1;0;1;143371;6.974911244254417e-06
12545;第二首唱出了多少异地恋的心声啊;2;0;2;143371;1.3949822488508834e-05
12553;莲灯溯星河;1;0;1;143371;6.974911244254417e-06
12556;ZzL还年轻的王大姐古力娜遥rAI牛逼了，感觉很快也能通过数据找到规律，给创作放入故事情感;2;0;2;143371;1.3949822488508834e-05
12566;第二首开头的一句你又想我了吧，明显不是ai可以写出来的;1;0;1;143371;6.974911244254417e-06
12569;xuiiii;1;0;1;143371;6.974911244254417e-06
12588;虽然是以茉莉花为题，但是ai只知道茉莉花，情感太浅显了，除了梦想奔赴没别的了，人却懂得茉莉花之外的情感和意向，是思念，是爱恋，是期待重逢，是我们美好的过往。;1;0;1;143371;6.974911244254417e-06
12596;文州;1;0;1;143371;6.974911244254417e-06
12599;你叫啥还好还好，AI还是没人好听;1;0;1;143371;6.974911244254417e-06
12612;胡桃OvO卧槽好听;1;0;1;143371;6.974911244254417e-06
12634;好想吃汉堡;2;0;2;143371;1.3949822488508834e-05
12654;布丁;1;0;1;143371;6.974911244254417e-06
12670;是小橘呀;1;0;1;143371;6.974911244254417e-06
12675;光之星玛卡巴卡雨好厉害啊;1;0;1;143371;6.974911244254417e-06
12678;星星泡澡yummy;2;0;2;143371;1.3949822488508834e-05
12689;。。？真的不要让我笑了帅晕小美我的错GDN博士爱吃小刻老实巴交的IKUN东海帝皇裤子有三斤;1;0;1;143371;6.974911244254417e-06
12693;恙恋繁星;1;0;1;143371;6.974911244254417e-06
12705;有礼貌的小卷羊;1;0;1;143371;6.974911244254417e-06
12713;07退休小学生;1;0;1;143371;6.974911244254417e-06
12722;璟川里予多好听;1;0;1;143371;6.974911244254417e-06
12730;鮭？什么鬼;1;0;1;143371;6.974911244254417e-06
12734;小陈要努力啊;1;0;1;143371;6.974911244254417e-06
12753;秋时念橙荆蚊我猜第二首是他写的好的;1;0;1;143371;6.974911244254417e-06
12763;澪七你有亊吗哎亚哎芽;1;0;1;143371;6.974911244254417e-06
12765;清梦晚临燕两首都好听但我喜欢第二首;1;0;1;143371;6.974911244254417e-06
12767;第二首虽然第一首也挺好听;1;0;1;143371;6.974911244254417e-06
12773;无敌漩涡桃子听，我也觉得第二首好听;1;0;1;143371;6.974911244254417e-06
12781;放个耳朵在抖音小火柴卖女孩蕉下鹿（突然版）;3;0;3;143371;2.092473373276325e-05
12799;即刻放晴;1;0;1;143371;6.974911244254417e-06
12804;啵啵aiXXXJ只只爱死了，你们听第二首，好舒服啊第一首只是口水歌;1;0;1;143371;6.974911244254417e-06
12826;hoowe;1;0;1;143371;6.974911244254417e-06
12840;Suki梨我喜欢第二个诶;1;0;1;143371;6.974911244254417e-06
12845;沈月半儿看出来了，博主是恋爱脑满脑子都是情爱还记得我们的口号嘛？我爱钱，钱爱我，钱从四面八方来努力工作赚钱钱;1;0;1;143371;6.974911244254417e-06
12852;好喜欢;1;0;1;143371;6.974911244254417e-06
12865;一丶;1;0;1;143371;6.974911244254417e-06
12884;第二首才是AI写的。。。。。。;1;0;1;143371;6.974911244254417e-06
12893;语塞可EfilCCandy南珉KkkkkkeKTKawhiY泽野第二首好好听;1;0;1;143371;6.974911244254417e-06
12895;缘惜十一号OMG;1;0;1;143371;6.974911244254417e-06
12903;悦绝不动心哇;1;0;1;143371;6.974911244254417e-06
12906;第一首人写的第二首ai好喜欢第一首哦茉莉花儿呀茉莉花儿;2;0;2;143371;1.3949822488508834e-05
12921;看看这个人有多牛逼一百件心事;1;0;1;143371;6.974911244254417e-06
12932;罗gei;1;0;1;143371;6.974911244254417e-06
12957;梦动力他怎么出歌这么快;1;0;1;143371;6.974911244254417e-06
12965;酒酿圆子;1;0;1;143371;6.974911244254417e-06
12974;2020的春天;1;0;1;143371;6.974911244254417e-06
12979;小桃。;1;0;1;143371;6.974911244254417e-06
12982;sine语文阅读应验了;1;0;1;143371;6.974911244254417e-06
13009;00;1;0;1;143371;6.974911244254417e-06
13033;好吊;1;0;1;143371;6.974911244254417e-06
13051;阿yu;1;0;1;143371;6.974911244254417e-06
13053;俞歆第二首好绝;1;0;1;143371;6.974911244254417e-06
13064;伯纳乌的坏小孩;1;0;1;143371;6.974911244254417e-06
13072;IL可依;1;0;1;143371;6.974911244254417e-06
13078;鹿晗晗晗晗晗;1;0;1;143371;6.974911244254417e-06
13080;chhhwoc好好听，第二首学着给我听;1;0;1;143371;6.974911244254417e-06
13118;未定girl唯爱夏彦第五boy唯爱祭祭国王;2;0;2;143371;1.3949822488508834e-05
13129;Ruth好听;1;0;1;143371;6.974911244254417e-06
13134;pniy还得是王子健;1;0;1;143371;6.974911244254417e-06
13159;北执ronin只能说牛逼;1;0;1;143371;6.974911244254417e-06
13211;第二首我好喜欢不知道为啥就是听着很真诚机器是没有感情的;1;0;1;143371;6.974911244254417e-06
13214;第一首是本人，没有为什么就是直觉;1;0;1;143371;6.974911244254417e-06
13218;不知道改什么名字很不错，姐超爱;1;0;1;143371;6.974911244254417e-06
13233;1是本人的吧;1;0;1;143371;6.974911244254417e-06
13235;是用的文心一言吗;3;0;3;143371;2.092473373276325e-05
13244;第二首，绝对;1;0;1;143371;6.974911244254417e-06
13281;情歌那首是你写的;1;0;1;143371;6.974911244254417e-06
13286;过期罐头我觉得第二首是ai;1;0;1;143371;6.974911244254417e-06
13293;tomato;1;0;1;143371;6.974911244254417e-06
13345;这词儿像特别苦的时候的许巍的词儿;3;1;4;143371;2.7899644977017668e-05
13349;老师这个Ai歌手是啥软件呀;4;0;4;143371;2.7899644977017668e-05
13354;都抢拍了;2;0;2;143371;1.3949822488508834e-05
13359;很好奇一样的问题，不同的人问会给出不同的答案吗？;2;0;2;143371;1.3949822488508834e-05
13364;高产啊;1;0;1;143371;6.974911244254417e-06
13366;乐曲大部分是人造的，但也很厉害了;1;0;1;143371;6.974911244254417e-06
13369;这款ai能生产弦乐吗？效果怎么样？;1;0;1;143371;6.974911244254417e-06
13380;给我;1;0;1;143371;6.974911244254417e-06
13382;牛;1;1;2;143371;1.3949822488508834e-05
13398;你们觉得呢？人工智能会让音乐人丢饭碗吗？;20;32;52;143371;0.0003626953847012297
13419;有没有ai音乐人也没什么饭碗啊;9;77;86;143371;0.0005998423670058799
13429;歌手每个字头和不同音区的共鸣差别，ai是做不了的。这段音频不算很真。只能是一个ai发展的展现;2;40;42;143371;0.0002929462722586855
13432;儿童音乐培训虽然处于鄙视链底端，但是他是唯一不受AI影响的音乐行业。;3;11;14;143371;9.764875741956184e-05
13436;说的好高校的ai演唱只是在证明国家科技实力的进步，最根本的还是人类文明的进步也说明了我们的音乐艺术也会不断进步的，人的智慧和情感，ai无法取代。;1;14;15;143371;0.00010462366866381626
13438;这是什么写歌软件？有点好奇哦;5;3;8;143371;5.5799289954035336e-05
13444;ai会不会在将来能够共情呢;4;4;8;143371;5.5799289954035336e-05
13449;这比我最近已经修好过的录结婚用的歌的客户们好听太多了;2;6;8;143371;5.5799289954035336e-05
13452;没影响，因为本来也没饭吃;3;2;5;143371;3.487455622127208e-05
13456;这样一看演员好像可以被取代了;1;6;7;143371;4.882437870978092e-05
13458;赞同好比一个职业歌手每次唱同一首歌理论上是不可能唱出一模一样的效果的甚至有时候会有一点小瑕疵但这才是音乐的真实情感传递和交流;3;1;4;143371;2.7899644977017668e-05
13462;老师。气口是什么;1;3;4;143371;2.7899644977017668e-05
13464;兵哥ai是什么意思;2;1;3;143371;2.092473373276325e-05
13467;音乐人有饭碗吗;1;2;3;143371;2.092473373276325e-05
13469;梁博的男孩，只是重新编曲了而已，就现有的软音源和ai软件做歌完全，唯一得特点就是这个机器人是个新鲜玩意儿，以后估计有成堆的一种设备，个人见解;1;2;3;143371;2.092473373276325e-05
13490;彬哥要红，不信你看，已经从鼻头开始了;1;0;1;143371;6.974911244254417e-06
13492;我觉得有点悲观。。当围棋被彻底打败的时候这个方向已经被掰过去了;2;0;2;143371;1.3949822488508834e-05
13507;一个非常理性的感性音乐人;1;1;2;143371;1.3949822488508834e-05
13514;彬哥最近是不是出门旅游了;1;0;1;143371;6.974911244254417e-06
13575;0;1;0;1;143371;6.974911244254417e-06
13577;人工智能连把洗衣机里的衣服拿出来挂好都很难吧;1;1;2;143371;1.3949822488508834e-05
13580;许栩栩呀TFTNYCORSAKabcdefg樱花珊瑚CoralCHJ音乐人的饭碗保不住了;1;2;3;143371;2.092473373276325e-05
13584;音乐是情感的抒发，只听曲中意，不做曲中人;1;0;1;143371;6.974911244254417e-06
13586;斌哥说的好;1;0;1;143371;6.974911244254417e-06
13591;老师，您这每次都穿两件衣;1;1;2;143371;1.3949822488508834e-05
13593;现场live的感觉不是AI能比的了的;1;0;1;143371;6.974911244254417e-06
13595;张奕淳;1;0;1;143371;6.974911244254417e-06
13599;那终点会不会是人工智能通过图灵测试，“新”的人类诞生了，我们和他们一样共情;1;1;2;143371;1.3949822488508834e-05
13606;0;1;0;1;143371;6.974911244254417e-06
13612;60;1;0;1;143371;6.974911244254417e-06
13614;AI小芝智能写歌词软件;2;2;4;143371;2.7899644977017668e-05
13618;美学是不会被替代的。技术可以被替代。;3;1;4;143371;2.7899644977017668e-05
13622;资本家比较喜欢人工智能这玩意，真正的懂艺术有文化的人不喜欢它;3;0;3;143371;2.092473373276325e-05
13626;没有灵魂的东西毫无意义;1;2;3;143371;2.092473373276325e-05
13628;太赞了比以往的视频好;1;2;3;143371;2.092473373276325e-05
13630;怎么可能Ai就当玩玩而已;1;1;2;143371;1.3949822488508834e-05
13632;就怕音乐人利用人工智能写歌挂自己名字;1;1;2;143371;1.3949822488508834e-05
13634;我们要的是情感音乐机器的只能辅助;1;1;2;143371;1.3949822488508834e-05
13636;到转音的时候还是不自然，机器终归是机器;1;1;2;143371;1.3949822488508834e-05
13681;彬哥这两天上火了，鼻子上长了个痘;1;0;1;143371;6.974911244254417e-06
13683;彬哥威武就佩服你这种坚持所以你成功了;1;0;1;143371;6.974911244254417e-06
13685;讲真的做音乐的大部分人忘了初衷，大众商业化口水，没办法，生活压力造就了这些;1;0;1;143371;6.974911244254417e-06
13699;流水线可能生产出好的产品，但是永远创造不出来温度，除非她有自我意识，喜怒哀乐，但是如果这样他还是人工智能呢？狗会说话他就不是狗了;2;1;3;143371;2.092473373276325e-05
13702;那如果我用人工智能说这些歌是我写的，是我唱的呢？你听了会不会有共情？;2;1;3;143371;2.092473373276325e-05
13705;人工也会发展到有感情的;1;1;2;143371;1.3949822488508834e-05
13718;哈哈，创造的灵魂，她永远没有;1;0;1;143371;6.974911244254417e-06
13721;还好她只是虚拟出来的要是她变成实体的话那才恐怖;1;0;1;143371;6.974911244254417e-06
13723;无论ai到什么地步，要做创新还是得人脑，这也只能是辅助，不过还是会打败很多人，还是得更努力，不仅人抢人的活，现在电脑也要抢人的活;38;71;109;143371;0.0007602653256237314
13762;我以前还写过几首古体诗直到一个ai小程序可以随意输入几个首字就生成一首诗我就认输了;16;39;55;143371;0.0003836201184339929
13779;我只想要一款能把我哼的歌曲的谱子自动给我写出来的软件，我实在是不想写谱子;22;13;35;143371;0.0002441218935489046
13802;这个要是上市了，明星就不值钱了，全民都可赚钱了方便了老师，对不;9;29;38;143371;0.00026504662728166786
13812;学这么久手动挡了，突然告诉我出自动挡了;2;25;27;143371;0.00018832260359486925
13815;俺们音乐人要失业了？;7;11;18;143371;0.0001255484023965795
13823;我的歌说过，音符就那么几个，难免旋律会重合。;3;12;15;143371;0.00010462366866381626
13827;看完你这个视频，我感觉我要失业了，看着我的编曲文件流下了眼泪;3;12;15;143371;0.00010462366866381626
13831;还没入行，就要失业了;3;13;16;143371;0.00011159857990807067
13835;我是编曲的不可能的，曲风，每句话的故事，用各种乐器配合，其次很多，需要自己调的，;5;6;11;143371;7.672402368679858e-05
13841;这样一看就知道到底谁才是fake;4;6;10;143371;6.974911244254417e-05
13846;求内测资格，想试玩一下;7;1;8;143371;5.5799289954035336e-05
13854;怎么可以获取呢？俺想要;3;4;7;143371;4.882437870978092e-05
13858;可悲。;2;6;8;143371;5.5799289954035336e-05
13861;音乐睁不了钱。。。。。;5;1;6;143371;4.18494674655265e-05
13867;我感觉这可能是野路子超越科班的一条路径;1;2;3;143371;2.092473373276325e-05
13869;好像现在不能用了;2;1;3;143371;2.092473373276325e-05
13873;0;1;1;2;143371;1.3949822488508834e-05
13875;19年的时候就见识过，那时候已经很成熟了;1;1;2;143371;1.3949822488508834e-05
13877;这个确实是大趋势，所以精英们的时代来了，如果还是公式化的创作，必将会淘汰;1;1;2;143371;1.3949822488508834e-05
13894;以后踩雷的人很多了;1;1;2;143371;1.3949822488508834e-05
13902;其实还好啦，这不就跟设计一样吗？ai生成的是水平一般，想要更好的就要人工优化，算是辅助的东西。;1;1;2;143371;1.3949822488508834e-05
13912;怎么下载老师;1;1;2;143371;1.3949822488508834e-05
13914;拥抱未来，不冲突的，这种都是辅助解决最基础的问题，能一定程度提高效率，推动行业普适性。就像配音一样，以前需要专业配音演员才能干的事，现在基础的已经可以用软件替代，但优质的配音依然需要真人一样。;3;1;4;143371;2.7899644977017668e-05
13918;现在的ai音乐还差的远，等东西出来用用就知道了;4;1;5;143371;3.487455622127208e-05
13923;怎么拥有ai;1;1;2;143371;1.3949822488508834e-05
13926;又一大批音乐人要失业了？？？;1;1;2;143371;1.3949822488508834e-05
13930;Demo都在瑟瑟发抖;1;1;2;143371;1.3949822488508834e-05
13933;0;1;1;2;143371;1.3949822488508834e-05
13935;网易的ai作曲作出来还是有些拉胯的用过都知道;1;1;2;143371;1.3949822488508834e-05
13940;不是，这样真的不会被鄙视吗;1;1;2;143371;1.3949822488508834e-05
13946;所以Demo呢;1;1;2;143371;1.3949822488508834e-05
13948;ai机器人女友，永远代替不了有血有肉的真姑娘一个道理，ai词曲编录混当游戏玩玩可以;1;2;3;143371;2.092473373276325e-05
13952;这是啥软件;2;1;3;143371;2.092473373276325e-05
13955;编曲专业的学生刚到很难受;2;1;3;143371;2.092473373276325e-05
13958;本来想学习编曲，现在不用学了;1;1;2;143371;1.3949822488508834e-05
13960;你声音压限了;1;1;2;143371;1.3949822488508834e-05
13963;我要是有了这个神器，以后明星都只认我写的歌了;1;1;2;143371;1.3949822488508834e-05
13967;请问这是什么软件;1;1;2;143371;1.3949822488508834e-05
13969;唉，西八;1;1;2;143371;1.3949822488508834e-05
13972;赶紧找个班上吧兄弟们;1;6;7;143371;4.882437870978092e-05
13974;AI写词应该不差，作曲编曲不知道如何;1;1;2;143371;1.3949822488508834e-05
13977;膺啊，我刷到你了;1;1;2;143371;1.3949822488508834e-05
13980;歌曲要井喷了，就像电视剧，动画，一样，相近的内容要充斥网络了，每年产量要成几何数增长，谁是真正有实力的歌曲制作者就看水平了，要不然很难占领高位置;1;1;2;143371;1.3949822488508834e-05
13982;我一直在研究这个，深度学习实现的AI编曲，说实话一言难尽，技术总是让人爱又让人恨，或许有的人不相信电脑能做的很好，但事实就是这样没办法。话说我的算法也能生成了，没想到这就有软件了，有点落伍;3;1;4;143371;2.7899644977017668e-05
13986;关键看算法了，如果你不是行业前10的人，有可能胜不过AI。将来大路货满大街都是。;1;2;3;143371;2.092473373276325e-05
13988;代替不了因为缺少了人性;1;1;2;143371;1.3949822488508834e-05
13990;以后现场是王;1;1;2;143371;1.3949822488508834e-05
13993;Box不是早就有了吗;1;1;2;143371;1.3949822488508834e-05
13995;小彭biubiubiu我开始担忧了;1;1;2;143371;1.3949822488508834e-05
13997;这么神奇吗;1;1;2;143371;1.3949822488508834e-05
13999;作曲作曲过程的乐趣少了些不过也可能会协助人们创作出更好听的音乐;1;1;2;143371;1.3949822488508834e-05
14001;网易伏羲？？？;2;1;3;143371;2.092473373276325e-05
14007;提高效率。领导发言稿不是也是给秘书写几个词。秘书写完了领导看，然后再改改。大功告成。;1;0;1;143371;6.974911244254417e-06
14009;这恐怕不是好消息;1;2;3;143371;2.092473373276325e-05
14011;啥时候能下载呢，有了这个就又多了学习的工具了;2;1;3;143371;2.092473373276325e-05
14014;翘眉伙子唉;1;3;4;143371;2.7899644977017668e-05
14016;AI作出的曲子是不是失去了曲子本身的灵魂;1;3;4;143371;2.7899644977017668e-05
14019;以后对音乐人的要求更高了，普通的东西AI都可以做;1;1;2;143371;1.3949822488508834e-05
14024;Katrina我tm;1;1;2;143371;1.3949822488508834e-05
14030;有手就行了;1;1;2;143371;1.3949822488508834e-05
14034;盒子里的乐队软件感觉很好;3;1;4;143371;2.7899644977017668e-05
14042;那我该怎么办;2;1;3;143371;2.092473373276325e-05
14049;音乐的温度，还是得有经历和感受的人才能做到更好的表达;2;0;2;143371;1.3949822488508834e-05
14054;Ai杀了艺术;1;1;2;143371;1.3949822488508834e-05
14057;不要啊;1;1;2;143371;1.3949822488508834e-05
14059;越来越觉得新冠是提前布局的大时代背景;2;1;3;143371;2.092473373276325e-05
14062;所以爵士是趋势？？？;1;1;2;143371;1.3949822488508834e-05
14064;那版权算谁的呢？;1;1;2;143371;1.3949822488508834e-05
14066;所以说这是啥大学文艺小青年表白神器？;1;1;2;143371;1.3949822488508834e-05
14069;AI可以编曲画画写文章饭碗都抢没了;3;1;4;143371;2.7899644977017668e-05
14074;这就是未来;1;2;3;143371;2.092473373276325e-05
14076;以后要听假歌了;1;1;2;143371;1.3949822488508834e-05
14078;那我岂不是丢饭碗？;1;1;2;143371;1.3949822488508834e-05
14080;啥时候出，我要试一试;1;1;2;143371;1.3949822488508834e-05
14082;软件叫什么名字;1;1;2;143371;1.3949822488508834e-05
14086;什么情况，编曲不用自己了吗。能否解释一下。;3;1;4;143371;2.7899644977017668e-05
14091;希望可以清理一波混子;1;1;2;143371;1.3949822488508834e-05
14094;编曲不会是把别的歌的曲调拿来用吧？;1;1;2;143371;1.3949822488508834e-05
14096;古典音乐该杀回来了;1;1;2;143371;1.3949822488508834e-05
14098;不知道多少小鲜肉的抬头又要变成制作人了;1;2;3;143371;2.092473373276325e-05
14100;再来个Al演唱，全了;1;1;2;143371;1.3949822488508834e-05
14102;早早晚晚的事，谷歌早就弄这个了;1;2;3;143371;2.092473373276325e-05
14104;宇宙与昼好家伙绝了唉连创作都能AI;1;1;2;143371;1.3949822488508834e-05
14109;这是什么软件;1;2;3;143371;2.092473373276325e-05
14111;所以还是听老歌吧;1;0;1;143371;6.974911244254417e-06
14113;不觉得很可怕吗？;1;1;2;143371;1.3949822488508834e-05
14115;重点是不是以后听音乐不需要VIP了;1;1;2;143371;1.3949822488508834e-05
14117;这种编曲的作品和优秀的作曲人作品主要有哪些区别呢？;3;1;4;143371;2.7899644977017668e-05
14121;无所谓，我的人生有周杰伦就够了;1;3;4;143371;2.7899644977017668e-05
14123;唉要失业了;1;2;3;143371;2.092473373276325e-05
14125;小李小李快乐无比我靠，还没开始干我就要失业了;2;1;3;143371;2.092473373276325e-05
14128;夏老师好;1;0;1;143371;6.974911244254417e-06
14132;哎;3;1;4;143371;2.7899644977017668e-05
14136;我记得好多年前就有了，输入旋律自动给你编曲，估计现在改进改进就叫AI了;1;0;1;143371;6.974911244254417e-06
14138;无情绪的机械化音乐效率是有了就是不好听;1;0;1;143371;6.974911244254417e-06
14143;现在就用着呢给公司用呢;1;0;1;143371;6.974911244254417e-06
14145;早就有啦;1;1;2;143371;1.3949822488508834e-05
14147;平民写歌市场实在是太需要了望穿秋水哈;1;0;1;143371;6.974911244254417e-06
14149;裁缝是不是更加多了;1;0;1;143371;6.974911244254417e-06
14151;好恐怖;1;0;1;143371;6.974911244254417e-06
14153;写歌的要失业了。;1;0;1;143371;6.974911244254417e-06
14155;看来越来越多的口水歌要出现了;1;0;1;143371;6.974911244254417e-06
14157;valgeAI开始跟音乐人抢饭碗了;1;0;1;143371;6.974911244254417e-06
14160;爱好者的福音，像做几个自己的曲子成为现实;1;0;1;143371;6.974911244254417e-06
14163;只有天才能活好，普通人不如Ai;1;0;1;143371;6.974911244254417e-06
14165;做一个能弹一遍吉他就能自动生成吉他谱的AI软件更好;3;1;4;143371;2.7899644977017668e-05
14176;陌路卓Mr芦旺beat自由;1;1;2;143371;1.3949822488508834e-05
14183;烟火音乐;1;0;1;143371;6.974911244254417e-06
14186;尛北彦琪Lee你们觉得是好事还是坏事;1;0;1;143371;6.974911244254417e-06
14189;AI在真正的艺术面前一文不值艺术本身就是追求完美的一个过程。;1;4;5;143371;3.487455622127208e-05
14199;就很棒;1;0;1;143371;6.974911244254417e-06
14209;要真正的能写出听者的心情，才是好歌;1;0;1;143371;6.974911244254417e-06
14211;0;1;0;1;143371;6.974911244254417e-06
14213;要替代幕后创作者吗;1;0;1;143371;6.974911244254417e-06
14215;有钱去找微软小冰，作词作曲唱歌都有，再找个过完ai编曲混合一下。还没发现有比微软小冰强的;2;5;7;143371;4.882437870978092e-05
14218;别;1;0;1;143371;6.974911244254417e-06
14220;忽然觉得我多年音乐白学了;1;6;7;143371;4.882437870978092e-05
14222;哪来的消息;1;0;1;143371;6.974911244254417e-06
14224;但愿不是口水编辑器;1;0;1;143371;6.974911244254417e-06
14226;像是20世纪的激浪派，极简主义，TotalSerialismMusiqueConcrete哪一个不是在打破常规如果为了主流音乐市场被ai统治的话只会让更多想要创新的音乐人掀起新的流派;1;0;1;143371;6.974911244254417e-06
14229;AI永远无法替代人;1;0;1;143371;6.974911244254417e-06
14231;艺术有共性，同时突出个性；只有共性，千篇一律、雷同，是肯定只能停留在类似小游戏的层面，没啥价值；反而会体现人工的价值和稀缺，好事。;1;0;1;143371;6.974911244254417e-06
14235;如果这么一天我一定会放下我拿了几十年的六弦琴;1;0;1;143371;6.974911244254417e-06
14238;突然觉得有点可怕;1;0;1;143371;6.974911244254417e-06
14241;多少钱;2;0;2;143371;1.3949822488508834e-05
14244;早点出来还有什么周杰伦林俊杰什么事情呢？;1;1;2;143371;1.3949822488508834e-05
14246;逻辑思维没有人脑活跃，不过用来做初稿还可以;1;0;1;143371;6.974911244254417e-06
14248;一键渲染;2;0;2;143371;1.3949822488508834e-05
14251;这个只能做是辅助功能，就是通过AI的主题在人工编曲也是可以的，好像是有AI编曲插件的，;1;0;1;143371;6.974911244254417e-06
14253;赶紧出，人工编曲没准又能涨价了;1;0;1;143371;6.974911244254417e-06
14255;以后词曲作者这一栏是不是就是AI了;2;0;2;143371;1.3949822488508834e-05
14258;早有了;1;0;1;143371;6.974911244254417e-06
14260;版权归属;1;0;1;143371;6.974911244254417e-06
14262;这是什么产品呀;1;0;1;143371;6.974911244254417e-06
14269;邵航s张一帆教唱歌的冯老师哎呦崔疯疯;1;2;3;143371;2.092473373276325e-05
14274;桑榆非晚可楽不加;1;0;1;143371;6.974911244254417e-06
14277;这个人好像是搞音乐的;2;0;2;143371;1.3949822488508834e-05
14281;Stiaooo;1;1;2;143371;1.3949822488508834e-05
14291;贾淏森唱作人Ban;1;0;1;143371;6.974911244254417e-06
14296;早就出来了某知名公司，还有平台已经批量用歌了，价格低于市场价几倍，目前都是悄悄地在用。;3;1;4;143371;2.7899644977017668e-05
14300;内测什么软件呀？;5;0;5;143371;3.487455622127208e-05
14306;飞音会你可以有自己的歌曲了;3;0;3;143371;2.092473373276325e-05
14310;再智能也没啥用音乐是感性的东西当我知道这不是人写的时候这就没感觉了呀;3;0;3;143371;2.092473373276325e-05
14314;软件叫什么？;3;0;3;143371;2.092473373276325e-05
14318;灵魂不知道有没有了;1;1;2;143371;1.3949822488508834e-05
14320;以后华语乐坛就靠AI了;1;1;2;143371;1.3949822488508834e-05
14322;没觉得现在歌曲火的都差不多吗？那还有什么意义;1;1;2;143371;1.3949822488508834e-05
14324;人类：人工智能要统治世界了人工智能：115;1;1;2;143371;1.3949822488508834e-05
14326;为什么我一听到hn这个发音就很不舒服;2;0;2;143371;1.3949822488508834e-05
14329;这版权算谁的？;2;0;2;143371;1.3949822488508834e-05
14332;啥时候可以体验？我之前研究过一点儿。感觉根本无法形容;2;0;2;143371;1.3949822488508834e-05
14335;汽水音乐要内测码着内测码应该去哪搞;2;0;2;143371;1.3949822488508834e-05
14338;在哪下载;2;0;2;143371;1.3949822488508834e-05
14341;我要这个软件;2;0;2;143371;1.3949822488508834e-05
14344;能不能自己写完了用ai加细节啊？;2;0;2;143371;1.3949822488508834e-05
14347;我觉得活着真他妈没劲了;2;0;2;143371;1.3949822488508834e-05
14350;没用的，人还是人;2;0;2;143371;1.3949822488508834e-05
14353;快点到来叭那样就能淘汰掉一大部分所谓的音乐人;1;3;4;143371;2.7899644977017668e-05
14355;哥我严重怀疑你是不和我们讯飞有合约;3;0;3;143371;2.092473373276325e-05
14359;这什么软件;3;0;3;143371;2.092473373276325e-05
14363;不就是20年前的bandinbox智能版吗;3;0;3;143371;2.092473373276325e-05
14367;这是什么公司做的，使用的ai模型和训练数据是哪些很想知道;3;0;3;143371;2.092473373276325e-05
14378;作词作曲还得自己动手，但ai编配混音应该离我们不远了;1;0;1;143371;6.974911244254417e-06
14380;软件叫什么;1;0;1;143371;6.974911244254417e-06
14382;看半天没说是什么软件;1;0;1;143371;6.974911244254417e-06
14384;无灵性，无经历，无感悟的词语堆砌，算啥？;1;0;1;143371;6.974911244254417e-06
14386;怎么下载;1;0;1;143371;6.974911244254417e-06
14388;我们的做的元宇宙小姐姐，结合这个无敌;1;0;1;143371;6.974911244254417e-06
14390;以后作词作曲就废了，再以后ai音乐就拿来治疗安抚人心了，再后来ai有了自主意识，音乐就拿来控制人类思想了，再后来，人类就被控制成傀儡了;1;0;1;143371;6.974911244254417e-06
14392;请问：哪家公司做的;1;0;1;143371;6.974911244254417e-06
14394;那以后的所谓音乐人门槛只会越来越低;1;0;1;143371;6.974911244254417e-06
14396;我要开发一个伟大的产品，AI自动印钱;1;0;1;143371;6.974911244254417e-06
14398;这就是千篇一律;1;0;1;143371;6.974911244254417e-06
14400;没有灵魂的;1;0;1;143371;6.974911244254417e-06
14402;早就有啊，花粥那帮古风用的就是啊;1;0;1;143371;6.974911244254417e-06
14404;卧槽那罗某聪某袁裁缝不是要起飞了;1;0;1;143371;6.974911244254417e-06
14406;不知道多少钱，这个好;1;0;1;143371;6.974911244254417e-06
14408;如果是软件，叫啥名字;1;0;1;143371;6.974911244254417e-06
14410;太好了，口水歌大俗歌晚会歌交给AI，人类只负责爆款。;1;0;1;143371;6.974911244254417e-06
14412;再牛的AI，也写不出老子的悲哀;1;0;1;143371;6.974911244254417e-06
14414;怎么说呢他也是算法;1;0;1;143371;6.974911244254417e-06
14416;哪还有啥意思;1;0;1;143371;6.974911244254417e-06
14418;估计以后出demo会比较省事了;1;0;1;143371;6.974911244254417e-06
14420;这玩意顶多就是解放生产力，你没有硬实力一样做不了。ai再怎么发展都离不开乐理;1;0;1;143371;6.974911244254417e-06
14422;这顶多是个娱乐软件;1;0;1;143371;6.974911244254417e-06
14424;什么软件呢？;1;0;1;143371;6.974911244254417e-06
14426;什么软件;1;0;1;143371;6.974911244254417e-06
14428;在哪里下载啊;1;0;1;143371;6.974911244254417e-06
14430;这个软件要钱吗？;1;0;1;143371;6.974911244254417e-06
14432;什么软件;1;0;1;143371;6.974911244254417e-06
14434;Ai岀来，要修改一下就可以了吖;1;0;1;143371;6.974911244254417e-06
14436;什么软件;1;0;1;143371;6.974911244254417e-06
14438;哪里下载？;1;0;1;143371;6.974911244254417e-06
14440;啥时候出AI赚钱啊？？在线等;1;0;1;143371;6.974911244254417e-06
14442;去哪里下载;1;0;1;143371;6.974911244254417e-06
14444;什么软件;1;0;1;143371;6.974911244254417e-06
14446;什么软件我要入手;1;0;1;143371;6.974911244254417e-06
14448;这样做出来的音乐。。。。有灵魂吗;1;0;1;143371;6.974911244254417e-06
14450;要人干啥;1;0;1;143371;6.974911244254417e-06
14452;科技发展的必然未尝不是一件好事使用一段时间口水歌将快速的让人腻歪心灵的声音才能占领市场;1;0;1;143371;6.974911244254417e-06
14454;这样的话，写歌就没有灵魂了，乐趣也没有了;1;0;1;143371;6.974911244254417e-06
14456;剥夺了音乐人最后的快乐;1;0;1;143371;6.974911244254417e-06
14458;普通人能做曲吗;1;0;1;143371;6.974911244254417e-06
14460;以后我们是不是什么都不用会了;1;0;1;143371;6.974911244254417e-06
14462;感觉讲了，又感觉啥也没讲;1;0;1;143371;6.974911244254417e-06
14464;大数据并不会产生相似产物，只要算法够牛逼，数据够多，个人认为会超过人类。毕竟当年围棋就是这么被超越的。现在自动驾驶也是想，全球投这么多钱，肯定是有预期收益的;1;0;1;143371;6.974911244254417e-06
14466;完全支持AI;1;0;1;143371;6.974911244254417e-06
14468;我记得19年中国好声音学员苏涵就用的ai写的歌，还是他自己编的程序;1;0;1;143371;6.974911244254417e-06
14470;歌手越来越难;1;0;1;143371;6.974911244254417e-06
14472;我想要一个;1;0;1;143371;6.974911244254417e-06
14613;其他的先不说，看到词我就笑了;1;0;1;143371;6.974911244254417e-06
14615;可以查重不;1;0;1;143371;6.974911244254417e-06
14617;啥软件;3;0;3;143371;2.092473373276325e-05
14622;这样一来这个作词作曲版权归属怎么算呢Ai公司本人吗;1;0;1;143371;6.974911244254417e-06
14626;失业警告;1;0;1;143371;6.974911244254417e-06
14629;AI其实也就是个流水线而已。就算它再能，也不过是照着模板复刻而已，没有任何灵魂的。所以真正的音乐人它还是不能取代的。就算AI普及了，我们顶多算个操作工，真正懂得作曲的那就是搞科研的。不是一个级别。;1;0;1;143371;6.974911244254417e-06
14631;辅助用吧ai直接写出来的还有什么意义呢;1;0;1;143371;6.974911244254417e-06
14633;不会作曲但是会写点小东西那么这个软件可以把文字变成歌曲喽？;1;0;1;143371;6.974911244254417e-06
14635;没有一种工作会完全被机器代替，未来一定是人与机器并存，你中有我，我中有你。赛博朋克的时代，人最大的焦虑就是身份焦虑：我到底是人还是机器？;2;0;2;143371;1.3949822488508834e-05
14638;未来创作人是否就不再享有著作权版权了？;1;0;1;143371;6.974911244254417e-06
14640;夏老师就是夏老师;1;0;1;143371;6.974911244254417e-06
14643;AI词曲编是可能做到一秒出成千上万首歌的量一多到一定程度可能写歌的人写出来的歌很容易出现AI歌曲库里有的这个时候写歌的人算侵权吗;1;0;1;143371;6.974911244254417e-06
14645;那是不是人又会不动脑了;1;0;1;143371;6.974911244254417e-06
14648;音乐这行不好做了;1;0;1;143371;6.974911244254417e-06
14650;以后人就接个管打多巴胺就行了不需要这些有的没的;1;0;1;143371;6.974911244254417e-06
14652;什么软件？;1;0;1;143371;6.974911244254417e-06
14656;旋律作曲家;1;0;1;143371;6.974911244254417e-06
14658;我同学搞的没想到这就被推荐了;3;0;3;143371;2.092473373276325e-05
14662;软件收不收费;1;0;1;143371;6.974911244254417e-06
14664;梦游楚河不务正业的音乐人Pox迪安ADeanGBXINOfficial;3;0;3;143371;2.092473373276325e-05
14668;什么软件;2;0;2;143371;1.3949822488508834e-05
14671;可做为参考，但要有质量，还得人脑;1;1;2;143371;1.3949822488508834e-05
14673;哇哦;1;0;1;143371;6.974911244254417e-06
14676;这是小日子风格啊;1;8;9;143371;6.277420119828975e-05
14687;这好听吗;1;0;1;143371;6.974911244254417e-06
14704;不会，Ai是总结艺术，不是创造艺术。;28;18;46;143371;0.0003208459172357032
14733;Ai为什么要替代呢，用来辅助也是蛮好的;7;1;8;143371;5.5799289954035336e-05
14743;就说吉他，没有任何一个音源比得上实录，而且差距巨大;3;0;3;143371;2.092473373276325e-05
14748;大势所趋呀;3;0;3;143371;2.092473373276325e-05
14753;即便没有乐手的真实录音，光用midi也能做出好听的音乐呀;1;0;1;143371;6.974911244254417e-06
14755;可以代替一部分罐头音乐，bgm，短视频背景音乐;1;0;1;143371;6.974911244254417e-06
14764;好捏行捏可以捏。Screaming实录yyds;1;0;1;143371;6.974911244254417e-06
14766;《AI作曲会不会取代音乐人》大牛打击乐;1;0;1;143371;6.974911244254417e-06
14781;MusicdreamerDojee;1;0;1;143371;6.974911244254417e-06
14783;你咋知道ai不知道什么是好听;8;0;8;143371;5.5799289954035336e-05
14794;可商用吗;2;0;2;143371;1.3949822488508834e-05
14797;89美金一年;1;0;1;143371;6.974911244254417e-06
14799;0;1;0;1;143371;6.974911244254417e-06
14801;0;1;0;1;143371;6.974911244254417e-06
14803;0;1;0;1;143371;6.974911244254417e-06
14806;还都很好听啊;1;0;1;143371;6.974911244254417e-06
14809;很强啊;1;9;10;143371;6.974911244254417e-05
14814;能做出让人一下就记住的那种旋律吗;2;5;7;143371;4.882437870978092e-05
14825;OpenCV计算机视觉实战讲得很好;1;0;1;143371;6.974911244254417e-06
14829;这也太乡村了;6;126;132;143371;0.000920688284241583
14836;迷惑我是吧以为官方被盗号了;3;59;62;143371;0.00043244449714377383
14840;漂亮又一个艺术领域没了;2;32;34;143371;0.00023714698230465017
14843;美术和音乐AI完了我要失业了;5;15;20;143371;0.00013949822488508833
14849;好有黄老板的感觉;3;17;20;143371;0.00013949822488508833
14864;艺术天赋lfyT12W哈哈哈哈哈哈哈;1;1;2;143371;1.3949822488508834e-05
14867;圈圈;1;0;1;143371;6.974911244254417e-06
14872;阿呜噜噜;1;0;1;143371;6.974911244254417e-06
14875;歪？大毛怪不在线东临旺饼雪仔我喜欢喝鸭屎香xnnn是很多鱼给我点份冰粉还挺好听;1;0;1;143371;6.974911244254417e-06
14880;佳人懿没听完，再看看，好像还不错;1;1;2;143371;1.3949822488508834e-05
14891;llvae;1;0;1;143371;6.974911244254417e-06
14896;Xxxxx熊式弧线OLKissCL橘井七时深米米世界聪笔学长榷mangranwdTheFairyKingS1nGleaweiwebsite日落受不了了;1;2;3;143371;2.092473373276325e-05
14898;cassirer;1;0;1;143371;6.974911244254417e-06
14902;人类;1;0;1;143371;6.974911244254417e-06
14904;不会打鼓的小付山河永寂小淳优雅的像个导弹赏fghjjm滕井树;1;0;1;143371;6.974911244254417e-06
14908;Kevindddddd67MulaZOfficialL0;1;0;1;143371;6.974911244254417e-06
14914;呜呜呜呜呜;1;0;1;143371;6.974911244254417e-06
14920;吃瓜不吐皮啊这。。。染禾秋儿白瓜Dream;1;2;3;143371;2.092473373276325e-05
14923;爱探险的破忒头还挺好听;1;1;2;143371;1.3949822488508834e-05
14925;我已经迷失了，你还是官方号吗？;1;0;1;143371;6.974911244254417e-06
14931;老师能讲毛不易吗，我觉毛不易唱功比你说的那些歌手都好，他能把音乐唱出感情。他的作品也特别高深;33;4;37;143371;0.0002580717160374134
14969;符合人体听觉系统的音符组合是有限的，并不是无限的排列组合。AI有强大的数据库检索能力和学习能力，人类全部的音乐作品都是它的学习对象和数据库，未来AI会取代作曲家。;1;0;1;143371;6.974911244254417e-06
14979;周杰伦就是蜀中无大将廖化作先锋的典型;2;1;3;143371;2.092473373276325e-05
14991;这个自己做背景音乐没有版权一说了;2;0;2;143371;1.3949822488508834e-05
14995;你看AI绘画是不会画画的人可以直接操作，写文字就行，微调也是拉杆。这个就对不会音乐的人来说太难了。;1;0;1;143371;6.974911244254417e-06
14998;啥。干啥的。;1;0;1;143371;6.974911244254417e-06
15005;这不是正常操作么？和高级有什么关系？;1;0;1;143371;6.974911244254417e-06
15007;没办法，我们只能去适应AI的存在，不然就会被淘汰;1;0;1;143371;6.974911244254417e-06
15009;插画师失业了下一个是;1;0;1;143371;6.974911244254417e-06
15018;来了;1;0;1;143371;6.974911244254417e-06
15020;ttyt21蹲到啦;1;0;1;143371;6.974911244254417e-06
15028;冠宇啊冠宇，赶紧出点中国传统乐器的音乐;1;0;1;143371;6.974911244254417e-06
15031;永远代替不了真人编曲制作。;17;24;41;143371;0.00028597136101443107
15049;天音点幺六三点卡姆;6;23;29;143371;0.00020227242608337808
15056;和弦编辑的时候，把C大调改成A小调，1级不是Am，而是6级是Am，这是为啥呀？;4;2;6;143371;4.18494674655265e-05
15062;为了满足外行人的需求，而废掉了正在努力路上的人你可以说顶尖编曲超越不了，但如果它成为了主流，谁还会从头学习和努力呢？所谓自己的新歌，无非是只换了歌词而已。;4;9;13;143371;9.067384617530743e-05
15067;完了，这下音乐产业链彻底被毁了;3;8;11;143371;7.672402368679858e-05
15071;大学学音乐制作，未来就业怎么样啊;19;8;27;143371;0.00018832260359486925
15091;有些东西就不应该被发明出来一头是3元网课教你编曲，一头是ai免费编曲分分钟搞定。本就不济的音乐产业再搅个稀烂。一而再再而三的拉低行业门槛。;2;3;5;143371;3.487455622127208e-05
15094;很荣幸我们团队去年大半年为天音努力，贡献了很多编曲物料;1;5;6;143371;4.18494674655265e-05
15096;背景音乐来自AI一键生成？这个好啊弄个bgm挺实用;2;2;4;143371;2.7899644977017668e-05
15099;完虐新手小白，和3年5年编曲从业者基本平级，和顶级编曲老师差距十万八千里;4;7;11;143371;7.672402368679858e-05
15104;兄弟你想过咱以后咋吃饭吗;4;0;4;143371;2.7899644977017668e-05
15109;没有链接啊？;2;1;3;143371;2.092473373276325e-05
15112;Mac是不是打不开呀我试了好几次跳不出来网址没有输错;2;1;3;143371;2.092473373276325e-05
15115;靠缘分刷到你;2;0;2;143371;1.3949822488508834e-05
15119;我写一首词曲，然后唱给他听，他可以帮我编曲吗？;1;1;2;143371;1.3949822488508834e-05
15126;麻烦问一下，里面的伴奏购买使用侵权吗;1;1;2;143371;1.3949822488508834e-05
15131;请问这个怎么导出分轨;1;1;2;143371;1.3949822488508834e-05
15134;这个不涉及版权侵犯吗？;1;1;2;143371;1.3949822488508834e-05
15141;夏哥我感觉你是音乐人里面最有文化的一个，听你说话老舒服了;1;1;2;143371;1.3949822488508834e-05
15150;为啥选不了68拍渲染出来全都是44的;3;2;5;143371;3.487455622127208e-05
15155;手机可以用不;1;0;1;143371;6.974911244254417e-06
15159;小林RingSY还有这种东西;1;0;1;143371;6.974911244254417e-06
15161;能商用吗;1;1;2;143371;1.3949822488508834e-05
15171;他大爷的，真棒;1;1;2;143371;1.3949822488508834e-05
15177;我想到一个逻辑可以这样吗先风格识别，然后可以自己定义;1;1;2;143371;1.3949822488508834e-05
15183;的确打不开;1;1;2;143371;1.3949822488508834e-05
15185;定位不一样对于不会的做小样可以，真和职业编曲差远了我一音色光一个钢琴几百g细节，音质那不是闹的;4;1;5;143371;3.487455622127208e-05
15190;导出来后版权是自己的吗;5;1;6;143371;4.18494674655265e-05
15199;夏老师太厉害了;1;1;2;143371;1.3949822488508834e-05
15203;锤锤子的女盆友;1;0;1;143371;6.974911244254417e-06
15206;时间问题;1;0;1;143371;6.974911244254417e-06
15208;Bolgon编曲失业了;1;2;3;143371;2.092473373276325e-05
15213;在那里找？？;1;1;2;143371;1.3949822488508834e-05
15219;锦杰同学。我操;1;1;2;143371;1.3949822488508834e-05
15225;出一篇该怎么活下去的视频吧，我想哭干眼泪;1;1;2;143371;1.3949822488508834e-05
15232;这么狠吗现在;1;0;1;143371;6.974911244254417e-06
15234;irealpro加了些乐器;1;0;1;143371;6.974911244254417e-06
15236;行吧转行了;1;2;3;143371;2.092473373276325e-05
15241;我觉得我失业只是时间问题;1;1;2;143371;1.3949822488508834e-05
15243;Mac电脑可以用吗？;1;1;2;143371;1.3949822488508834e-05
15245;网页的？？？;1;1;2;143371;1.3949822488508834e-05
15247;是不是手机还不能操作;1;1;2;143371;1.3949822488508834e-05
15249;叮当说不定还有你的功劳呐;1;0;1;143371;6.974911244254417e-06
15251;歌曲的伴奏自己编辑吗？;1;1;2;143371;1.3949822488508834e-05
15254;电脑端还是手机端呢;1;1;2;143371;1.3949822488508834e-05
15256;很好的工具;1;0;1;143371;6.974911244254417e-06
15258;网站没有了可以再发一次吗;3;2;5;143371;3.487455622127208e-05
15263;就是说，以后没有免费;1;1;2;143371;1.3949822488508834e-05
15267;免费使用的吗;5;1;6;143371;4.18494674655265e-05
15276;种花;1;1;2;143371;1.3949822488508834e-05
15281;L1uknowMe;2;1;3;143371;2.092473373276325e-05
15284;翁杰WinjayPW;1;1;2;143371;1.3949822488508834e-05
15287;小爱妞;1;1;2;143371;1.3949822488508834e-05
15289;路王泽蒋;1;0;1;143371;6.974911244254417e-06
15294;猹弟;3;1;4;143371;2.7899644977017668e-05
15300;网站在哪里？;4;2;6;143371;4.18494674655265e-05
15305;这个网站在哪找哇;3;0;3;143371;2.092473373276325e-05
15309;大瑞;2;0;2;143371;1.3949822488508834e-05
15312;网址分享下;2;0;2;143371;1.3949822488508834e-05
15315;没找到，旋律，歌词和虚拟人声功能，只是伴奏吗？;2;1;3;143371;2.092473373276325e-05
15319;免费的吗？;1;0;1;143371;6.974911244254417e-06
15321;编曲行业消失在未来;1;0;1;143371;6.974911244254417e-06
15323;怎么找不到网易天音，手机上没有吗;1;0;1;143371;6.974911244254417e-06
15325;是舟不是洲限时免费;1;0;1;143371;6.974911244254417e-06
15327;有手机版吗;1;0;1;143371;6.974911244254417e-06
15329;周爽shunger;1;0;1;143371;6.974911244254417e-06
15331;回去看看好不好玩感谢分享;1;0;1;143371;6.974911244254417e-06
15333;哪里下载;1;0;1;143371;6.974911244254417e-06
15369;歌名《音乐人》完整版音频已上线，欢迎去听;3;71;74;143371;0.0005161434320748268
15373;你的音乐有人听;9;569;578;143371;0.004031498699179053
15383;押韵的歌词听个几遍就腻了，不押韵的歌词就像是在描写一件故事，听好多遍都不觉得腻;10;97;107;143371;0.0007463155031352226
15394;0;2;9;11;143371;7.672402368679858e-05
15397;还有点感动;8;148;156;143371;0.001088086154103689
15406;这个旋律真的好好听好想让更多人听到啊;2;54;56;143371;0.00039059502967824736
15410;春在路上，花在枝上，所以的美好都在路上。加油;1;59;60;143371;0.000418494674655265
15413;主播，给你发首原创歌词吧;1;32;33;143371;0.00023017207106039575
15415;请问这是什么软件啊;5;7;12;143371;8.3698934931053e-05
15422;歌名叫《寻梦之旅》怎么样;2;11;13;143371;9.067384617530743e-05
15427;王亚伦是你儿子或弟弟吗？;1;4;5;143371;3.487455622127208e-05
15442;救命博哥第一眼看成赖鲁比了;1;4;5;143371;3.487455622127208e-05
15444;：好牛逼;1;1;2;143371;1.3949822488508834e-05
15454;爆汁小乌贼马桶刷子莓了鸭imaywct枳烟烟怎么又是chatGPT;1;2;3;143371;2.092473373276325e-05
15522;你好;1;1;2;143371;1.3949822488508834e-05
15531;棒;1;0;1;143371;6.974911244254417e-06
15535;等你下课？;1;0;1;143371;6.974911244254417e-06
15581;TXB;2;1;3;143371;2.092473373276325e-05
15585;Ytsukit是不是你用的那个;1;0;1;143371;6.974911244254417e-06
15614;大哥你怎么秃了啊，小朋友尿头上了;1;0;1;143371;6.974911244254417e-06
15616;这人歌一言难尽;2;0;2;143371;1.3949822488508834e-05
15625;不火可能缺少了自己的特色，不用非得模仿，做音乐就是做自己，当你的音乐只是为了迎合大众而不是写出自己内心的时候，你便丧失了自己，音乐是表达情感的一种方式，所以写自己的歌就好，不要在意别人的评价;1;0;1;143371;6.974911244254417e-06
15630;什么时候可以使用啊;11;4;15;143371;0.00010462366866381626
15642;能给我开个Vip不;6;1;7;143371;4.882437870978092e-05
15649;歌唱会自动添加么？老师;4;2;6;143371;4.18494674655265e-05
15654;请问，这种作出的歌曲，有版权嘛？;4;2;6;143371;4.18494674655265e-05
15659;要购买吗？？;3;1;4;143371;2.7899644977017668e-05
15663;怎么申请内测;3;1;4;143371;2.7899644977017668e-05
15667;怎么导出分轨啊哥，找遍了都找不到;3;1;4;143371;2.7899644977017668e-05
15671;bandinbox的进化版;2;3;5;143371;3.487455622127208e-05
15674;什么时候上线，通知一下;2;2;4;143371;2.7899644977017668e-05
15677;这个虚拟歌手功能我喜欢;2;0;2;143371;1.3949822488508834e-05
15680;用作初期的启发倒是可以;1;4;5;143371;3.487455622127208e-05
15682;老师，网易天音什么上线;2;1;3;143371;2.092473373276325e-05
15685;怎么导谱;2;1;3;143371;2.092473373276325e-05
15688;要失业了啊;2;1;3;143371;2.092473373276325e-05
15691;都还是人工智能方面比较常见的技术，没有质的飞跃。哎。。。;1;2;3;143371;2.092473373276325e-05
15694;完全不懂音乐可以作曲吗;1;1;2;143371;1.3949822488508834e-05
15698;老师你好我想请教一下，我是学乐器的，想跟伴奏就是象唱卡啦oK一样，卡啦OK都是出歌词，想问能制作出简谱吗？多谢;1;1;2;143371;1.3949822488508834e-05
15701;老师请问，天音软件中词曲编的功能在哪儿，是另外的软件吗;1;1;2;143371;1.3949822488508834e-05
15703;作词作曲功能在什么地方？怎么看不到;1;1;2;143371;1.3949822488508834e-05
15705;编的太土了，是我的问题还是软件的问题？;1;1;2;143371;1.3949822488508834e-05
15707;大神，没看到有歌词填写的功能啊;1;1;2;143371;1.3949822488508834e-05
15711;没有你的ai加词进去啊;1;1;2;143371;1.3949822488508834e-05
15713;出来了吗;2;1;3;143371;2.092473373276325e-05
15720;上线了吗;1;1;2;143371;1.3949822488508834e-05
15724;真棒;1;1;2;143371;1.3949822488508834e-05
15729;收费吗;1;1;2;143371;1.3949822488508834e-05
15731;DAS以后没饭吃了;1;1;2;143371;1.3949822488508834e-05
15736;可以给到音色其实就挺好了希望后续出个单音色波形里边有些电子音色还是不错的可以不用自己调了;1;1;2;143371;1.3949822488508834e-05
15738;有单纯的填词吗;1;1;2;143371;1.3949822488508834e-05
15740;啥时候上线啊？这也太省事儿了吧，做个小样啥的降低成本;1;1;2;143371;1.3949822488508834e-05
15742;那这种是不是以后编曲都一样啦;1;2;3;143371;2.092473373276325e-05
15748;老师好棒;1;2;3;143371;2.092473373276325e-05
15750;不错啊，如果是作曲人的话是很方便提升效率的工具;1;1;2;143371;1.3949822488508834e-05
15752;老师用的是什么版本啊？是商家给你的测试版吗？;1;2;3;143371;2.092473373276325e-05
15761;好恐怖;1;1;2;143371;1.3949822488508834e-05
15763;我感觉我马上要失业了;1;1;2;143371;1.3949822488508834e-05
15766;0;1;1;2;143371;1.3949822488508834e-05
15769;牛逼;1;1;2;143371;1.3949822488508834e-05
15771;啥时候虚拟人声上线啊？怎么去那里下载啊？;1;1;2;143371;1.3949822488508834e-05
15773;没饭吃了;1;1;2;143371;1.3949822488508834e-05
15775;0;1;2;3;143371;2.092473373276325e-05
15777;好期待;1;1;2;143371;1.3949822488508834e-05
15780;要求不高的demo是可以的，500以下的编曲也差不多。;1;1;2;143371;1.3949822488508834e-05
15782;高级啊;1;1;2;143371;1.3949822488508834e-05
15784;老师，这个什么时候能恢复呀;2;1;3;143371;2.092473373276325e-05
15790;亭衣;2;1;3;143371;2.092473373276325e-05
15794;Drummer小天CC三岁了楊衡同學;2;1;3;143371;2.092473373276325e-05
15797;电脑自己作词作曲编曲？;3;1;4;143371;2.7899644977017668e-05
15805;从哪里能找到这个软件;1;0;1;143371;6.974911244254417e-06
15807;给音乐人一条生路;1;1;2;143371;1.3949822488508834e-05
15809;现在做编曲的门槛越来越低了，快没饭吃了;1;1;2;143371;1.3949822488508834e-05
15811;录音饿不死;1;1;2;143371;1.3949822488508834e-05
15813;支持，可以提供包月会员服务，我愿意买;1;1;2;143371;1.3949822488508834e-05
15815;有意思，我要玩;1;1;2;143371;1.3949822488508834e-05
15817;老师，版权算谁的？;1;1;2;143371;1.3949822488508834e-05
15819;做demo还是可以的;1;1;2;143371;1.3949822488508834e-05
15821;我的怎么没有歌词生成段的这个功能呢？;1;1;2;143371;1.3949822488508834e-05
15828;还是比不过box毕竟人家做了十几年了;1;1;2;143371;1.3949822488508834e-05
15844;这样作曲会导致后面的旋律一毛一样和前面的无区别，不知道你们听懂没有。;11;34;45;143371;0.0003138710059914488
15856;可以再加入随机数列，然后加上打分系统，让ai得到更好的分数的作品;3;45;48;143371;0.000334795739724212
15860;英伟达的AIVA做得挺不错的;1;16;17;143371;0.00011857349115232509
15862;让AI自己编程;3;23;26;143371;0.00018134769235061485
15866;你咋啥都会呢;1;10;11;143371;7.672402368679858e-05
15868;作者能用ai玩滚动的天空吗;1;7;8;143371;5.5799289954035336e-05
15871;我想学AI要怎么弄;2;1;3;143371;2.092473373276325e-05
15879;想学AI方向的，可惜不知道怎么入门。;1;0;1;143371;6.974911244254417e-06
15881;是怎么处理音乐的啊;1;0;1;143371;6.974911244254417e-06
15903;兄弟牛;1;1;2;143371;1.3949822488508834e-05
15911;加油，我支持你;1;0;1;143371;6.974911244254417e-06
15914;不知道弹的什么东西;1;1;2;143371;1.3949822488508834e-05
15916;能具体说一下这个算法的逻辑;1;0;1;143371;6.974911244254417e-06
15918;什么时候搞个王者荣耀ai;1;0;1;143371;6.974911244254417e-06
15935;努力学了四年编曲，都还没入行。现在ai又出来了，这是逼着让当乐手啊;10;15;25;143371;0.00017437278110636042
15946;请问这些收费么我怎么找不到呢;2;1;3;143371;2.092473373276325e-05
15957;shangtownboy噗噗噗噗噗;1;0;1;143371;6.974911244254417e-06
15963;哪个Ai可以把简谱变成五线谱？;1;0;1;143371;6.974911244254417e-06
15969;已上线咯;8;16;24;143371;0.000167397869862106
15978;旋律音调好熟悉，不会又是一个裁缝吧;21;481;502;143371;0.0035014054446157175
16000;说点会被喷的，第一个人声可能会被人说有点像那个玲芽之旅的那个宣传音乐;11;203;214;143371;0.0014926310062704452
16012;怎么和王子健玩同一种类型？;1;0;1;143371;6.974911244254417e-06
16014;兄弟们这个我是真喜欢;2;146;148;143371;0.0010322868641496536
16017;《夏恋》。也填词过《风花雪月》不是说你有抄袭。我只是觉得现在的歌咋都这么像;12;35;47;143371;0.0003278208284799576
16031;来都来了不插眼吗;9;45;54;143371;0.0003766452071897385
16041;男声是真人还是ai;6;19;25;143371;0.00017437278110636042
16048;所以你这个跟啦啦啦有啥关系;3;22;25;143371;0.00017437278110636042
16052;前面真的不是风花雪月吗;8;9;17;143371;0.00011857349115232509
16061;感觉很像铃芽之旅的曲;2;38;40;143371;0.00027899644977017667
16064;你用的AI模式是什么功能和叫什么名;4;32;36;143371;0.000251096804793159
16069;管他呢，好听重要;5;4;9;143371;6.277420119828975e-05
16075;这个琵琶是什么音源;4;18;22;143371;0.00015344804737359716
16080;很棒啊，插个散兵;7;7;14;143371;9.764875741956184e-05
16089;怎么这么像胡彦斌;2;11;13;143371;9.067384617530743e-05
16092;朦胧月色;2;1;3;143371;2.092473373276325e-05
16101;关注你了师傅;1;0;1;143371;6.974911244254417e-06
16111;这个AI叫什么名字？;1;0;1;143371;6.974911244254417e-06
16117;什么软件做的，想学;3;0;3;143371;2.092473373276325e-05
16129;这不是古风，这不是古风，这不是古风，这种东西就是加了一点民乐的流行音乐，不对是加了民乐配器的口水歌，非主流都比这有东西。;2;3;5;143371;3.487455622127208e-05
16135;四不像;2;1;3;143371;2.092473373276325e-05
16140;胡彦斌的声音;2;2;4;143371;2.7899644977017668e-05
16165;就这词，浪费了这曲;1;1;2;143371;1.3949822488508834e-05
16180;这些不都是古董DAW么，关AI模式什么事;1;2;3;143371;2.092473373276325e-05
16190;全是ai做的吗;1;0;1;143371;6.974911244254417e-06
16192;这个是什么软件呀？求软件名字;3;0;3;143371;2.092473373276325e-05
16202;钢琴是哪个音源啊？咋那么好看;1;0;1;143371;6.974911244254417e-06
16208;AkaKAk快来研究一下;1;0;1;143371;6.974911244254417e-06
16212;橘鬱哇哇闹阿tan说的刷到了;1;0;1;143371;6.974911244254417e-06
16214;這真的太屌了;1;0;1;143371;6.974911244254417e-06
16245;歌名Ai歌手原创音乐小样;1;1;2;143371;1.3949822488508834e-05
16253;视频最后有软件;1;0;1;143371;6.974911244254417e-06
16273;Q17923有种似曾相识的感觉;2;0;2;143371;1.3949822488508834e-05
16287;啥时候上线网易;1;0;1;143371;6.974911244254417e-06
16294;ai创作合法吗;4;0;4;143371;2.7899644977017668e-05
16310;电竞小白菜策马披月光童话樱落星free草莓贩卖兰兮烟波散摇舟Zsir沃日;1;0;1;143371;6.974911244254417e-06
16320;请问您的编曲软件是什;1;0;1;143371;6.974911244254417e-06
16326;盐冉？我靠;1;0;1;143371;6.974911244254417e-06
16334;男生是ai？;1;0;1;143371;6.974911244254417e-06
16339;沢洐这个有点好听。;1;0;1;143371;6.974911244254417e-06
16342;牛;1;0;1;143371;6.974911244254417e-06
16358;这个是什么软件？？？;1;0;1;143371;6.974911244254417e-06
16370;听上头了，笛子部分一出来我激动的差点尿出来璇xuan汩孑111JustY樂上头苦苦与卿ZHANG皮蛋梦;2;0;2;143371;1.3949822488508834e-05
16375;穗丰论一首歌是怎样写出来的;2;2;4;143371;2.7899644977017668e-05
16384;星尘啦啦啦;1;14;15;143371;0.00010462366866381626
16405;singsingsing猕猴水蜜桃洛天依董为竞来了SweetSinger洛天依3雨葱依你家塌了VOCALOID也不塌;2;1;3;143371;2.092473373276325e-05
16408;普韦布洛本花浙江田小娟江月诗Xiu张;1;1;2;143371;1.3949822488508834e-05
16411;忘掉種過的蘤;1;0;1;143371;6.974911244254417e-06
16421;四喜酱小少爷记住L鹿。我叫朱樱大爷;1;1;2;143371;1.3949822488508834e-05
16425;龙七爷;1;0;1;143371;6.974911244254417e-06
16429;菲菲菲洛嘉熈Xzyyyyy弱弱;2;0;2;143371;1.3949822488508834e-05
16434;MusicdreamerDojee;1;0;1;143371;6.974911244254417e-06
16436;三世川棠雨;1;0;1;143371;6.974911244254417e-06
16448;I周七雪季颂禾枂AYU爱的绝缘体烁半枝雨;2;1;3;143371;2.092473373276325e-05
16451;可爱的蘑菇精good;1;1;2;143371;1.3949822488508834e-05
16454;sei;1;1;2;143371;1.3949822488508834e-05
16461;我还以为编曲也是ai自动的，给我吓死。这个水平的编曲ai要是能出来那我也可以失业了;2;6;8;143371;5.5799289954035336e-05
16465;超级宇宙无敌暴龙战士wky我女神孜然种植园;1;1;2;143371;1.3949822488508834e-05
16467;伴奏辨识度低，词像口水歌，歌名不用心三无产品好吧;3;0;3;143371;2.092473373276325e-05
16471;名儿;2;0;2;143371;1.3949822488508834e-05
16475;玲芽之旅是F调，这首歌也是F调。肯定是抄袭的;1;1;2;143371;1.3949822488508834e-05
16477;胡彦兵？;1;0;1;143371;6.974911244254417e-06
16479;愿景Continue：情空烤冷面多加醋好名字都被别人取了（确信）可可豆豆好厉害给我写;1;0;1;143371;6.974911244254417e-06
16507;嬷嬷开张了吗;14;735;749;143371;0.005224208521946558
16522;什么时候更新曼多拉;10;463;473;143371;0.0032991330185323394
16533;什么APP;8;145;153;143371;0.0010671614203709259
16542;Ok你去自己拿一块蛋糕吃;1;152;153;143371;0.0010671614203709259
16544;怎么还有点好听啊;1;58;59;143371;0.00041151976341101057
16546;0;3;40;43;143371;0.0002999211835029399
16550;妈妈我出息啦;2;23;25;143371;0.00017437278110636042
16553;我就转个头，这;2;16;18;143371;0.0001255484023965795
16556;老嫂子又来更新了;1;9;10;143371;6.974911244254417e-05
16558;请问一下有人知道这是什么软件吗;1;7;8;143371;5.5799289954035336e-05
16561;唇鹿人请问这是男的女的;1;0;1;143371;6.974911244254417e-06
16574;salabalabkhadb音乐生退休啦;1;0;1;143371;6.974911244254417e-06
16579;天天又刷到你爱人了;1;0;1;143371;6.974911244254417e-06
16586;君;1;0;1;143371;6.974911244254417e-06
16591;禾晚安愿sjlyjjjj玩玩;2;1;3;143371;2.092473373276325e-05
16595;肘文王渡边临我真的好喜欢看;1;0;1;143371;6.974911244254417e-06
16599;X玖少年团笑站给你写首歌;1;0;1;143371;6.974911244254417e-06
16610;我又想到桃遇愿;2;0;2;143371;1.3949822488508834e-05
16630;学数学的莎士比亚有点想你原谅我;1;0;1;143371;6.974911244254417e-06
16637;我与晚风同行哈哈哈哈哈哈哈;1;0;1;143371;6.974911244254417e-06
16639;不可李玉老骚子小心流产;1;0;1;143371;6.974911244254417e-06
16656;发伤心试试;1;0;1;143371;6.974911244254417e-06
16665;杰笑死我了;1;0;1;143371;6.974911244254417e-06
16668;R最后;1;0;1;143371;6.974911244254417e-06
16673;闪电小狗我下了一个;1;1;2;143371;1.3949822488508834e-05
16681;星海在喝水笑喷了哈哈哈哈哈哈哈哈哈哈哈哈哈哈哈哈哈哈哈哈哈哈哈哈哈哈哈哈哈哈哈哈哈哈哈哈哈哈哈哈哈哈哈哈哈哈哈哈哈哈哈哈哈哈哈哈哈哈哈哈哈哈哈哈哈;1;0;1;143371;6.974911244254417e-06
16683;Jnnn哈哈哈哈哈哈哈哈哈哈哈;2;0;2;143371;1.3949822488508834e-05
16689;半岛铁盒;2;0;2;143371;1.3949822488508834e-05
16697;讨厌琦琦子y佛山大情种小学生甄与臻与珍土豆烤薯仔实快小虞软糖想要早点睡Frederic11S是不是暗恋鸽;2;2;4;143371;2.7899644977017668e-05
16701;AY哈哈哈哈哈哈哈哈哈;1;0;1;143371;6.974911244254417e-06
16706;小陈同学哈哈哈哈哈哈哈哈哈哈哈哈哈哈哈瞅给咱老嫂子气的;1;0;1;143371;6.974911244254417e-06
16709;洛川你是歌姬吧;1;0;1;143371;6.974911244254417e-06
16712;Qer;1;0;1;143371;6.974911244254417e-06
16717;与卿你好厉害;1;0;1;143371;6.974911244254417e-06
16721;萧小五6;1;0;1;143371;6.974911244254417e-06
16723;MttY看到最后有惊喜;1;0;1;143371;6.974911244254417e-06
16729;小杜睡不醒我的喵不吃鱼哈哈哈哈哈哈哈哈笑疯了;2;1;3;143371;2.092473373276325e-05
16735;困困鱼苏梓欢易丝是嘉不是加笑死我了;2;1;3;143371;2.092473373276325e-05
16741;41随便易某又emo了毋对不起可是哈哈哈哈哈哈哈哈哈哈哈哈哈哈哈哈哈;1;0;1;143371;6.974911244254417e-06
16756;扒肖战苦茶子;1;0;1;143371;6.974911244254417e-06
16759;呃，不知道该评论什么;2;5;7;143371;4.882437870978092e-05
16763;官尋快来抢前排;1;0;1;143371;6.974911244254417e-06
16799;回忆的音乐盒;1;0;1;143371;6.974911244254417e-06
16801;茶叶蛋锦言不吃鱼的猫邱乌托33年年忆;1;1;2;143371;1.3949822488508834e-05
16804;一段梦云;1;0;1;143371;6.974911244254417e-06
16807;江添渐落星况;2;0;2;143371;1.3949822488508834e-05
16813;vanilla（抽不到乐我亖;1;0;1;143371;6.974911244254417e-06
16816;，;1;0;1;143371;6.974911244254417e-06
16819;66;1;0;1;143371;6.974911244254417e-06
16826;壹雾银;1;1;2;143371;1.3949822488508834e-05
16832;怪我不写诗宇宙无敌霹雳啪啦臭屁哄哄狂暴美少女战士;2;0;2;143371;1.3949822488508834e-05
16842;枫谂;1;0;1;143371;6.974911244254417e-06
16846;爱留在过去;1;0;1;143371;6.974911244254417e-06
16850;以乐之名;1;0;1;143371;6.974911244254417e-06
16852;忆殇她爱着大海严祺四叶草一甜筒;2;0;2;143371;1.3949822488508834e-05
16857;花开富贵。6aa膏胎冥学长（暗恋陈死死）stop07;1;1;2;143371;1.3949822488508834e-05
16860;画技和精神状态二选一;3;1;4;143371;2.7899644977017668e-05
16866;咩咩绵羊、;1;0;1;143371;6.974911244254417e-06
16871;f少;2;0;2;143371;1.3949822488508834e-05
16875;别针对小狗在逃干饭公主我爱睡觉Lijia荔枝核睡le没L1n;1;1;2;143371;1.3949822488508834e-05
16881;梨花诗;1;0;1;143371;6.974911244254417e-06
16883;河豚妹妹;1;0;1;143371;6.974911244254417e-06
16885;123456777小染想要花;1;0;1;143371;6.974911244254417e-06
16887;好听吗，ai拿别人的歌拼的;1;1;2;143371;1.3949822488508834e-05
16889;平易近人;2;0;2;143371;1.3949822488508834e-05
16892;金木DIIL;2;0;2;143371;1.3949822488508834e-05
16895;爬爬A皮革制造厂李哥商业合作有意私聊6;2;0;2;143371;1.3949822488508834e-05
16941;泽啧泽啧;1;0;1;143371;6.974911244254417e-06
16947;在哪下啊;1;0;1;143371;6.974911244254417e-06
16949;笑鼠6玄鹤（身高178永久版）海边。重生之傲娇上司：掌上笨鸟哪里逃;1;0;1;143371;6.974911244254417e-06
16951;0;1;0;1;143371;6.974911244254417e-06
16955;觉得好听的给个，一到五打几分？;19;107;126;143371;0.0008788388167760566
16975;变英文就不像儿歌了;2;137;139;143371;0.0009695126629513639
16981;有没有可能他知道是个歌手问他的并且还是个唱儿歌的歌手，所以写了个儿歌;1;76;77;143371;0.0005370681658075901
16983;chatgpt将来肯定会带来重大影响;3;19;22;143371;0.00015344804737359716
16988;姐姐，求电脑壳好好看;5;21;26;143371;0.00018134769235061485
16998;好喜欢你哟，丽阳唱的真好听;1;6;7;143371;4.882437870978092e-05
17024;nuo菜逼且白给从小听她歌长大的嘎嘎喜欢她;2;4;6;143371;4.18494674655265e-05
17029;这个软件好像挺牛掰的我们老师上课讲过偏心日記;1;1;2;143371;1.3949822488508834e-05
17039;隔壁班的馒头Esther白楠楠凉笙墨染Saudade玺顾林从未等到偏爱;9;1;10;143371;6.974911244254417e-05
17056;旧约鱼鱼不是鱼之一不之一酸梅多多加点汤是好听的;3;0;3;143371;2.092473373276325e-05
17091;姐姐我今天生日可以祝我生日快乐吗;1;1;2;143371;1.3949822488508834e-05
17144;AI能写出方文山的词么;48;1758;1806;143371;0.012596689707123477
17193;Ai演算成千上万次找出跟周董新歌很像的曲子然后说写的很像;2;1282;1284;143371;0.008955786037622671
17197;没有周总的感觉周总的声音是他学不来的;9;233;242;143371;0.001687928521109569
17207;挺可怕的，慢慢所有事情都可以由AI和机器人替代人类;2;51;53;143371;0.0003696702959454841
17213;这不抖音热曲嘛;1;12;13;143371;9.067384617530743e-05
17215;ai只是复制整合。创新还得是人脑。只不过创新需要大量时间和知识积累。而机器人只是一瞬间的计算。ai就想起一个马上提供美味蛋糕的烤箱。而人脑才是做出新口味的糕点师，只是需要点时间。;1;10;11;143371;7.672402368679858e-05
17221;ai会代替人类吗;1;1;2;143371;1.3949822488508834e-05
17252;哪像了？;1;27;28;143371;0.00019529751483912368
17257;不管是谁的，就这个调都她妈难听;3;2;5;143371;3.487455622127208e-05
17271;0;1;0;1;143371;6.974911244254417e-06
17273;张佳人这啥啊。。。;1;0;1;143371;6.974911244254417e-06
17314;已经上新咯;4;3;7;143371;4.882437870978092e-05
17319;可是歌姬声音真的很二次元啊，啥时候才能不整古风啊;4;101;105;143371;0.0007323656806467138
17324;你要变成国风厂牌了吗;8;25;33;143371;0.00023017207106039575
17333;这个ai的软件叫什么;1;0;1;143371;6.974911244254417e-06
17335;有一种继循迹后的惊艳;1;51;52;143371;0.0003626953847012297
17337;开头巨像EmptyLove;5;39;44;143371;0.0003068960947471943
17344;来告诉我你那个红衣女子的歌出来了没;3;21;24;143371;0.000167397869862106
17352;发现抖音人都特别喜欢做中国风的词还不行;2;9;11;143371;7.672402368679858e-05
17355;我求你了什么时候出轻轻捧起的泪;6;0;6;143371;4.18494674655265e-05
17362;感觉歌姬声音不合适，曲子绝了;3;2;5;143371;3.487455622127208e-05
17386;求问自己想试着写出歌玩玩，要怎么开始学呢;1;3;4;143371;2.7899644977017668e-05
17388;什么时候发布这首;1;0;1;143371;6.974911244254417e-06
17399;也就是说，歌词还是输入音源？不是tts那种打字出人声？;1;0;1;143371;6.974911244254417e-06
17403;软件是什么啊;1;0;1;143371;6.974911244254417e-06
17413;循迹;2;4;6;143371;4.18494674655265e-05
17417;请问这个歌姬是哪个软件啊;2;0;2;143371;1.3949822488508834e-05
17420;今天要画卧蚕吗斯密马塞亦是Ambition小旎砍货啦啦1124妄想蓝小苩不黑那根蜡烛万幸相识媳妇吴所谓浅浅姐姐俞FIKY还得是笛子;4;3;7;143371;4.882437870978092e-05
17426;未命名那么多版准备什么时候出;1;2;3;143371;2.092473373276325e-05
17428;摸黑;1;0;1;143371;6.974911244254417e-06
17430;tia这首戳爆了我不知道出不出正式版能不能翻唱;3;0;3;143371;2.092473373276325e-05
17438;憨憨本憨天青色好听;1;0;1;143371;6.974911244254417e-06
17448;名字叫什么;3;0;3;143371;2.092473373276325e-05
17475;singsingsing猕猴水蜜桃洛天依董为竞来了SweetSinger洛天依3雨葱依你家塌了VOCALOID也不塌;4;1;5;143371;3.487455622127208e-05
17483;小画辛德拉油画不贴狗皮膏药点分不详Youwillchange;1;0;1;143371;6.974911244254417e-06
17487;肠粉寿司我最爱;1;0;1;143371;6.974911244254417e-06
17490;苏公杨柳堤;2;1;3;143371;2.092473373276325e-05
17494;柠檬一点也不静我是萧晟嗣素质美少女是我的朋友;1;0;1;143371;6.974911244254417e-06
17511;AI能自己写论文吗？;15;9;24;143371;0.000167397869862106
17528;大批四流作曲人员、程序员、网络写手要开始失业了;3;39;42;143371;0.0002929462722586855
17532;华语原创音乐或将迎来大爆发;2;39;41;143371;0.00028597136101443107
17535;Ai做画和做音乐还是不一样这个做出来的不能算音乐算乐器的声音吧;4;11;15;143371;0.00010462366866381626
17540;太牛了以后一个人就能当导演了;1;24;25;143371;0.00017437278110636042
17542;AI编程其实非常有用且更简单，但是程序员不会写这样的软件，然后疯狂去搞别的行业哈哈哈哈;5;6;11;143371;7.672402368679858e-05
17548;二次分配什么时候能用上ai;4;10;14;143371;9.764875741956184e-05
17554;能不能让ai做某首歌的伴奏。。;4;3;7;143371;4.882437870978092e-05
17560;如果AI自己做音乐开演唱会那才牛逼;1;7;8;143371;5.5799289954035336e-05
17563;这软件名字是啥;3;1;4;143371;2.7899644977017668e-05
17573;做一个会自己赚钱的AI;1;0;1;143371;6.974911244254417e-06
17577;作曲是写旋律配器法是配器法分轨的音符动态平衡都是补丁性质的就算能承载那么多能运行好这个机制的电脑系统依赖的都是文字描述缺陷无法弥补;1;0;1;143371;6.974911244254417e-06
17583;用ai帮助人可以，但不要用在精神文化领域。应该是底线吧。;2;1;3;143371;2.092473373276325e-05
17596;不可能的如果艺术行业都能被机器替代那所有行业都不需要人类了;2;1;3;143371;2.092473373276325e-05
17611;觉得这个目前还做不到深刻理解电影剧情给电影配乐;2;1;3;143371;2.092473373276325e-05
17618;网站是多少啊;2;1;3;143371;2.092473373276325e-05
17632;并没什么用，;3;1;4;143371;2.7899644977017668e-05
17636;缝合怪罢了，都是扒现有音乐的元素;1;4;5;143371;3.487455622127208e-05
17638;音乐的出现就是为了表达人的感情，你让Al表达谁的感情？;1;1;2;143371;1.3949822488508834e-05
17640;什么软件;1;1;2;143371;1.3949822488508834e-05
17666;怎么创建账户没反应啊;3;0;3;143371;2.092473373276325e-05
17674;我怎么登录不了;3;1;4;143371;2.7899644977017668e-05
17678;注册了只有白名单才可以，为什么不行？;3;1;4;143371;2.7899644977017668e-05
17682;三千多库存等着他功能完整好做demo呢;1;1;2;143371;1.3949822488508834e-05
17685;为什么我显示非白名单用户;1;0;1;143371;6.974911244254417e-06
17688;好米好米;1;19;20;143371;0.00013949822488508833
17690;可以选择一首歌，人工改歌词后自动翻唱么;3;2;5;143371;3.487455622127208e-05
17694;你做博主吧我给你剪视频;1;6;7;143371;4.882437870978092e-05
17696;唱鱼唱格子鱼;1;6;7;143371;4.882437870978092e-05
17698;来了;2;3;5;143371;3.487455622127208e-05
17701;唱鱼音乐官方在这;4;1;5;143371;3.487455622127208e-05
17706;好甜;2;2;4;143371;2.7899644977017668e-05
17709;好棒啊啊啊啊啊我靠，已下载;1;3;4;143371;2.7899644977017668e-05
17711;干声和成品没有做后期吗？;2;1;3;143371;2.092473373276325e-05
17714;宝贝太厉害了潜力股潜力股;1;1;2;143371;1.3949822488508834e-05
17716;下一步成为主播了嗷;1;1;2;143371;1.3949822488508834e-05
17718;我感兴趣;1;1;2;143371;1.3949822488508834e-05
17721;太强了;1;0;1;143371;6.974911244254417e-06
17723;铁人接到广子啦;1;0;1;143371;6.974911244254417e-06
17733;哈哈哈哈哈哈哈哈哈哈哈哈哈哈哈哈哈哈哈哈哈哈哈哈哈哈哈哈哈哈哈;1;0;1;143371;6.974911244254417e-06
17736;好好看这是我;4;4;8;143371;5.5799289954035336e-05
17742;0;1;0;1;143371;6.974911244254417e-06
17744;姐;1;0;1;143371;6.974911244254417e-06
17748;老嫂子这是揍嘛呢;2;0;2;143371;1.3949822488508834e-05
17752;可爱死啦;3;0;3;143371;2.092473373276325e-05
17756;来了来了;1;0;1;143371;6.974911244254417e-06
17758;软件需要花钱吗？;1;0;1;143371;6.974911244254417e-06
17765;我想进字节呀;16;76;92;143371;0.0006416918344714064
17782;那是个什么东西，软件还是编程，怎么跳跳不出去了;3;15;18;143371;0.0001255484023965795
17786;我看到李航老师了;1;23;24;143371;0.000167397869862106
17837;丁家少爷海晏河清四海升平AI的用处来了;1;0;1;143371;6.974911244254417e-06
17846;深情没結果。;1;0;1;143371;6.974911244254417e-06
17848;动如斯坦尼康;1;0;1;143371;6.974911244254417e-06
17868;用的什么写词软件啊;5;9;14;143371;9.764875741956184e-05
17874;哇蜜蜂哥哥太牛了，未来的作曲家;2;9;11;143371;7.672402368679858e-05
17878;自动的词太水了没有韵;2;4;6;143371;4.18494674655265e-05
17881;蜜蜂未来一定是优秀的编曲老师;1;6;7;143371;4.882437870978092e-05
17883;最近我们也在玩这个;1;1;2;143371;1.3949822488508834e-05
17885;这是什么软件;3;0;3;143371;2.092473373276325e-05
17891;韵脚是啥这个软件不押韵啊;1;0;1;143371;6.974911244254417e-06
17898;酷;1;2;3;143371;2.092473373276325e-05
17902;太强了;1;1;2;143371;1.3949822488508834e-05
17905;太猛了;1;1;2;143371;1.3949822488508834e-05
17908;太厉害了;1;1;2;143371;1.3949822488508834e-05
17911;大军搞文旅我都看不懂;1;0;1;143371;6.974911244254417e-06
17915;太酷了;1;1;2;143371;1.3949822488508834e-05
17924;这个软件叫什么;1;0;1;143371;6.974911244254417e-06
17926;这是传说中的chatGPT？;1;0;1;143371;6.974911244254417e-06
17930;wy严选居然让AI包办了作词作曲演唱一条龙？;3;299;302;143371;0.002106423195764834
17934;大家放心吧你们可以听啊这个歌虽然不难听吧但也没有出彩的地方吧，而且听着很熟悉;13;2586;2599;143371;0.01812779432381723
17948;吓我一跳，还好AI不会设计景观雕塑。;7;1793;1800;143371;0.012554840239657951
17956;他会写戏剧剧本吗;2;1;3;143371;2.092473373276325e-05
17959;又好听又难听又熟悉又陌生，那个曲子说不上好吧，也说不上差。;1;423;424;143371;0.002957362367563873
17963;可是AI的歌是没有感情的抒发啊;1;477;478;143371;0.0033340075747536114
17966;英语专业已经被AI完全打败啦下一个是什么专业呀;2;144;146;143371;0.0010183370416611448
17969;一首合格的歌，应该是带有语病;2;122;124;143371;0.0008648889942875477
17972;果然，唯有服务业不会辜负我们。特别是菜馆做饭，机器人可做不出那种味道;1;76;77;143371;0.0005370681658075901
17990;昭昭云端月完了要失业了海报都会做了;1;0;1;143371;6.974911244254417e-06
18021;在哪里听怎么找不到;1;12;13;143371;9.067384617530743e-05
18037;谷吃人;1;0;1;143371;6.974911244254417e-06
18039;单推荧;1;0;1;143371;6.974911244254417e-06
18041;羊角鱼鱼我靠;1;0;1;143371;6.974911244254417e-06
18043;讨厌西红柿早點睡杨咩咩咩咩咩咩咩咩咩早睡是小鱼;1;0;1;143371;6.974911244254417e-06
18070;特想知道谁会接收AI做出来的作品;12;0;12;143371;8.3698934931053e-05
18083;根本就用不了，只可以白名单用户使用。;6;0;6;143371;4.18494674655265e-05
18090;ai作词软件是啥。;2;0;2;143371;1.3949822488508834e-05
18093;这是ai歌手太真实了吧;2;2;4;143371;2.7899644977017668e-05
18096;不玩了;5;0;5;143371;3.487455622127208e-05
18102;天音是免费的吗;1;0;1;143371;6.974911244254417e-06
18104;导出来了，甲方给我提出了13个修改意见，全是“感觉”方面的;3;0;3;143371;2.092473373276325e-05
18108;现在天音用不了了;2;0;2;143371;1.3949822488508834e-05
18111;AI歌姬是啥;2;0;2;143371;1.3949822488508834e-05
18115;可是伴奏的旋律很像牛姐的一首歌;1;0;1;143371;6.974911244254417e-06
18117;导出来是midi文件？;1;0;1;143371;6.974911244254417e-06
18119;这作词还得要路哥的押韵阿趴趴;1;0;1;143371;6.974911244254417e-06
18121;不是还在内测嘛;1;0;1;143371;6.974911244254417e-06
18123;问的是怎么下载，不是要看你的演示;1;0;1;143371;6.974911244254417e-06
18125;不错呀，真的棒;1;0;1;143371;6.974911244254417e-06
18131;付费的;1;0;1;143371;6.974911244254417e-06
18137;整挺好;1;0;1;143371;6.974911244254417e-06
18141;还有机器不能干的事情吗？哐哐练十年抵不过机器十分钟;4;0;4;143371;2.7899644977017668e-05
18146;啥软件;2;0;2;143371;1.3949822488508834e-05
18149;ai现在就像个刚出生的婴儿，一个婴儿能有什么作为。;2;0;2;143371;1.3949822488508834e-05
18153;天音现在可以做单轨了吗？;1;0;1;143371;6.974911244254417e-06
18155;内测怎么注册;1;0;1;143371;6.974911244254417e-06
18157;软件名不说下吗;1;0;1;143371;6.974911244254417e-06
18159;毫无灵魂;1;0;1;143371;6.974911244254417e-06
18163;可以填词进去吗？;1;19;20;143371;0.00013949822488508833
18165;这个叫原创？;4;3;7;143371;4.882437870978092e-05
18170;已经停用了？;4;1;5;143371;3.487455622127208e-05
18175;进去了点击开始创作没反应;2;4;6;143371;4.18494674655265e-05
18179;可以根据词编曲吗;1;3;4;143371;2.7899644977017668e-05
18181;可以填词吗;2;1;3;143371;2.092473373276325e-05
18184;写好的词怎么配音;1;2;3;143371;2.092473373276325e-05
18186;网站搜不到打不开;1;1;2;143371;1.3949822488508834e-05
18199;KJ炸鸡看吧;1;2;3;143371;2.092473373276325e-05
18205;在网上搜网易天音，怎么找不到;5;2;7;143371;4.882437870978092e-05
18211;有没有网站推一下;1;1;2;143371;1.3949822488508834e-05
18220;支持中文的吗;3;1;4;143371;2.7899644977017668e-05
18225;史上最卡最慢的网站，我每点一下都得等个3分钟才能刷新;1;1;2;143371;1.3949822488508834e-05
18227;想娶ai老婆;1;0;1;143371;6.974911244254417e-06
18229;好low这特么是念经啊;1;0;1;143371;6.974911244254417e-06
18232;AI会得痔疮和带牙套么;16;2550;2566;143371;0.017897622252756835
18249;我感觉这个AI作曲就是衣托西施。;18;1181;1199;143371;0.008362918581861046
18268;有没有AI痔疮;3;455;458;143371;0.003194509349868523
18272;还有AI小说简直裂开;13;296;309;143371;0.002155247574474615
18286;咋我觉得他说话的方式跟调调还有手势，有点像另个女的，忘记她名字了;10;332;342;143371;0.0023854196455350106
18297;都是碎尸块是拿作家们的东西整合拼接的要是有怨种把这个商用被告了是不关ai的事的;1;102;103;143371;0.0007184158581582049
18299;还有个AI作文;4;63;67;143371;0.00046731905336504595
18304;ai：渺小的人类;2;65;67;143371;0.00046731905336504595
18307;真的太6了;8;4;12;143371;8.3698934931053e-05
18316;还有Al续写，就是写个作文题目，在写跟开头，它往后写;6;14;20;143371;0.00013949822488508833
18326;请问一下有人知道这是什么软件吗;1;4;5;143371;3.487455622127208e-05
18328;这是啥app;1;3;4;143371;2.7899644977017668e-05
18334;软件发我以后有枪手帮我写歌了;1;0;1;143371;6.974911244254417e-06
18339;我YJJ碓冰拓海;1;0;1;143371;6.974911244254417e-06
18346;念灵若把你比做歌你便是那高山流水;1;3;4;143371;2.7899644977017668e-05
18350;我直接郝家伙;1;0;1;143371;6.974911244254417e-06
18354;啦啦啦明月清风。艳梅YIBO鲨yu画个圆心苏子京王者级别皮帝理想中的开心刘楚森md，我白学作曲了;1;1;2;143371;1.3949822488508834e-05
18358;偷简哥苦茶子被李玉暴打后死性不改小小楠6;1;1;2;143371;1.3949822488508834e-05
18360;Jinyz0ck我觉得这个可以用来背政治;1;0;1;143371;6.974911244254417e-06
18374;潼桉问题是也不是很有感觉啊，还是东拼西凑的，果然在音乐这方面ai暂时还是无法取代人类;1;1;2;143371;1.3949822488508834e-05
18376;带着少爷走遍抖音;1;1;2;143371;1.3949822488508834e-05
18380;姨介烦银和老嫂子好像;2;1;3;143371;2.092473373276325e-05
18384;cccccy6;1;1;2;143371;1.3949822488508834e-05
18386;哒令我的妈;1;0;1;143371;6.974911244254417e-06
18391;xxxx快找出来;1;0;1;143371;6.974911244254417e-06
18394;世界第一美062694九辞小俞这个名字我想了好久;1;0;1;143371;6.974911244254417e-06
18398;早睡牛波一;1;0;1;143371;6.974911244254417e-06
18400;请叫我小张张;1;0;1;143371;6.974911244254417e-06
18405;软件叫什么名啊;1;0;1;143371;6.974911244254417e-06
18409;BadCen什么时候出个ai写作业;2;0;2;143371;1.3949822488508834e-05
18412;zylSujin倪轩不思几页诗榆木脑袋直接震惊我了;3;2;5;143371;3.487455622127208e-05
18416;左手江山右手阿蒲卧槽;1;0;1;143371;6.974911244254417e-06
18430;ghanZlalaXhaY这这你就说能不能拿来背古文我说真的;1;4;5;143371;3.487455622127208e-05
18443;毕姆竟是我自己查重率100;1;0;1;143371;6.974911244254417e-06
18445;在哪里找？我想试一下：菲律宾没有雪马尼拉也没有爱;1;0;1;143371;6.974911244254417e-06
18447;小祺饱饱不是吧这个确实有点儿好听;1;1;2;143371;1.3949822488508834e-05
18450;有点东西啊;1;0;1;143371;6.974911244254417e-06
18456;什么软件;2;0;2;143371;1.3949822488508834e-05
18463;admire123191这个和若把你的曲有什么区别;1;0;1;143371;6.974911244254417e-06
18469;续命陪小许跨年续记必有回响续集？;1;0;1;143371;6.974911244254417e-06
18473;大海秘密的持有者6666;1;0;1;143371;6.974911244254417e-06
18478;怎么这个调调特别像一首歌;1;0;1;143371;6.974911244254417e-06
18495;有没有AI学习悲伤牛角包;1;0;1;143371;6.974911244254417e-06
18497;春风十里，不如Lee我的呀耶现在这么高级;1;0;1;143371;6.974911244254417e-06
18499;不想起名字LS潇、57超级无敌暴龙战神（至臻版）解析函数瓜瓜呱呱;1;0;1;143371;6.974911244254417e-06
18515;啊Echo悲伤的螺蛳粉6;1;2;3;143371;2.092473373276325e-05
18517;颐柯;1;0;1;143371;6.974911244254417e-06
18520;纯情girl几50;1;0;1;143371;6.974911244254417e-06
18523;瘋;2;0;2;143371;1.3949822488508834e-05
18527;参赛者皖逸;1;0;1;143371;6.974911244254417e-06
18534;YayHe;1;0;1;143371;6.974911244254417e-06
18539;吃吃喝喝最开心了pitritxyljq;1;1;2;143371;1.3949822488508834e-05
18542;恋爱脑男与UBabi6;2;1;3;143371;2.092473373276325e-05
18549;一瓶小猫呀;1;2;3;143371;2.092473373276325e-05
18556;Roisley;1;0;1;143371;6.974911244254417e-06
18558;LY鱼;1;0;1;143371;6.974911244254417e-06
18560;wx怡然;1;0;1;143371;6.974911244254417e-06
18579;茜小小羊Eoch17angie钦子;1;0;1;143371;6.974911244254417e-06
18585;月旋与磊;1;0;1;143371;6.974911244254417e-06
18588;发财侯欣宇是我爹咕咕鸡;1;3;4;143371;2.7899644977017668e-05
18591;什么软件;1;0;1;143371;6.974911244254417e-06
18593;什么软件啊;1;0;1;143371;6.974911244254417e-06
18595;比他长痔疮的速度还快毛怪苏利文;1;0;1;143371;6.974911244254417e-06
18597;1;1;0;1;143371;6.974911244254417e-06
18654;赵泳鑫的奶薰Z;1;0;1;143371;6.974911244254417e-06
18659;五星要统治世界了;1;0;1;143371;6.974911244254417e-06
18661;杰伦自己说了，他的音乐是ai做不了的;44;534;578;143371;0.004031498699179053
18706;寻找对Ai人工智能感兴趣的小伙伴，一起集思广益，一起讨论这条赛道的商机有兴趣的加我好友进群Ai人工智能讨论群;1;2;3;143371;2.092473373276325e-05
18708;这和弦听两句就烦了，一点变化都没有;36;163;199;143371;0.001388007337606629
18745;别搜了问问题要钱的;3;0;3;143371;2.092473373276325e-05
18749;词写的不错不过和弦太重复了吧;13;166;179;143371;0.0012485091127215405
18763;七里香和弦;5;80;85;143371;0.0005928674557616254
18769;有没有高手能演奏一下;4;12;16;143371;0.00011159857990807067
18774;应该是用周杰伦风格作曲，方文山风格填词，编曲和作曲是两个概念;2;10;12;143371;8.3698934931053e-05
18777;虽然杰伦是神，但是chatGPT有无限的潜力和进步空间，这是最可怕的地方;3;11;14;143371;9.764875741956184e-05
18782;官方网站还是镜像;5;0;5;143371;3.487455622127208e-05
18789;收藏了明天试一下;2;1;3;143371;2.092473373276325e-05
18792;不过这也不周杰伦啊，他一般都是两段主歌才开始接副歌啊，有时候甚至还会有预副歌，这玩意儿图一乐就行;2;0;2;143371;1.3949822488508834e-05
18802;在在用没用过chatGPT;1;0;1;143371;6.974911244254417e-06
18804;周杰伦不怎么用6415啊;1;1;2;143371;1.3949822488508834e-05
18808;怎么搞的啊;1;0;1;143371;6.974911244254417e-06
18810;以为雨会下很久？;1;0;1;143371;6.974911244254417e-06
18812;悲伤呼噜球冬日忆渐浓190纯情女初梦苏双双脾气好拼多多FREEHUGY毛球独自吹寒风Woele不是西凉王hannn四川导师挖槽;5;1;6;143371;4.18494674655265e-05
18819;丫丫Yuiiiiiii卧槽;1;1;2;143371;1.3949822488508834e-05
18822;兄弟们，看看我置顶的皮克斯漫画，那是关于Jay的漫画;2;2;4;143371;2.7899644977017668e-05
18827;蜘蛛丝不是。。。这ai这么屌吗;1;0;1;143371;6.974911244254417e-06
18829;0;1;0;1;143371;6.974911244254417e-06
18832;马爷牛奶鸡蛋醪糟弹弹快;1;0;1;143371;6.974911244254417e-06
18837;HangHang这东西怎么用啊;1;0;1;143371;6.974911244254417e-06
18844;槾槾不慢卧槽？;1;0;1;143371;6.974911244254417e-06
18846;江江江江江江添顺风用户4091364214781说好一起听Jay啊这;1;1;2;143371;1.3949822488508834e-05
18851;你的头发乱了喔新世纪猫狗纯爱战士小陈Sara绷带过于逆天;1;2;3;143371;2.092473373276325e-05
18856;我想知道这个是完全ai自己创作的吗;1;0;1;143371;6.974911244254417e-06
18859;三尺长剑斩红尘卧槽好牛;1;0;1;143371;6.974911244254417e-06
18862;但是仍然代替不了周杰伦写歌真挚的情感;2;0;2;143371;1.3949822488508834e-05
18866;任然范特西SK8雨鹤啊？？？卧槽;1;0;1;143371;6.974911244254417e-06
18871;ljx爱开团夜焯想听;1;0;1;143371;6.974911244254417e-06
18874;跟着风走新歌，拿走不谢;1;0;1;143371;6.974911244254417e-06
18881;这活儿我能整，兄弟们，给我一天时间;39;104;143;143371;0.0009974123079283816
18922;忘加编曲人了雨勳（亞尼斯音樂）;3;0;3;143371;2.092473373276325e-05
18926;我好牛逼10梦想是太空人五条恭一郎木木木白陳yep下次可以叫碰撞安排;1;1;2;143371;1.3949822488508834e-05
18928;江忍杰伦，你可以退休了;1;0;1;143371;6.974911244254417e-06
18931;囷我哥上次跟我说的chatgpt，是已经有自我意识的人工智能，可以回答任何问题，我问过几个问题全回答出来了，并且是带有主观意识的，人工智能已经被过度开发了;2;0;2;143371;1.3949822488508834e-05
18935;止水是AQQ呀leishao来一段;2;0;2;143371;1.3949822488508834e-05
18938;小火慢炖的粥歌词的风格真的很像;1;0;1;143371;6.974911244254417e-06
18943;你好作者是gpt几阿;2;0;2;143371;1.3949822488508834e-05
18946;呼呼呼快试试;1;1;2;143371;1.3949822488508834e-05
18948;My快整一下;1;0;1;143371;6.974911244254417e-06
18950;ontherun能谈？;1;0;1;143371;6.974911244254417e-06
18953;等以后我学完钢琴就来弹;1;2;3;143371;2.092473373276325e-05
18955;有人弄一下吗;1;0;1;143371;6.974911244254417e-06
18957;幻影ikun，前情提要要不要试试;8;0;8;143371;5.5799289954035336e-05
18967;Oxygen岳大逼上课就让我们下来去了解这个chatgpt;3;0;3;143371;2.092473373276325e-05
18971;日出词风格很明显不是方文山的;1;2;3;143371;2.092473373276325e-05
18973;行舒歌曲名字叫青秋笑死我了;1;0;1;143371;6.974911244254417e-06
18976;xty牛逼;1;0;1;143371;6.974911244254417e-06
18978;有人弹了请踹我;9;2;11;143371;7.672402368679858e-05
18989;牛逼666;1;0;1;143371;6.974911244254417e-06
18992;厉害了;1;2;3;143371;2.092473373276325e-05
18994;不错;1;0;1;143371;6.974911244254417e-06
18996;明天再见面;4;0;4;143371;2.7899644977017668e-05
19009;我是猫;1;0;1;143371;6.974911244254417e-06
19012;AlvinMou;1;0;1;143371;6.974911244254417e-06
19017;der个菜ZJZwc;1;1;2;143371;1.3949822488508834e-05
19022;就算放开;2;1;3;143371;2.092473373276325e-05
19041;蒲公英有约定;1;0;1;143371;6.974911244254417e-06
19046;栖09;3;0;3;143371;2.092473373276325e-05
19051;NZ;1;0;1;143371;6.974911244254417e-06
19053;川川川;1;0;1;143371;6.974911244254417e-06
19063;高冷偏执琳少;1;0;1;143371;6.974911244254417e-06
19066;不动游星一点都不晚粉色海洋啊李浩天天;2;0;2;143371;1.3949822488508834e-05
19075;Yi;1;0;1;143371;6.974911244254417e-06
19081;凌云志;2;0;2;143371;1.3949822488508834e-05
19084;hdhh乔诺去年的冬天;1;1;2;143371;1.3949822488508834e-05
19088;被太阳眷顾的女孩千金一瓠Aizero临冬岸可是真的好听诶;1;2;3;143371;2.092473373276325e-05
19090;43岁狐媚小妈大妈音58岁离婚带两娃kkkkkkkkkkkkkk蛋炒番茄沃趣;3;0;3;143371;2.092473373276325e-05
19094;不加糖;1;1;2;143371;1.3949822488508834e-05
19096;佳佳佳;1;0;1;143371;6.974911244254417e-06
19098;阿寇Fairy音乐和歌词这方面ai永远代替不了人类;2;0;2;143371;1.3949822488508834e-05
19101;自宅警备员好家伙;1;0;1;143371;6.974911244254417e-06
19113;这个软件叫什么名字我也想玩;1;0;1;143371;6.974911244254417e-06
19115;感觉有点拉;1;0;1;143371;6.974911244254417e-06
19117;果然ai在艺术上还是代替不了人，说真的这真少了那味;1;0;1;143371;6.974911244254417e-06
19122;chatgpt逆天啊;1;0;1;143371;6.974911244254417e-06
19124;a阿巴再这样人类就没意义了;1;0;1;143371;6.974911244254417e-06
19126;感觉有点词藻堆砌;1;0;1;143371;6.974911244254417e-06
19128;6000多首原创可真敢吹啊乐坛一哥就是您了;5;19;24;143371;0.000167397869862106
19134;大哥你能不能换个头像，怎么感觉这头像跟你作品不相匹配呢？我已经忍你这头像很久了;2;4;6;143371;4.18494674655265e-05
19138;还以为你找了个大咖，结果这个资深原创大师郑某创作的《四季予你》副歌和间奏和Bigbang的《一天一天》相似度太高了，按破氏推断，那就是像了，涉嫌抄袭。;4;12;16;143371;0.00011159857990807067
19143;破壁老师怎么看《司机与你》这种歌;2;1;3;143371;2.092473373276325e-05
19149;现在AI应该已经可以逐步达到你自己哼唱自己谱成曲，大部分人听太多已有歌曲，很容易造成疑似抄袭，现在门槛是在变低;1;3;4;143371;2.7899644977017668e-05
19153;限流了吗;1;0;1;143371;6.974911244254417e-06
19155;聊聊乐手吧;1;0;1;143371;6.974911244254417e-06
19165;聊一聊宁缺，热门歌手;1;0;1;143371;6.974911244254417e-06
19172;四季予你作曲郑冰冰（6000多首原创）;1;2;3;143371;2.092473373276325e-05
19177;四季予你的编曲不就是抄袭一天一天吗;5;6;11;143371;7.672402368679858e-05
19183;四级予你也是裁缝吧建议扒一扒;2;2;4;143371;2.7899644977017668e-05
19194;华语乐坛跟这个时代一样，陷入了某种漩涡。把三集看完了，感觉做事都是按照市场经济体制，作品也必须因流量去跪舔，苟且迎合，不然就没法生存一样。能不能倒转思维，换一种方式，敢教日月换新天走出这个魔咒呢？;1;0;1;143371;6.974911244254417e-06
19196;国内AI怎么不介绍介绍;35;25;60;143371;0.000418494674655265
19232;暂时ai的作品都缺少情绪缺少灵魂。;11;11;22;143371;0.00015344804737359716
19244;人有灵光一闪，而ai恰恰缺少这个真正的随机，未来量子计算机可能会补充这个，留给人类的时间真的不多了;3;16;19;143371;0.00013252331364083393
19248;估计音乐先被攻克。声音数字化后，计算量不大。;3;5;8;143371;5.5799289954035336e-05
19252;啊朋友再见啊朋友再见啊朋友再见吧再见吧再见吧85后应该不知道吧;1;9;10;143371;6.974911244254417e-05
19275;那搞出的音乐版权是谁的;1;0;1;143371;6.974911244254417e-06
19284;你老往下带，老是说抢饭碗，替代，淘汰Ai服务于人类谢谢;1;0;1;143371;6.974911244254417e-06
19287;哪家标的？;1;0;1;143371;6.974911244254417e-06
19290;说白了ai就是抄袭，不会自己创造;7;0;7;143371;4.882437870978092e-05
19313;那学历还有用吗？;1;0;1;143371;6.974911244254417e-06
19323;这很符合欧美对东方的审美;11;988;999;143371;0.006967936333010162
19336;田亮的女儿吗？长大了怎么长这样了？;24;34;58;143371;0.00040454485216675617
19361;我以为动漫里面那些身体小头大的，只有在动漫里面能看到，没想到在现实中也能看到;6;74;80;143371;0.0005579928995403533
19368;这个真可谓是一个时尚女神;1;120;121;143371;0.0008439642605547845
19373;这歌真的挺好听的;1;5;6;143371;4.18494674655265e-05
19377;是我喜欢听的歌;1;1;2;143371;1.3949822488508834e-05
19391;只有我觉得很土嘛？;8;120;128;143371;0.0008927886392645654
19400;我要不刷到这个视频，我都不知道有这么个人;1;0;1;143371;6.974911244254417e-06
19403;小禾子虽然但是这是我亳州的组合;3;1;4;143371;2.7899644977017668e-05
19408;AAA香菜批发王姐看看看什么看买的有点明显了;3;3;6;143371;4.18494674655265e-05
19447;说一大顿，也没听着歌;1;63;64;143371;0.0004463943196322827
19461;小野啵啵酱太咸雾川鑫奈;1;0;1;143371;6.974911244254417e-06
19463;夏一场雪喝饿何长得帅的都是我老公盐LoeWXMar14凤上岛屿笑死我了;1;0;1;143371;6.974911244254417e-06
19466;迷死柚;1;0;1;143371;6.974911244254417e-06
19501;明天发一期AI作xxx风格的词让你们看看水平它写我Rap;2;1465;1467;143371;0.010232194795321229
19504;AI我们进化速度快的让你感到邪门;3;5896;5899;143371;0.0411450014298568
19508;但是我感觉ai可以让去世的rapper们出新歌啊;5;4330;4335;143371;0.0302362402438429
19514;最近的人工智能发展真快，又是ai绘画，chatpdg，现在又有ai说唱，以后不知道什么样;1;1392;1393;143371;0.009716051363246403
19516;这个发展速度真的有点离谱了;2;2947;2949;143371;0.020569013259306275
19519;为啥呢，因为说唱门槛低;21;1900;1921;143371;0.013398804500212734
19541;那可以看更多的ai换脸了;1;303;304;143371;0.002120373018253343
19544;好在Eminem的词很少有人能写出来，那押韵、那punchline不知道AI继续发展下去能不能写出来;3;582;585;143371;0.004080323077888834
19550;已“墨镜”为主题，创造一个白居易风格的说唱，请每个结尾词都押韵想看看它写了啥不？;1;265;266;143371;0.001855326390971675
19552;那你也出点姆爷的吧;1;104;105;143371;0.0007323656806467138
19560;格斗阿祖;1;0;1;143371;6.974911244254417e-06
19599;我来说我的观点吧，那些接受不了AI的几年后只会进入败者群里，那些已经在适应接受AI的人是几年后的胜利者;1;142;143;143371;0.0009974123079283816
19612;rap那些词，本来就很简单的东西，ai训练模型随便做，说难听点rap难度门槛太低，大众模型就足够了;2;8;10;143371;6.974911244254417e-05
19698;我讨厌chatGPT;1;13;14;143371;9.764875741956184e-05
19713;能不能量产杰伦的歌;2;21;23;143371;0.0001604229586178516
19720;0;2;80;82;143371;0.0005719427220288621
19739;所以可以ai作词ai作曲ai唱歌吗，艺人是不是可以自己委托ai干活了;1;14;15;143371;0.00010462366866381626
19744;高冷勿扰;1;0;1;143371;6.974911244254417e-06
19875;AI的发展速度绝对很离谱，要照这么发展，总会有一天AI取代人类，但是好消息是，咱们可能活不到那一天了;6;2603;2609;143371;0.018197543436259775
19883;画画，音乐，围棋，说唱，动画，计算机，建模感觉AI以后会殴打大部分的职业;1;30;31;143371;0.00021622224857188691
19943;玩过编曲键盘，你就知道，这东西就是咋回事了。;8;0;8;143371;5.5799289954035336e-05
19952;软件？还是网页;1;0;1;143371;6.974911244254417e-06
19955;搞个录屏工具再加你的人脸一起;1;0;1;143371;6.974911244254417e-06
19957;都是英文的;29;8;37;143371;0.0002580717160374134
19987;还不如悠悠虚拟乐队;2;2;4;143371;2.7899644977017668e-05
19990;歌词写的真好;6;17;23;143371;0.0001604229586178516
19997;bbw是不是bandinabox？;7;7;14;143371;9.764875741956184e-05
20005;请问老师录音软件叫什么名字;10;2;12;143371;8.3698934931053e-05
20016;为什么我下载的全是英文;12;1;13;143371;9.067384617530743e-05
20029;我也写了一首歌词，老师能帮我作吗;10;2;12;143371;8.3698934931053e-05
20040;这是什么时候的视频了？fl图标也不是这样;8;1;9;143371;6.277420119828975e-05
20049;老师好棒哦，我也很喜欢自编歪歌，就是半走不了。;4;5;9;143371;6.277420119828975e-05
20054;大哥你出个完整的教程啊我要买;6;1;7;143371;4.882437870978092e-05
20061;我提供歌词，可以帮我搞一个曲吗？我付费;6;1;7;143371;4.882437870978092e-05
20068;这就很恐怖了瞬间变歌手了;2;9;11;143371;7.672402368679858e-05
20071;真麻烦;5;1;6;143371;4.18494674655265e-05
20077;我把音频发给老师，可以给我制伴奏吗;5;1;6;143371;4.18494674655265e-05
20083;帮我做一个多少钱;5;1;6;143371;4.18494674655265e-05
20089;必须是这个软件吗？别的行吗;1;0;1;143371;6.974911244254417e-06
20091;很棒我想学;1;0;1;143371;6.974911244254417e-06
20096;用的是不是Bandinabox;1;0;1;143371;6.974911244254417e-06
20098;我也想写，不识谱不会记，捕捉到到美妙的旋律之后，就忘了。;2;0;2;143371;1.3949822488508834e-05
20102;你这软件怎么下载;2;1;3;143371;2.092473373276325e-05
20106;bbw哪里下载的分享一个嘛;2;1;3;143371;2.092473373276325e-05
20113;你好，如果就用一个手机能不能做出来好听一点的伴奏？我在手机库乐队试了一下，只能做那种没有什么前奏和间奏的，单调乏味的一个调到底的那种伴奏，听了就够;2;1;3;143371;2.092473373276325e-05
20116;没有电脑玩不了;1;1;2;143371;1.3949822488508834e-05
20118;bbw下载教程可以分享吗;2;1;3;143371;2.092473373276325e-05
20121;兄弟，你能帮助我吗，能帮助我制作音乐吗？我不会，我会唱歌，自己写的歌，我唱歌的天赋很好，你愿意跟我一起合作吗？我看你在这方面很懂，我需要你，这么好的技术;4;1;5;143371;3.487455622127208e-05
20126;可以在手机上操作不;3;1;4;143371;2.7899644977017668e-05
20130;创作魔方专业版在那里买;1;2;3;143371;2.092473373276325e-05
20138;老师，加你V了，麻烦通过一下，做伴奏的事;1;1;2;143371;1.3949822488508834e-05
20142;你这首歌还写的不错;1;1;2;143371;1.3949822488508834e-05
20144;还是用电脑;1;1;2;143371;1.3949822488508834e-05
20146;手机录音功能录的唱作魔方识别不了;2;0;2;143371;1.3949822488508834e-05
20149;还需要附加插件吗？比如声卡麦克风什么;3;1;4;143371;2.7899644977017668e-05
20154;哪三个软件？太快了，没看清楚。还有，这些软件都怎么操作？求赐教;1;1;2;143371;1.3949822488508834e-05
20157;老师好我有一首伴奏是钢琴的，原版是电子钢琴。能变声到电子钢琴吗。制到也可以多少钱。;2;1;3;143371;2.092473373276325e-05
20162;软件名字叫什么;1;1;2;143371;1.3949822488508834e-05
20164;那三个软件配合老师;2;3;5;143371;3.487455622127208e-05
20167;真棒可以教吗;1;1;2;143371;1.3949822488508834e-05
20170;找不到在哪导入自己录音啊;1;1;2;143371;1.3949822488508834e-05
20172;你用了几个软件啊，编曲。名字可以告诉一下吗;4;1;5;143371;3.487455622127208e-05
20177;必须要电脑才可以自动伴奏么？;1;1;2;143371;1.3949822488508834e-05
20179;可以帮我弄一个吗;1;1;2;143371;1.3949822488508834e-05
20181;找你做音乐，给好;1;1;2;143371;1.3949822488508834e-05
20183;有没有把歌唱出来，然后能自动把曲谱出来的app;1;1;2;143371;1.3949822488508834e-05
20185;帮我做一个伴奏可不可以;1;1;2;143371;1.3949822488508834e-05
20188;魔方写的和弦就不准;1;1;2;143371;1.3949822488508834e-05
20190;在手机上能做吗;1;0;1;143371;6.974911244254417e-06
20192;老师能给我写一首不;1;1;2;143371;1.3949822488508834e-05
20195;我有自己作的简谱作品，帮我做伴奏可以吗？;1;1;2;143371;1.3949822488508834e-05
20199;太厉害了;1;0;1;143371;6.974911244254417e-06
20202;能帮我做吗;1;1;2;143371;1.3949822488508834e-05
20204;想制作成伴奏;1;1;2;143371;1.3949822488508834e-05
20210;这个是什么软件？知道旋律就可以做伴奏对吗？;1;0;1;143371;6.974911244254417e-06
20212;要是拍抖言像全民k歌那样有伴凑音调该多好哟;1;1;2;143371;1.3949822488508834e-05
20214;是什么软件;1;0;1;143371;6.974911244254417e-06
20216;这是什么软件;1;1;2;143371;1.3949822488508834e-05
20219;可以给我写一首歌吗？;2;0;2;143371;1.3949822488508834e-05
20222;做伴奏的电脑软件是免费的吗;1;1;2;143371;1.3949822488508834e-05
20225;山歌伴奏怎么制作，重复循环，编不同的歌词用同样的伴奏。;3;1;4;143371;2.7899644977017668e-05
20229;都用啥软件啊;1;0;1;143371;6.974911244254417e-06
20236;手机可以吗;1;1;2;143371;1.3949822488508834e-05
20238;人工AI伴奏软件怎么买呢;1;1;2;143371;1.3949822488508834e-05
20240;老师好，我是不懂乐理的小白，想学作曲，用什么软件好啊？谢谢;2;1;3;143371;2.092473373276325e-05
20243;一共需要那几个软件;1;1;2;143371;1.3949822488508834e-05
20247;你就给我做一个伴奏呗，我我有词，能唱，付费行不行;2;2;4;143371;2.7899644977017668e-05
20250;收徒吗请回复一下老师;1;2;3;143371;2.092473373276325e-05
20252;手机有这种软件吗，有点繁杂，看不懂;1;1;2;143371;1.3949822488508834e-05
20254;哇，太牛了我也想学;1;2;3;143371;2.092473373276325e-05
20256;我真的找不到了。你能买给我吗;4;1;5;143371;3.487455622127208e-05
20261;你能否帮我搞一个原创伴奏;1;2;3;143371;2.092473373276325e-05
20264;怎么学你的软件;1;1;2;143371;1.3949822488508834e-05
20267;能帮我配个伴奏吗;1;0;1;143371;6.974911244254417e-06
20269;需要什么设备？录音？;4;1;5;143371;3.487455622127208e-05
20274;有空在找你学可以吗;1;0;1;143371;6.974911244254417e-06
20276;我要做个伴奏，怎么联系你;1;1;2;143371;1.3949822488508834e-05
20278;老师好;1;2;3;143371;2.092473373276325e-05
20281;老师做个伴奏，怎么联系;3;2;5;143371;3.487455622127208e-05
20285;你好录歌只要对着电脑唱就可以吗？;1;1;2;143371;1.3949822488508834e-05
20287;老师j我要跟你学;1;1;2;143371;1.3949822488508834e-05
20290;谢谢指教分享;1;2;3;143371;2.092473373276325e-05
20292;这一下弄不明白啊，;1;1;2;143371;1.3949822488508834e-05
20294;你好，请问录歌的软件叫什么;1;1;2;143371;1.3949822488508834e-05
20297;你这个数字记下来那个有点快看不懂，那个数字搞慢一点，行不行。;2;1;3;143371;2.092473373276325e-05
20300;我今天下载了，然后自己哼着一首老歌让他自动伴奏完全不着调牛头不对马嘴一点都不融洽。是不是我不会弄吗？;2;0;2;143371;1.3949822488508834e-05
20303;老师，可以出一个很细致，详细的教程吗还不是有点不懂;1;2;3;143371;2.092473373276325e-05
20309;我写了一首歌帮忙伴奏一下;1;2;3;143371;2.092473373276325e-05
20311;太好听了你这么优秀，我们学不来呀;1;2;3;143371;2.092473373276325e-05
20314;你好，自动伴奏的软件是什么啊，在那里可以下载，bbw那个;2;1;3;143371;2.092473373276325e-05
20317;后面放的也不是你唱的啊;1;1;2;143371;1.3949822488508834e-05
20319;我想问一下你用什么麦克和声卡;1;2;3;143371;2.092473373276325e-05
20321;手机可以吗？;2;1;3;143371;2.092473373276325e-05
20324;请问一下，您这个表andinabox有多大，很多是1T多，小一点的可以吗;1;1;2;143371;1.3949822488508834e-05
20326;我写了一写了一首歌一直没制作出来;3;2;5;143371;3.487455622127208e-05
20331;请问这是什么软件;1;1;2;143371;1.3949822488508834e-05
20334;卧槽那么厉害的嘛都不用乐队了;1;1;2;143371;1.3949822488508834e-05
20336;多少钱软件;1;1;2;143371;1.3949822488508834e-05
20338;想学;1;1;2;143371;1.3949822488508834e-05
20341;我的软件为啥安装不了;1;1;2;143371;1.3949822488508834e-05
20344;你自己的音乐作品都是用自动伴奏的吗？;3;1;4;143371;2.7899644977017668e-05
20349;和以前在基地用过的ce21一样;2;1;3;143371;2.092473373276325e-05
20353;您好，想请教一下，在唱作魔方里生成的数字等级，怎么把这些数字转成和弦啊，是直接在bandinabox里输入这些数字吗？;3;3;6;143371;4.18494674655265e-05
20361;我六十多岁了，有一位老朋友80岁了，写了许多歌，但是都没有伴奏，我想帮他，他也找我让我学学编配伴奏;1;6;7;143371;4.882437870978092e-05
20363;老师讲的太快了。我年龄大了点记不住。我有AU录音软件，想学一下编配伴奏音乐;1;0;1;143371;6.974911244254417e-06
20366;这个软件好大，一般电脑装不下吧;1;1;2;143371;1.3949822488508834e-05
20370;这不是bandinabox嘛;1;1;2;143371;1.3949822488508834e-05
20372;安装总是英文版;1;1;2;143371;1.3949822488508834e-05
20374;bbw;1;2;3;143371;2.092473373276325e-05
20376;这软件多大？;1;0;1;143371;6.974911244254417e-06
20380;我是小白，帮忙做个伴奏行吗;1;1;2;143371;1.3949822488508834e-05
20385;太强大了;3;1;4;143371;2.7899644977017668e-05
20389;歌曲发布了吗;1;1;2;143371;1.3949822488508834e-05
20392;这叫什么软件？;1;1;2;143371;1.3949822488508834e-05
20395;豫剧戏曲可以吗;1;0;1;143371;6.974911244254417e-06
20403;box老师那软件是买的还是自己安装了？;2;1;3;143371;2.092473373276325e-05
20406;都需要什么软件？;1;1;2;143371;1.3949822488508834e-05
20414;我也要这样子太强大了原来还可以这样子;1;8;9;143371;6.277420119828975e-05
20418;老师你在合肥吗？找你请教;1;1;2;143371;1.3949822488508834e-05
20423;我也爱写歌，就是没谱子，大力支持你;1;1;2;143371;1.3949822488508834e-05
20427;下载了不会用，也没有找到教程;1;1;2;143371;1.3949822488508834e-05
20429;我也想试试，都需要哪些软件，求干货;2;1;3;143371;2.092473373276325e-05
20432;大佬你好。篡改歌词还是原声唱出来那种怎么玩;1;1;2;143371;1.3949822488508834e-05
20434;兄弟你能在线教我吗？我刚刚写了一首歌苦于没有办法做伴奏兄弟能支持一下吗？感谢;1;4;5;143371;3.487455622127208e-05
20437;老师能用手机制作伴奏吗？;2;1;3;143371;2.092473373276325e-05
20441;怎么输入;1;1;2;143371;1.3949822488508834e-05
20443;box是那个版本;1;4;5;143371;3.487455622127208e-05
20445;爱了爱了爱了;1;1;2;143371;1.3949822488508834e-05
20448;人才;1;3;4;143371;2.7899644977017668e-05
20451;我想学老师;3;2;5;143371;3.487455622127208e-05
20455;如果不用电脑，在手机剪映里面怎么才能找到伴奏音乐呢，也就是说自己编的歌，自己编的顺口溜，也不对口型，是自唱，自己用音乐把它唱出来发在抖音里面，这个怎么弄呢，谢谢告诉一下;30;52;82;143371;0.0005719427220288621
20493;好厉害;2;2;4;143371;2.7899644977017668e-05
20500;软件都是收费的？;3;1;4;143371;2.7899644977017668e-05
20504;就是那几个软件不会下载，还望老师详细介绍一下;3;1;4;143371;2.7899644977017668e-05
20508;这个软件多少钱;3;0;3;143371;2.092473373276325e-05
20512;三款软件搞个链接分享下呗;4;0;4;143371;2.7899644977017668e-05
20517;是不是自己随便唱一首自己乱编的歌就可以出来一首歌了;4;0;4;143371;2.7899644977017668e-05
20522;挺想学这个的;3;0;3;143371;2.092473373276325e-05
20526;这里边吉他solo是自动生成的？;1;1;2;143371;1.3949822488508834e-05
20528;非常感谢，正在搞原创歌曲，我是小白需要这个东西;1;1;2;143371;1.3949822488508834e-05
20530;大师，看到信息请回复，期待合作;1;1;2;143371;1.3949822488508834e-05
20532;录音软件在哪儿下;1;1;2;143371;1.3949822488508834e-05
20534;手机可以下载这个软件嘛;1;1;2;143371;1.3949822488508834e-05
20536;box怎么找不到;1;1;2;143371;1.3949822488508834e-05
20538;下载的全是游戏。;2;0;2;143371;1.3949822488508834e-05
20541;兄弟，百度下载为啥都是英文版，可否提供中文版的下载方式，谢谢;2;0;2;143371;1.3949822488508834e-05
20544;那个box这个软件在哪里下载;2;0;2;143371;1.3949822488508834e-05
20547;bbw在哪里下载的呀;2;0;2;143371;1.3949822488508834e-05
20550;老铁哪里弄个这个软件啊？能不能发给我;2;0;2;143371;1.3949822488508834e-05
20553;怎么下载呢？或者在哪里有卖;4;0;4;143371;2.7899644977017668e-05
20558;手机上也可以用吗要下载什么软求告诉谢谢;2;1;3;143371;2.092473373276325e-05
20561;你的软件怎么才能买到？？;3;0;3;143371;2.092473373276325e-05
20565;软件免费吗;3;0;3;143371;2.092473373276325e-05
20576;你那个录音软件和唱作魔方没有收到过啊？;1;2;3;143371;2.092473373276325e-05
20578;这些软件在哪里下载？;3;0;3;143371;2.092473373276325e-05
20582;大哥，电脑得用什么配置的;3;0;3;143371;2.092473373276325e-05
20586;我是专业的但是看到你这个，这个就;1;0;1;143371;6.974911244254417e-06
20588;这些软件要收费吗？;1;0;1;143371;6.974911244254417e-06
20590;可以用来认证抖音音乐人吗;1;0;1;143371;6.974911244254417e-06
20592;为啥我导入的音频显示文件已损坏呢;1;0;1;143371;6.974911244254417e-06
20594;手机能用吗;1;0;1;143371;6.974911244254417e-06
20596;老师这个bbw是什么，找不到下载;1;0;1;143371;6.974911244254417e-06
20598;什么软件;1;0;1;143371;6.974911244254417e-06
20600;什么软件;1;0;1;143371;6.974911244254417e-06
20602;什么软件;1;0;1;143371;6.974911244254417e-06
20604;请问在哪下载这个软件？;1;0;1;143371;6.974911244254417e-06
20606;这个是什么软件啊，怎么下载;1;0;1;143371;6.974911244254417e-06
20608;bandinabox在哪里下载;1;0;1;143371;6.974911244254417e-06
20610;你好什么地方能下载到软件;1;0;1;143371;6.974911244254417e-06
20612;需要几个软件怎么卖;1;0;1;143371;6.974911244254417e-06
20614;bbW，咋下下载;1;0;1;143371;6.974911244254417e-06
20616;老哥可以分享在哪里买的软件吗？具体店家靠谱吗;1;0;1;143371;6.974911244254417e-06
20618;感谢老师分享，用手机可以把这些全部操作完成吗;1;0;1;143371;6.974911244254417e-06
20620;软件在哪里找;1;0;1;143371;6.974911244254417e-06
20622;bbw什么软件;1;0;1;143371;6.974911244254417e-06
20624;大佬你这些软件在哪里下载;1;0;1;143371;6.974911244254417e-06
20626;BANDINABOX某宝上有，很好用;1;0;1;143371;6.974911244254417e-06
20628;手机有这个软件吗;1;0;1;143371;6.974911244254417e-06
20630;老师什么软件，1645;1;0;1;143371;6.974911244254417e-06
20632;手机可以安装吗？;1;0;1;143371;6.974911244254417e-06
20634;都需要那些软件？求干活;1;0;1;143371;6.974911244254417e-06
20636;你这个录屏要会员吗;1;0;1;143371;6.974911244254417e-06
20638;什么软件呀，可以推荐下吗;1;0;1;143371;6.974911244254417e-06
20686;你这是水果软件吗;1;1;2;143371;1.3949822488508834e-05
20691;软件是什么;1;0;1;143371;6.974911244254417e-06
20701;AI音乐的浪潮已经到来，我们不用担心AI替代人类音乐家那一天的到来，在至少很长一段时间里，音乐创作还是会由两者共同完成。结合人的创新与AI的创造，也许才是最好的未来。;1;2;3;143371;2.092473373276325e-05
20703;我感觉挺好听的，另外，你的声音是不是做过处理了？;8;2;10;143371;6.974911244254417e-05
20712;没有数据基础没用，有数据基础出来的东西制式的没用;6;2;8;143371;5.5799289954035336e-05
20719;哎呀，终于大神出现了;2;1;3;143371;2.092473373276325e-05
20722;Ai虽然先进，但是与人的智慧还差得远呢，要创新和ai不同还是得靠音乐人的;3;3;6;143371;4.18494674655265e-05
20726;虽然AI音乐很先进，但是不是我喜欢的类型;1;2;3;143371;2.092473373276325e-05
20728;ai音乐至少带来智能新型复古乐风回暖;3;1;4;143371;2.7899644977017668e-05
20732;见解独到，鞭辟入里;1;1;2;143371;1.3949822488508834e-05
20734;信号的一个视频怎么删了;1;1;2;143371;1.3949822488508834e-05
20736;人工智能并没有情感;1;1;2;143371;1.3949822488508834e-05
20738;0;3;1;4;143371;2.7899644977017668e-05
20742;0;1;1;2;143371;1.3949822488508834e-05
20744;0;1;1;2;143371;1.3949822488508834e-05
20746;0;1;1;2;143371;1.3949822488508834e-05
20748;如果当AI的艺术创作力都全面超越人类，那人类也就没有存在的必要性和可能性了;3;2;5;143371;3.487455622127208e-05
20752;我用天音ai合成好多首了;1;1;2;143371;1.3949822488508834e-05
20754;不觉得这歌很熟悉吗？但名字我忘了，那个调完全一模一样啊;23;4;27;143371;0.00018832260359486925
20778;哪能听这个改编的;4;1;5;143371;3.487455622127208e-05
20783;我操，感觉比原版的要好听啊;3;11;14;143371;9.764875741956184e-05
20787;这听着很耳熟啊;1;4;5;143371;3.487455622127208e-05
20789;可以找到这首歌吗;1;2;3;143371;2.092473373276325e-05
20791;叮叮青蛙会不会告它抄袭？;2;1;3;143371;2.092473373276325e-05
20794;人家要求就是听起来要像疯狂青蛙;1;3;4;143371;2.7899644977017668e-05
20796;想要这首歌有吗;1;1;2;143371;1.3949822488508834e-05
20800;我也起鸡皮疙瘩了我去。。。;1;2;3;143371;2.092473373276325e-05
20802;呵;1;2;3;143371;2.092473373276325e-05
20805;ItissurprisingthatyoucanputAxeIFThetunebecomessogood;1;1;2;143371;1.3949822488508834e-05
20807;这不就是疯狂青蛙吗？这叫创作？这叫合成。;6;3;9;143371;6.277420119828975e-05
20814;疯狂青蛙。冰河时代。很经典;2;1;3;143371;2.092473373276325e-05
20817;草草草，人还怎么活;1;2;3;143371;2.092473373276325e-05
20819;写首民谣试试;1;1;2;143371;1.3949822488508834e-05
20821;再利害的AI也只是整合复制模仿人类作品思维等。而不会创造新的;1;1;2;143371;1.3949822488508834e-05
20823;疯狂青蛙的妹妹;1;1;2;143371;1.3949822488508834e-05
20825;好智能的抄袭;1;0;1;143371;6.974911244254417e-06
20837;问题来了，有词曲不会配和弦怎么办;5;15;20;143371;0.00013949822488508833
20843;叫什么;3;1;4;143371;2.7899644977017668e-05
20847;太强了;1;1;2;143371;1.3949822488508834e-05
20849;是电脑软件吗？;1;1;2;143371;1.3949822488508834e-05
20851;牛逼;1;1;2;143371;1.3949822488508834e-05
20853;这是什么软件，主播？;1;1;2;143371;1.3949822488508834e-05
20855;这个版权怎么说;1;1;2;143371;1.3949822488508834e-05
20867;孙空竹我会失业你不会;1;2;3;143371;2.092473373276325e-05
20877;网易天音吗？;1;2;3;143371;2.092473373276325e-05
20885;情书三四篇;1;2;3;143371;2.092473373276325e-05
20902;这不是20年前的网游吗？;5;391;396;143371;0.002762064852724749
20908;啥元宇宙，不就是QQ空间plus吗？;3;319;322;143371;0.002245921420649922
20912;你要结婚了，新郎不系我;2;63;65;143371;0.0004533692308765371
20916;真弄元宇宙啊喂？;3;8;11;143371;7.672402368679858e-05
20920;感觉画质不如;1;7;8;143371;5.5799289954035336e-05
20922;什么是元宇宙？;1;3;4;143371;2.7899644977017668e-05
20924;上那玩;1;1;2;143371;1.3949822488508834e-05
20926;这游戏充钱吗;1;1;2;143371;1.3949822488508834e-05
20933;我的世界VR版;1;0;1;143371;6.974911244254417e-06
20955;跟网游有啥区别？;1;1;2;143371;1.3949822488508834e-05
21044;我认为音乐和美术应该是未来人们唯一需要情感情绪完成的产物所以说ai编曲真不行我认为;2;1;3;143371;2.092473373276325e-05
21047;肯定会有的早晚的事;1;3;4;143371;2.7899644977017668e-05
21049;电子琴自动伴奏是最早的AI编曲;2;1;3;143371;2.092473373276325e-05
21052;已经有了这种的;3;0;3;143371;2.092473373276325e-05
21056;AI模仿老夏的思维方式做上万种版本让你挑、;1;2;3;143371;2.092473373276325e-05
21058;Ai作曲编曲一定有市场，因为有需求。;2;0;2;143371;1.3949822488508834e-05
21061;其实已经有了;1;0;1;143371;6.974911244254417e-06
21063;创作很难被ai取代的吧;1;0;1;143371;6.974911244254417e-06
21065;会不会有ai混音啊;1;0;1;143371;6.974911244254417e-06
21067;我遇到很多客户，总给我提出一些奇葩的建议，和说一些飘渺难懂的描述，改了n次还有直接用最初的编曲的，相信AI可能会死机;1;0;1;143371;6.974911244254417e-06
21069;是不是你发我那个;1;0;1;143371;6.974911244254417e-06
21071;说的真好，支持夏老师;1;0;1;143371;6.974911244254417e-06
21073;会不会失业？;1;0;1;143371;6.974911244254417e-06
21083;我之前在某鱼看到有卖自动编曲的软件，我感觉好扯。不是说不好，但是想学不是应该从乐理学起来嘛？。感觉这种捷径走了并无益处;3;0;3;143371;2.092473373276325e-05
21088;什么软件，方便透漏吗老师？;1;1;2;143371;1.3949822488508834e-05
21090;雅马哈的电钢琴我也有;1;0;1;143371;6.974911244254417e-06
21092;什么软件啊？;1;0;1;143371;6.974911244254417e-06
21099;那未来会不会出现会修音的ai啊;1;0;1;143371;6.974911244254417e-06
21102;搞一百个Br连起来听听;26;112;138;143371;0.0009625377517071095
21129;我来帮大家唱hook;13;29;42;143371;0.0002929462722586855
21143;请问这和vocaloid编辑器有什么区别吗;13;16;29;143371;0.00020227242608337808
21157;翻唱唱的比我还好听;1;26;27;143371;0.00018832260359486925
21161;能不能合成一个自己的音色，然后让ai帮我自己唱;2;0;2;143371;1.3949822488508834e-05
21164;rapper写歌真的会写谱吗;2;4;6;143371;4.18494674655265e-05
21167;这不就是跟洛天依现在那个一样吗;1;7;8;143371;5.5799289954035336e-05
21171;歌曲名字《lie》，想听ai的完整版扣1我后头慢慢做;1;8;9;143371;6.277420119828975e-05
21173;这个牛逼;1;0;1;143371;6.974911244254417e-06
21175;多少钱？说出来让我死心;1;0;1;143371;6.974911244254417e-06
21177;什么歌;1;0;1;143371;6.974911244254417e-06
21182;sheeppp我嚓？现在这么牛比啊;4;0;4;143371;2.7899644977017668e-05
21187;武仙森107号哇;2;0;2;143371;1.3949822488508834e-05
21191;小兆南jordanTROUBLEC想搞;1;0;1;143371;6.974911244254417e-06
21193;YS7XX邪恶倒管侠PanDa这个东西好啊，我好喜欢这个插件啊;1;0;1;143371;6.974911244254417e-06
21196;SPADESFAMILYBHD2PAN牛逼;2;0;2;143371;1.3949822488508834e-05
21199;宝纹ring我超整一个;3;0;3;143371;2.092473373276325e-05
21217;一条鱼。;1;0;1;143371;6.974911244254417e-06
21226;永别了，绘梨琪琪饱饱Kiko、思伤心的大葱（狂热的喵喵教信徒）薰衣草我觉得可以搞;2;4;6;143371;4.18494674655265e-05
21233;YoYo派SAFANCasper6666666666666;1;0;1;143371;6.974911244254417e-06
21238;MANECKECASSELL枭鬼斗七号功臣;1;1;2;143371;1.3949822488508834e-05
21240;DOUBLEZUO;1;0;1;143371;6.974911244254417e-06
21242;ohladyhiohladybye;4;2;6;143371;4.18494674655265e-05
21248;小宇买这个插件;1;0;1;143371;6.974911244254417e-06
21251;Tyssso我靠;1;0;1;143371;6.974911244254417e-06
21254;幻（清化大学版）Pamela哇;1;1;2;143371;1.3949822488508834e-05
21256;我操这是个思路;1;0;1;143371;6.974911244254417e-06
21261;Ana;1;0;1;143371;6.974911244254417e-06
21263;skii卧槽卧槽;3;0;3;143371;2.092473373276325e-05
21267;在南屿woc？;1;0;1;143371;6.974911244254417e-06
21271;Turbidserum不畅就不畅ai帮我畅;1;1;2;143371;1.3949822488508834e-05
21273;叶师傅iscookingbeatz七七我趣你们有搞咩;2;0;2;143371;1.3949822488508834e-05
21277;超甜六一从小爱闻屁biabia秃头小斗士丿Dior凉城竟然能这样，为什么不这样？;1;0;1;143371;6.974911244254417e-06
21279;Rea19z这是什么;1;0;1;143371;6.974911244254417e-06
21283;犯困嫌疑人心动了哥们;1;1;2;143371;1.3949822488508834e-05
21285;小冰你就是这么做出来的;1;0;1;143371;6.974911244254417e-06
21288;ANTSSTUDIOPEACENOYIPACE叶辰Zs赛文ShootANTSLeonBertZzNyabinghi灯神小晟神仙总发呆我嚓;1;1;2;143371;1.3949822488508834e-05
21293;我有一个不成熟的小想法;12;57;69;143371;0.00048126887585355475
21316;WOBGHOSTFutureWong7Xelly在家呢这个可以;1;0;1;143371;6.974911244254417e-06
21321;圣女？;1;0;1;143371;6.974911244254417e-06
21324;锦杰同学。我操？;2;1;3;143371;2.092473373276325e-05
21329;YoungX搞一下;1;0;1;143371;6.974911244254417e-06
21340;leftlove倩崽就是这个;1;0;1;143371;6.974911244254417e-06
21346;食唔饱饭训唔着觉泯笑送我;1;1;2;143371;1.3949822488508834e-05
21351;TmrSTILLINDAHOODRedEyes;1;1;2;143371;1.3949822488508834e-05
21356;SMOKYBUBBLESCOOLO？;1;0;1;143371;6.974911244254417e-06
21359;温熙然KoI不可爱JakeKingYouJust尤贾斯特80boy卧槽;1;2;3;143371;2.092473373276325e-05
21361;waggie4LSako8卧槽;1;0;1;143371;6.974911244254417e-06
21366;Echonb看到最后;1;1;2;143371;1.3949822488508834e-05
21368;辣肉丝酱Alon2oz1羊驼之神TwisTerB（沉迷贤贤版）SAC7EVEN下首feat初音;4;0;4;143371;2.7899644977017668e-05
21373;幼儿园一姐离谱离谱;1;0;1;143371;6.974911244254417e-06
21375;Lilith怡怡子o靖靖;1;1;2;143371;1.3949822488508834e-05
21377;LilE艾纳德MayMayknowme椅子不够酷哥们儿失业了;4;3;7;143371;4.882437870978092e-05
21382;SkeaiiBlacksleep我趣我趣;2;2;4;143371;2.7899644977017668e-05
21385;西瓜猹LearnateBmost舟六VDVD吃不胖的柯燃Kousiyou真的假的;2;0;2;143371;1.3949822488508834e-05
21395;我才是羊羊羊坏现葱;1;1;2;143371;1.3949822488508834e-05
21397;YvngIvan可以吗我的羊;1;0;1;143371;6.974911244254417e-06
21399;缺盒铁丝SatunCHRzzc以后hook给ai唱;2;2;4;143371;2.7899644977017668e-05
21403;小黑blackNavioooWaySPYROMANLittleHgotthatsauce周粥Henrry这个香啊;2;1;3;143371;2.092473373276325e-05
21406;满七哈哈哈哈哈哈哈哈哈;1;0;1;143371;6.974911244254417e-06
21410;恒崽种JayLone没对象的用得上;1;2;3;143371;2.092473373276325e-05
21413;霍去病卧槽这个插件屌;2;2;4;143371;2.7899644977017668e-05
21416;znby握;1;0;1;143371;6.974911244254417e-06
21420;MedicineBox真的啊;1;0;1;143371;6.974911244254417e-06
21423;卧槽这个太猛了;1;3;4;143371;2.7899644977017668e-05
21425;66666;2;0;2;143371;1.3949822488508834e-05
21431;原来是kakyY;1;0;1;143371;6.974911244254417e-06
21447;喂喂喂喂喂;1;0;1;143371;6.974911244254417e-06
21451;JasanARONNEAz已经很久没混音了Raiic瑞克;1;0;1;143371;6.974911244254417e-06
21458;F0ULWEATHER;1;0;1;143371;6.974911244254417e-06
21461;Tibers;3;0;3;143371;2.092473373276325e-05
21465;Waste30;1;0;1;143371;6.974911244254417e-06
21472;KIMBO渣渣天;1;0;1;143371;6.974911244254417e-06
21475;快我;1;0;1;143371;6.974911244254417e-06
21481;SasukeCH每天在混音;2;0;2;143371;1.3949822488508834e-05
21486;爱吃阿司匹林的猫;1;0;1;143371;6.974911244254417e-06
21506;Stealman;1;0;1;143371;6.974911244254417e-06
21510;没有派对;1;0;1;143371;6.974911244254417e-06
21513;drugDR3AMMENG好吧;1;1;2;143371;1.3949822488508834e-05
21515;SupersaiyanbrolyCometC137;1;0;1;143371;6.974911244254417e-06
21520;Likekwei;1;0;1;143371;6.974911244254417e-06
21522;小晏菜辣;1;0;1;143371;6.974911244254417e-06
21528;排队做梦;1;0;1;143371;6.974911244254417e-06
21530;SADBOYS玩家;1;1;2;143371;1.3949822488508834e-05
21532;FoDeviTwentySIx26KerryRay;1;0;1;143371;6.974911244254417e-06
21535;破幻MONTANA;1;2;3;143371;2.092473373276325e-05
21537;NIE;5;1;6;143371;4.18494674655265e-05
21543;璇渦WHIRLPOO1;1;0;1;143371;6.974911244254417e-06
21546;Dztopsthesky;1;0;1;143371;6.974911244254417e-06
21555;蟑螂恶霸;1;0;1;143371;6.974911244254417e-06
21557;LIJUNYI;1;0;1;143371;6.974911244254417e-06
21561;方糖;2;0;2;143371;1.3949822488508834e-05
21564;JveDroppin;1;0;1;143371;6.974911244254417e-06
21570;ND姜兆轩虎皮蛋;2;0;2;143371;1.3949822488508834e-05
21573;DrinkDi3ty3ri三三33高桥凉介PeakmicSmurkSTARGAZING;1;0;1;143371;6.974911244254417e-06
21575;9LUXURY;1;0;1;143371;6.974911244254417e-06
21580;DFH黑猫海爷只认钱;1;0;1;143371;6.974911244254417e-06
21582;张小吱嗷;1;0;1;143371;6.974911244254417e-06
21585;SipSu小口酥;4;2;6;143371;4.18494674655265e-05
21590;Hlinwoo;1;0;1;143371;6.974911244254417e-06
21592;PunTaSwitciohmyboi巧才;1;0;1;143371;6.974911244254417e-06
21594;drugAND0NESH1NEDR3AMMENG;1;0;1;143371;6.974911244254417e-06
21605;露可拉;1;1;2;143371;1.3949822488508834e-05
21610;蘑古丽去你的土豆西红柿TvT亞逼會變恶魔不熬夜了TTRicksen平安臭豆腐;2;2;4;143371;2.7899644977017668e-05
21616;姜跞JL;1;0;1;143371;6.974911244254417e-06
21620;CHIGGALEE;1;1;2;143371;1.3949822488508834e-05
21622;Fq;1;1;2;143371;1.3949822488508834e-05
21625;asteroid;1;0;1;143371;6.974911244254417e-06
21632;黑麦威士忌;2;0;2;143371;1.3949822488508834e-05
21635;CapriciouBTY悲伤海日月KK;1;1;2;143371;1.3949822488508834e-05
21639;木瓜不喝纯牛奶LongiVito25SantBoimoonpieMarpink7Huangyer;1;0;1;143371;6.974911244254417e-06
21656;我靠;2;12;14;143371;9.764875741956184e-05
21659;佑佑土黑山羊太神奇了靠;2;0;2;143371;1.3949822488508834e-05
21662;YOUNGBING卧槽卧槽卧槽;2;0;2;143371;1.3949822488508834e-05
21665;stellasucks吊;2;0;2;143371;1.3949822488508834e-05
21668;可是这不就失去了和女音乐人交流音乐的机会了吗;3;1;4;143371;2.7899644977017668e-05
21672;湫失椿yyyy66666Grapefruit骗子J8Liiiiiirzy卧槽这个吊;1;4;5;143371;3.487455622127208e-05
21674;Color艾克斯欧瑞盛昌SCM4KEB1GPowerClipperHands卢薇恩牛逼惨了;2;1;3;143371;2.092473373276325e-05
21677;Trapzoneqabbtkillb7;3;0;3;143371;2.092473373276325e-05
21681;ArtistLee;1;0;1;143371;6.974911244254417e-06
21683;万能的李制作;1;0;1;143371;6.974911244254417e-06
21685;vyvubn9我觉得这个插件可以;1;0;1;143371;6.974911244254417e-06
21687;周爽shunger;1;0;1;143371;6.974911244254417e-06
21689;Ai来吃蛋糕了;1;0;1;143371;6.974911244254417e-06
21691;JazyJ;1;0;1;143371;6.974911244254417e-06
21693;帅哥朱志鑫woc太吊了;1;1;2;143371;1.3949822488508834e-05
21695;Dasrtp吊;1;1;2;143371;1.3949822488508834e-05
21697;HeZhuveWJuly16;1;1;2;143371;1.3949822488508834e-05
21724;完整版出啦歌名：EveryAIDiesintheirNightmares;34;4765;4799;143371;0.033472599061176944
21759;人工智能：我随便freestyle的歌词他们发疯的记;6128;115000;121128;143371;0.844857049194049
27888;rapper门槛再次降低;1499;130000;131499;143371;0.9171938537082116
29388;门槛降低，质量提高;556;71000;71556;143371;0.4990967489938691
29945;rapper不会用电脑，影响不大;2348;31000;33348;143371;0.23259934017339629
32295;真厉害啊这世界越来越疯狂了AI已经进入到苏醒阶段了AI然后是成长收集大量信息然后是自我创造修复自身漏洞最后是全面接管地球;3;9;12;143371;8.3698934931053e-05
32299;我没明白，这不就是变声么？不是早就有了么？;4;0;4;143371;2.7899644977017668e-05
32304;这就是为啥录音不能作为完全有效证据一样;1;2;3;143371;2.092473373276325e-05
32307;乔娅的小小世界黄小口雨眠全歪歪（老公在天堂版小祁睡不醒秋山涉奈斯兔咪丘我要开始训练王昆模型了;2;0;2;143371;1.3949822488508834e-05
32314;万一真的有人真的那这装Kanye咋办;1;12;13;143371;9.067384617530743e-05
32316;为什么欧美的亚裔脸型大部分都是大宽方形的脸然后五官很小感觉很不搭啊;3;1;4;143371;2.7899644977017668e-05
32326;LoveYourz;1;1;2;143371;1.3949822488508834e-05
32330;以后制作人也失业吗;60;3542;3602;143371;0.02512363030180441
32391;你就是那个《三体》的作者嘛？;188;462;650;143371;0.004533692308765371
32580;词的感觉就是门前大桥下游过一群鸭;45;1709;1754;143371;0.012233994322422247
32626;不好听除非当着我的面唱;10;1526;1536;143371;0.010713463671174784
32637;將來很多行業的人會失業;45;1325;1370;143371;0.009555628404628551
32683;说实话，真吓人，不能说很好，但是绝对算优秀;20;1376;1396;143371;0.009736976096979166
32704;以后歌有GPT唱画有ai画舞有虚拟人跳好焦虑;17;474;491;143371;0.0034246814209289186
32722;还好它还不能设计衣服;48;220;268;143371;0.0018692762134601838
32771;用周杰伦的曲风编一首歌，歌词写出方文山的感觉;12;184;196;143371;0.0013670826038738658
32784;这个看起来听话多了，前几天我用了个山寨的ChatGPT，问它什么样颜色的蚕蛹烤起来更好吃，它都不回答我;12;116;128;143371;0.0008927886392645654
32797;为啥听出一种抄袭的味道;13;96;109;143371;0.0007602653256237314
32811;让我想起了植物大战僵尸的主题曲《ZombiesonYourLawn》;5;100;105;143371;0.0007323656806467138
32817;幸福星实体;4;93;97;143371;0.0006765663906926785
32822;第一次刷到lexie;2;93;95;143371;0.0006626165682041696
32825;这个东西只会让强者更强，弱者更弱弱者会依赖它被它覆盖认知变得更简单化模式化拥有的依然是底层逻辑而强者会利用它并驾驭它，做更多更深层富有想象力和创造力的事物。所以淘汰的依然是底层的弱者目前它只能完成一些流程化和模式化的工作，但未来能成什么样不好说，但估计我们国家一定会对它严格控制的本人实在是不喜欢这个东西;6;56;62;143371;0.00043244449714377383
32833;WEIWEIWEI我终于想起来了是刘柏辛;2;0;2;143371;1.3949822488508834e-05
32848;无限gpt无敌了;1;0;1;143371;6.974911244254417e-06
32856;其实不用担心失业，虽然ai可以完成某个行业的百分之80的工作，但是细节部分却没有办法做到，因为任何行业，其实最赚钱的不是那百分之80，而是细节的那百分之20，成功不可以复制，ai写歌再牛也是中规中矩，他代替不了方文山;2;1;3;143371;2.092473373276325e-05
32859;这是我让gpt写的关于山海经的说唱;8;12;20;143371;0.00013949822488508833
32872;11中零rapper这条路不好走啦;2;0;2;143371;1.3949822488508834e-05
32875;都在用;1;0;1;143371;6.974911244254417e-06
32886;好听小狗救国;1;1;2;143371;1.3949822488508834e-05
32903;MilkKiller;1;0;1;143371;6.974911244254417e-06
32905;不想减肥666DoughNefert，羽issDrlaj9uki使用小写字母椿爱湫我可以试试;1;0;1;143371;6.974911244254417e-06
32917;歌词确实没逻辑性不会被代替的音乐方面还是只是辅助;4;6;10;143371;6.974911244254417e-05
32924;所以我现在学的的电子信息专业，未来到底有什么用;3;1;4;143371;2.7899644977017668e-05
32941;RayEzraBAOLEQGRTnrlt昶笙Providence听不懂，反正节奏不错;1;0;1;143371;6.974911244254417e-06
32951;阔叽所撒嘛这太变态了;1;1;2;143371;1.3949822488508834e-05
32962;杨听;1;0;1;143371;6.974911244254417e-06
32965;只有理发师不会失业了;2;5;7;143371;4.882437870978092e-05
32983;miaow;1;0;1;143371;6.974911244254417e-06
32993;比你其他歌好听哦;1;2;3;143371;2.092473373276325e-05
33002;刘白菜姐妹你出歌了;1;0;1;143371;6.974911244254417e-06
33006;小麦张;1;0;1;143371;6.974911244254417e-06
33020;果粒陈C是大琴耶我靠，好吓人;1;0;1;143371;6.974911244254417e-06
33025;原。我也不知道改啥名儿吃掉黑暗的野兽。牛逼;2;0;2;143371;1.3949822488508834e-05
33030;厚;1;0;1;143371;6.974911244254417e-06
33036;0;2;1;3;143371;2.092473373276325e-05
33044;娜劫命的笔xuannnis的funkkFairyzz到处找：）鯨魚好酷;1;3;4;143371;2.7899644977017668e-05
33047;对标乌梅子酱对吧;1;6;7;143371;4.882437870978092e-05
33049;ss牛的;1;0;1;143371;6.974911244254417e-06
33063;AAA汽修轮胎批发飞哥爸好好听;1;1;2;143371;1.3949822488508834e-05
33070;温一壶雪碧轩y;1;0;1;143371;6.974911244254417e-06
33074;2001w卧槽;1;0;1;143371;6.974911244254417e-06
33079;Liudicrous这么神奇;1;0;1;143371;6.974911244254417e-06
33081;你再往前走残灯孤鸿鱼层碎碎念我抄;1;1;2;143371;1.3949822488508834e-05
33087;Ceciliasrsly;1;0;1;143371;6.974911244254417e-06
33094;KK挺好的，一些人可以被淘汰了;1;0;1;143371;6.974911244254417e-06
33096;是智不是志柚子yzchatgpt虽然有音乐裁缝的感觉，但是真的好棒好棒好棒;1;3;4;143371;2.7899644977017668e-05
33099;SlayzSTu发了个呆薇薇酱KARA、ANIT86我靠真的很不错;1;1;2;143371;1.3949822488508834e-05
33103;Redamancyy我的爱人lexie;1;0;1;143371;6.974911244254417e-06
33105;夏日泡泡这旋律挺抓耳的;1;0;1;143371;6.974911244254417e-06
33107;细腻红润有光泽看看机器做的歌;2;0;2;143371;1.3949822488508834e-05
33124;未婚夫与陆沉的狗NINGN谢景行很行唱的真的好听;1;0;1;143371;6.974911244254417e-06
33136;GhostBin菠子汽水？？;5;0;5;143371;3.487455622127208e-05
33147;这歌明显已经超过90的抖音新歌了;1;20;21;143371;0.00014647313612934276
33152;怎么有点像蠢朋克得味道;1;2;3;143371;2.092473373276325e-05
33156;只能说这个歌中规中矩吧;1;9;10;143371;6.974911244254417e-05
33162;不太好听;1;0;1;143371;6.974911244254417e-06
33170;还没吃呢wnzi柠檬养乐多该吃栗子了醋拌柠檬别乱刷芝麻花全员失业;1;1;2;143371;1.3949822488508834e-05
33176;满月吃香菇孤舟蓑笠翁真的好听哎;1;1;2;143371;1.3949822488508834e-05
33180;顺井芥子biangbiaBillllllllie我靠;1;0;1;143371;6.974911244254417e-06
33185;彦叽卫言梓难起行燏乐油刘defsoul小葱猪油拌粉闻雨停;1;5;6;143371;4.18494674655265e-05
33190;为啥是hascome而不是hascame;3;0;3;143371;2.092473373276325e-05
33195;物语啊啊啊啊啊啊啊啊啊啊啊啊啊啊啊啊啊啊Lexie;1;1;2;143371;1.3949822488508834e-05
33201;卖玉米的小姑娘啊啊啊啊好听;1;0;1;143371;6.974911244254417e-06
33206;怎么有点weekend感觉;3;5;8;143371;5.5799289954035336e-05
33210;国内chatgpt写的还不一样;3;0;3;143371;2.092473373276325e-05
33219;carrieeeuu我妈今天还在研究这个chatgpt;1;13;14;143371;9.764875741956184e-05
33221;难呱咬了月亮一口忘我老八MEETwzh。。悲伤土豆泥熙xy晴天娃娃落雪京朝人工智能还真行，我没毕业已经失业了;6;5;11;143371;7.672402368679858e-05
33234;炸鱼丸;1;0;1;143371;6.974911244254417e-06
33240;Z;1;0;1;143371;6.974911244254417e-06
33249;pooh;1;0;1;143371;6.974911244254417e-06
33252;Karasa;1;0;1;143371;6.974911244254417e-06
33266;男亲李马克;2;0;2;143371;1.3949822488508834e-05
33271;小锅小郭;1;0;1;143371;6.974911244254417e-06
33277;李亻圭;1;0;1;143371;6.974911244254417e-06
33284;明天会更好666;1;0;1;143371;6.974911244254417e-06
33287;昵称已重置;1;0;1;143371;6.974911244254417e-06
33295;DY;2;0;2;143371;1.3949822488508834e-05
33303;郭郭;1;0;1;143371;6.974911244254417e-06
33305;igNIte虫爷;1;0;1;143371;6.974911244254417e-06
33308;Ruruboo;1;0;1;143371;6.974911244254417e-06
33313;得瑟;1;0;1;143371;6.974911244254417e-06
33319;大白天奶糖;1;0;1;143371;6.974911244254417e-06
33323;简欢;1;0;1;143371;6.974911244254417e-06
33325;sunny;1;0;1;143371;6.974911244254417e-06
33327;半口奶酪半口啥躺着鸭;1;0;1;143371;6.974911244254417e-06
33329;Galevan2;1;0;1;143371;6.974911244254417e-06
33331;破茧成蛹;1;0;1;143371;6.974911244254417e-06
33335;HUANGJING;1;0;1;143371;6.974911244254417e-06
33345;MYJINJI;1;0;1;143371;6.974911244254417e-06
33356;Acis;1;0;1;143371;6.974911244254417e-06
33359;流浪;1;0;1;143371;6.974911244254417e-06
33362;喵喵喵;1;0;1;143371;6.974911244254417e-06
33365;满眼皆是她遗憾嘉禾望岗饭统的饲养员木贞车干初恋番烦恼跑跑ineedsleepZzzLINYan你好，晚安whdht6;2;3;5;143371;3.487455622127208e-05
33374;破忒头;2;1;3;143371;2.092473373276325e-05
33387;id;2;0;2;143371;1.3949822488508834e-05
33393;雨停了吗RIVER;1;0;1;143371;6.974911244254417e-06
33396;DOKI;6;0;6;143371;4.18494674655265e-05
33403;TT;1;0;1;143371;6.974911244254417e-06
33409;只有小刘在好好做音乐;21;495;516;143371;0.003599054202035279
33431;感觉90的要失业，这一天的来临也许比我们想象的要快;22;354;376;143371;0.0026225666278396607
33454;这个ai应该比华晨宇懂乐理吧;11;312;323;143371;0.0022528963318941765
33466;哎你说我们还要熬到65;2;11;13;143371;9.067384617530743e-05
33469;kubodaniellll杀了情绪lalalaTear四川在逃麻辣烫我确实是帅哥，欧耶不是没睡好就是没吃饱玛卡巴卡胚芽鞘鞘打的就是你LumosL七七Oo大孩纸美梦收藏家小歪小董绵绵冰AAA重庆长江索道抖音美女鉴别师我是哈儿这是真的牛;2;6;8;143371;5.5799289954035336e-05
33472;私信我就卸载;1;1;2;143371;1.3949822488508834e-05
33474;rfaye听说chatGPT最近好像很火yt都有;1;1;2;143371;1.3949822488508834e-05
33483;哇;1;0;1;143371;6.974911244254417e-06
33485;SYANchatgpt好厉害;1;0;1;143371;6.974911244254417e-06
33487;普统任你有用Chatgpt没;1;0;1;143371;6.974911244254417e-06
33489;千穗理人类完了;1;0;1;143371;6.974911244254417e-06
33491;海淀伊巴卡见过她有马甲线;1;0;1;143371;6.974911244254417e-06
33515;旋律也能写？;1;1;2;143371;1.3949822488508834e-05
33517;Dalaozhang牛逼;1;1;2;143371;1.3949822488508834e-05
33521;不要米饭为svt发疯版不要辣椒（阿萨红参版）OMG;1;1;2;143371;1.3949822488508834e-05
33523;人类比人工智能更具优势的是创新也就是脑洞之所以现在觉得不如人工智能那是因为你的创作到了瓶颈期;3;1;4;143371;2.7899644977017668e-05
33528;油炸冰淇淋豌豆公主。这是个不会暖你的太阳有才华;1;1;2;143371;1.3949822488508834e-05
33534;小鱼鳗鳗yoRebbyK;1;1;2;143371;1.3949822488508834e-05
33543;哈C;1;1;2;143371;1.3949822488508834e-05
33551;Bupset张小羊Y这也太厉害了;2;1;3;143371;2.092473373276325e-05
33555;枫0329来感受;1;1;2;143371;1.3949822488508834e-05
33559;GreenBee莫比MOOBYDOVEOFPEACE昏睡日记（爱看双开门HanyetheNotBad;1;1;2;143371;1.3949822488508834e-05
33562;慢火熬书;2;1;3;143371;2.092473373276325e-05
33565;喊她给我写个论文;3;1;4;143371;2.7899644977017668e-05
33578;已经算中上水平了吧;1;1;2;143371;1.3949822488508834e-05
33585;小甜真的很甜;1;1;2;143371;1.3949822488508834e-05
33588;我是山田凉的狗还真是那么回事;1;1;2;143371;1.3949822488508834e-05
33593;fffnapoli记录天地之间X上上签lym11248雀食有点东西;1;1;2;143371;1.3949822488508834e-05
33602;好好学英语别太牛逼;1;1;2;143371;1.3949822488508834e-05
33605;一口awa;1;1;2;143371;1.3949822488508834e-05
33618;檀个恋爱吧太6了;1;1;2;143371;1.3949822488508834e-05
33621;曲是它写的？编曲也是它？;3;1;4;143371;2.7899644977017668e-05
33630;不想长痘;1;1;2;143371;1.3949822488508834e-05
33635;夏至软件一出，里咯失业;1;1;2;143371;1.3949822488508834e-05
33638;溺水在银河刘柏辛穿美好商店;2;1;3;143371;2.092473373276325e-05
33644;能不能做首中文歌，英文看不懂;2;1;3;143371;2.092473373276325e-05
33650;少了一只鸭鸭鸭;2;1;3;143371;2.092473373276325e-05
33656;陈炫大头185超级无敌爆炸腼腆内向大帅比常见于南宋楊萬里yyyQ西汉霍去病7AloeY;1;1;2;143371;1.3949822488508834e-05
33659;Cathy林俊杰的预言;1;1;2;143371;1.3949822488508834e-05
33664;腐烂樟脑丸标本也太牛了吧;1;1;2;143371;1.3949822488508834e-05
33667;宋翛这也行？;1;1;2;143371;1.3949822488508834e-05
33669;。。我的最爱rapper;1;1;2;143371;1.3949822488508834e-05
33671;小信4还不错;1;1;2;143371;1.3949822488508834e-05
33673;NOTFOUND404p以后音乐制作人也要失业了;1;1;2;143371;1.3949822488508834e-05
33677;新花EIENG帅哥收割鸡;1;1;2;143371;1.3949822488508834e-05
33680;Rachelzyyyyyyy是灰某本人We11dream真的牛;1;1;2;143371;1.3949822488508834e-05
33683;小迟wow;1;1;2;143371;1.3949822488508834e-05
33685;草莓写给我的吗;1;1;2;143371;1.3949822488508834e-05
33744;范最贤仪仁666;1;0;1;143371;6.974911244254417e-06
33760;熙chatGTP攻占编曲届数据时代继续发展;1;0;1;143371;6.974911244254417e-06
33767;很好听啊;1;0;1;143371;6.974911244254417e-06
33770;上课老师给放了我专门来找好好听;1;0;1;143371;6.974911244254417e-06
33773;SXYP这个这个;1;0;1;143371;6.974911244254417e-06
33776;啾;3;0;3;143371;2.092473373276325e-05
33785;、真的无敌啊;1;0;1;143371;6.974911244254417e-06
33787;ThinkTwiceAboutMeFrozen有点像celebration;1;0;1;143371;6.974911244254417e-06
33796;谢幕蛮nb的;1;0;1;143371;6.974911244254417e-06
33799;血更找不到工作了;1;0;1;143371;6.974911244254417e-06
33812;怎么用;1;0;1;143371;6.974911244254417e-06
33818;PANDA弥生哈哈，真行;4;0;4;143371;2.7899644977017668e-05
33836;Universe肖肖爱笑;1;0;1;143371;6.974911244254417e-06
33839;miuhhhhhxyyy;1;0;1;143371;6.974911244254417e-06
33843;221896;1;0;1;143371;6.974911244254417e-06
33854;BLueee哇哦;1;0;1;143371;6.974911244254417e-06
33859;aaam;1;0;1;143371;6.974911244254417e-06
33863;菠萝油大战王子制作人都要失业了;1;0;1;143371;6.974911244254417e-06
33883;她与月光为邻;1;0;1;143371;6.974911244254417e-06
33887;昨日苹果;1;0;1;143371;6.974911244254417e-06
33890;Faure我操好牛;2;0;2;143371;1.3949822488508834e-05
33897;耳机会打结;1;0;1;143371;6.974911244254417e-06
33904;翎丶然夷洲小主黎;2;0;2;143371;1.3949822488508834e-05
33907;这不是已经崩溃了吗;1;0;1;143371;6.974911244254417e-06
33913;雨忆霜霂;3;0;3;143371;2.092473373276325e-05
33924;诺布思雨;1;0;1;143371;6.974911244254417e-06
33928;快睡吧欌樱拍子;1;0;1;143371;6.974911244254417e-06
33933;Nihil;1;0;1;143371;6.974911244254417e-06
33937;小会咖啡Oct12都奎茵;1;0;1;143371;6.974911244254417e-06
33941;九周ENCOUNTER嗨害嗨慕余我超、好听;2;0;2;143371;1.3949822488508834e-05
33947;Hygge九局下半矮小的双马尾AI写歌但是这姐唱的真牛;1;0;1;143371;6.974911244254417e-06
33957;做出来的一般;2;0;2;143371;1.3949822488508834e-05
33970;杨玛丽;1;0;1;143371;6.974911244254417e-06
33974;柏武;1;0;1;143371;6.974911244254417e-06
33976;了解一下;1;0;1;143371;6.974911244254417e-06
33978;Moschino真的很有用;1;0;1;143371;6.974911244254417e-06
33985;小杨不是小羊怎么办;1;0;1;143371;6.974911244254417e-06
33996;小妍ai写歌;1;0;1;143371;6.974911244254417e-06
34004;米巴米巴冤大头（540困难户）;1;0;1;143371;6.974911244254417e-06
34026;Koi3人类要完蛋了;1;0;1;143371;6.974911244254417e-06
34028;沈清6不6;1;0;1;143371;6.974911244254417e-06
34037;笨蛋忻忻别闹完了，感觉学什么的都得失业;4;0;4;143371;2.7899644977017668e-05
34043;NnLuv;1;0;1;143371;6.974911244254417e-06
34048;小闪同学;1;0;1;143371;6.974911244254417e-06
34051;布仔;1;0;1;143371;6.974911244254417e-06
34053;山前栽了海棠;1;0;1;143371;6.974911244254417e-06
34055;pd吓人但是还挺好听;1;0;1;143371;6.974911244254417e-06
34057;七莉子子;1;0;1;143371;6.974911244254417e-06
34061;fernweh秘书给我查这个app怎么下载;2;0;2;143371;1.3949822488508834e-05
34064;感觉这个跟大家有关系似的，反正我们用不了，也不要担心失业的问题;1;0;1;143371;6.974911244254417e-06
34067;如来不如去。;1;0;1;143371;6.974911244254417e-06
34073;lllouo灋chatGPT;1;0;1;143371;6.974911244254417e-06
34079;呱唧;1;0;1;143371;6.974911244254417e-06
34083;熊猫飞行员;1;0;1;143371;6.974911244254417e-06
34085;黄嘟嘟不喜欢嘟嘟嘴;1;0;1;143371;6.974911244254417e-06
34087;Casey5xixiiiiiii吃宵夜好厉害;1;0;1;143371;6.974911244254417e-06
34089;Dablliujestjpinkiepie余温刘柏辛真的好有意思;2;0;2;143371;1.3949822488508834e-05
34093;TS欧发里福哨玛卡巴卡Yeai牛;1;0;1;143371;6.974911244254417e-06
34113;qqqqqqqq以后歌手要失业了;1;0;1;143371;6.974911244254417e-06
34130;AI只能从现有的数据中拼凑出合理，流畅的作品。最好的还是比较难而人类的创造力，可以做出最好的作品，以及空前没有的作品元素。;2;0;2;143371;1.3949822488508834e-05
34133;布珂朔;1;0;1;143371;6.974911244254417e-06
34141;user9321076351365我靠;1;0;1;143371;6.974911244254417e-06
34143;张老鼠杨熠霄很多人抄作业用这个没想到写歌也行;2;0;2;143371;1.3949822488508834e-05
34148;夏雨（学不明白版法式house;1;0;1;143371;6.974911244254417e-06
34150;贤者模式有点吓人啊;1;0;1;143371;6.974911244254417e-06
34171;午月拾玖细思极恐;1;0;1;143371;6.974911244254417e-06
34183;ChoiHung;1;0;1;143371;6.974911244254417e-06
34185;LowKey带头洗碗算了算了我靠这么牛;2;0;2;143371;1.3949822488508834e-05
34188;嗯，比张艺兴写得好;1;0;1;143371;6.974911244254417e-06
34202;你让他写中文歌词;1;0;1;143371;6.974911244254417e-06
34217;感觉写的词没脑子;1;0;1;143371;6.974911244254417e-06
34230;三条学长（小川）;1;0;1;143371;6.974911244254417e-06
34233;三千天真的太牛批了，这个ai;1;0;1;143371;6.974911244254417e-06
34270;请你喝优乐美我去;1;0;1;143371;6.974911244254417e-06
34277;想你Zzz;2;0;2;143371;1.3949822488508834e-05
34283;好想喝西瓜啵啵我超;1;0;1;143371;6.974911244254417e-06
34292;不回我我也是个伤心的草莓;2;0;2;143371;1.3949822488508834e-05
34295;Lexie我爱你;2;0;2;143371;1.3949822488508834e-05
34298;爆炸子子韩阿芸林黛玉倒拔垂杨柳救命我觉得好好听;1;0;1;143371;6.974911244254417e-06
34302;NGC4039;1;0;1;143371;6.974911244254417e-06
34308;Miracle;1;0;1;143371;6.974911244254417e-06
34317;缝一颗月亮;1;0;1;143371;6.974911244254417e-06
34321;yy;1;0;1;143371;6.974911244254417e-06
34323;写的比林夕好多了;1;0;1;143371;6.974911244254417e-06
34328;柠檬酸;2;0;2;143371;1.3949822488508834e-05
34350;自带引擎的鱼摆摆;1;0;1;143371;6.974911244254417e-06
34368;李哈哈惊了;1;0;1;143371;6.974911244254417e-06
34372;秋日萌翻了;1;0;1;143371;6.974911244254417e-06
34385;摆烂了的柯;1;0;1;143371;6.974911244254417e-06
34397;AAA合金建材批发水产养殖家政保洁曹师傅pumkinooooo小拆Sxin太强了;1;0;1;143371;6.974911244254417e-06
34400;阳;1;0;1;143371;6.974911244254417e-06
34404;低因香草拿铁奶糖罐罐柔柔芝麻糯米小丸子软萌DL譞崽PikaChu哇;3;0;3;143371;2.092473373276325e-05
34416;我迪迦在东北ya;2;0;2;143371;1.3949822488508834e-05
34432;Venus;3;0;3;143371;2.092473373276325e-05
34437;DannyDkD;1;0;1;143371;6.974911244254417e-06
34441;胖起来了单走一个6;1;0;1;143371;6.974911244254417e-06
34452;帮我问问下次双色球号码;1;0;1;143371;6.974911244254417e-06
34465;音乐制作软件用的什么？;1;0;1;143371;6.974911244254417e-06
34469;音乐不错词太差;1;0;1;143371;6.974911244254417e-06
34479;山海迟相逢;1;0;1;143371;6.974911244254417e-06
34488;食人化石阿拉登神丁;1;0;1;143371;6.974911244254417e-06
34495;illion;1;0;1;143371;6.974911244254417e-06
34504;3;2;0;2;143371;1.3949822488508834e-05
34512;柾柾我用chatgpt画个衣服;1;0;1;143371;6.974911244254417e-06
34514;lll;1;0;1;143371;6.974911244254417e-06
34518;RanDean（耐心版Coolulu95Jessicazjq;1;0;1;143371;6.974911244254417e-06
34532;做個夢給你;2;0;2;143371;1.3949822488508834e-05
34536;Farrah森屿芷兰歆柔;1;0;1;143371;6.974911244254417e-06
34539;班班这玩意儿真的牛逼;1;0;1;143371;6.974911244254417e-06
34541;也只能说他的数据库理有个范例，你问它几遍答案估计一样;1;0;1;143371;6.974911244254417e-06
34550;仙交刘亦菲6;1;0;1;143371;6.974911244254417e-06
34561;昵称被我刷完了;1;0;1;143371;6.974911244254417e-06
34565;芙老板王宏图大范围事业;1;0;1;143371;6.974911244254417e-06
34569;朵拉克斯Drew德鲁安蛙趣我也要去试试;2;0;2;143371;1.3949822488508834e-05
34572;金枕榴莲rapper以后直接用这个;1;0;1;143371;6.974911244254417e-06
34574;大头公主Joey;1;0;1;143371;6.974911244254417e-06
34581;木樨你的音乐梦openAI可以帮你;1;0;1;143371;6.974911244254417e-06
34583;涨停板还可以这样;1;0;1;143371;6.974911244254417e-06
34588;ELODIEBocchi;2;0;2;143371;1.3949822488508834e-05
34594;肆;4;0;4;143371;2.7899644977017668e-05
34602;一口南瓜饼;1;0;1;143371;6.974911244254417e-06
34605;桑海;1;0;1;143371;6.974911244254417e-06
34617;宇炫;1;0;1;143371;6.974911244254417e-06
34622;Cccccc你昕吖;2;0;2;143371;1.3949822488508834e-05
34626;見怪不怪这旋律还挺好听的;1;0;1;143371;6.974911244254417e-06
34628;一阔小石榴;1;0;1;143371;6.974911244254417e-06
34635;懵懵chatgpt作的歌曲怎么样;1;0;1;143371;6.974911244254417e-06
34641;臭海绵先生;1;0;1;143371;6.974911244254417e-06
34648;左左右右左左右转角弯来又弯去;1;0;1;143371;6.974911244254417e-06
34652;DumbTrigger草莓汽水;3;0;3;143371;2.092473373276325e-05
34657;含猫量为零;1;0;1;143371;6.974911244254417e-06
34667;嘎巴嘎巴虾还挺好听;1;0;1;143371;6.974911244254417e-06
34681;米阅感觉还不错我靠;1;0;1;143371;6.974911244254417e-06
34697;蓝莓蜜嗝了;1;0;1;143371;6.974911244254417e-06
34700;后带劲的视频什么时候才能剪好;2;0;2;143371;1.3949822488508834e-05
34707;美的雅痞;1;0;1;143371;6.974911244254417e-06
34711;Theodore;2;0;2;143371;1.3949822488508834e-05
34726;哎呀哎呀哎呀哎呀牛，都会写歌了;1;0;1;143371;6.974911244254417e-06
34728;FYshelby（减肥版）;1;0;1;143371;6.974911244254417e-06
34730;今已亭亭如盖矣卿冬;1;0;1;143371;6.974911244254417e-06
34740;兔子老虎还有羊;1;0;1;143371;6.974911244254417e-06
34754;只给了词与和弦，没有谱子。这个chatgpt远没有宣传的强大，更多事被夸大其词当作流量密码;2;0;2;143371;1.3949822488508834e-05
34769;你好;1;0;1;143371;6.974911244254417e-06
34779;佳cc还挺好听;1;0;1;143371;6.974911244254417e-06
34799;张鱼哥冷知识;1;0;1;143371;6.974911244254417e-06
34811;C11;1;0;1;143371;6.974911244254417e-06
34822;潇;1;0;1;143371;6.974911244254417e-06
34832;Pure胡捞着呢;1;0;1;143371;6.974911244254417e-06
34834;Kristy;1;0;1;143371;6.974911244254417e-06
34842;苏东坡BB;1;0;1;143371;6.974911244254417e-06
34852;寒嵩你最近不是在写;1;0;1;143371;6.974911244254417e-06
34858;HAmyYF;1;0;1;143371;6.974911244254417e-06
34863;这个神仙没什么时间鸡腿堡鸭;1;0;1;143371;6.974911244254417e-06
34867;Anna宇宙无敌可爱宝;3;0;3;143371;2.092473373276325e-05
34877;绗犀利;1;0;1;143371;6.974911244254417e-06
34882;侥幸;1;0;1;143371;6.974911244254417e-06
34887;woawesome;1;0;1;143371;6.974911244254417e-06
34894;不做梵高晶;2;0;2;143371;1.3949822488508834e-05
34911;早早睡觉;3;0;3;143371;2.092473373276325e-05
34917;狸猫狸猫的;1;0;1;143371;6.974911244254417e-06
34919;Leo畅畅这个好玩，我搞了一个账号;1;0;1;143371;6.974911244254417e-06
34931;杭州第一深情达尔文这个好听的;2;0;2;143371;1.3949822488508834e-05
34935;理想三旬;2;0;2;143371;1.3949822488508834e-05
34956;那它能编曲吗;1;0;1;143371;6.974911244254417e-06
34965;一只大卡西;1;0;1;143371;6.974911244254417e-06
34976;naga;1;0;1;143371;6.974911244254417e-06
34982;猪仔煲烧米饭制作人失业;1;0;1;143371;6.974911244254417e-06
34988;想嚯冰阔落;2;0;2;143371;1.3949822488508834e-05
34994;Esterr;1;0;1;143371;6.974911244254417e-06
35000;适可而止上岸亮;1;0;1;143371;6.974911244254417e-06
35023;夏小杯南方南666;1;0;1;143371;6.974911244254417e-06
35027;眞雲;1;0;1;143371;6.974911244254417e-06
35040;见风;1;0;1;143371;6.974911244254417e-06
35054;Dblrrr好玩;1;0;1;143371;6.974911244254417e-06
35063;啵啵在努力这个chatgpt真的很牛啊;2;0;2;143371;1.3949822488508834e-05
35082;还蛮好听的现在的人工智能鸭。。。逗逗的晏喔喔;2;0;2;143371;1.3949822488508834e-05
35094;大板牙李建以后可能会影响创作者工作的;1;0;1;143371;6.974911244254417e-06
35108;好牛养只碳尼;1;0;1;143371;6.974911244254417e-06
35111;xxxx;1;0;1;143371;6.974911244254417e-06
35113;Pluto泥嚎这个chatgpt真的好炸裂;2;0;2;143371;1.3949822488508834e-05
35121;歌词有点口水;1;0;1;143371;6.974911244254417e-06
35124;TR救命救命救命好牛啊;1;0;1;143371;6.974911244254417e-06
35135;0;1;0;1;143371;6.974911244254417e-06
35140;。。。呵呵呵yuiyuiyy是蛋挞zuanyuuupiBryce;2;0;2;143371;1.3949822488508834e-05
35151;不想上早八;1;0;1;143371;6.974911244254417e-06
35166;sunmi好牛逼人工智能海平面上升;1;0;1;143371;6.974911244254417e-06
35169;柠檬公爵快来看我爱的才女;3;0;3;143371;2.092473373276325e-05
35173;芝芝丸椰雪好听哎;1;0;1;143371;6.974911244254417e-06
35179;GZBeth牛;1;0;1;143371;6.974911244254417e-06
35182;COOLO好可爱;2;0;2;143371;1.3949822488508834e-05
35190;昨天刚写完一首中文的不太押韵;2;0;2;143371;1.3949822488508834e-05
35194;擦;2;0;2;143371;1.3949822488508834e-05
35199;我感觉chatgpt简直是神真的再也不缺创作了;1;0;1;143371;6.974911244254417e-06
35208;Ni;1;0;1;143371;6.974911244254417e-06
35218;林清辰哎呀妈呀;1;0;1;143371;6.974911244254417e-06
35220;兴奋小人;1;0;1;143371;6.974911244254417e-06
35239;两只耳朵竖起来叫我文迪好了z老师未来你们都将失业哈哈哈哈但我不会因为他不能替老板顶罪;2;0;2;143371;1.3949822488508834e-05
35243;三无宝贝;1;0;1;143371;6.974911244254417e-06
35248;jas2000mine我靠;1;0;1;143371;6.974911244254417e-06
35252;Wing小王在不在訫带你去看海卧槽卧槽了;1;0;1;143371;6.974911244254417e-06
35258;wzd;1;0;1;143371;6.974911244254417e-06
35266;keyl小华的小花花还可以啊;1;0;1;143371;6.974911244254417e-06
35269;chatgpt这个最近好像很火饕餮不野;1;0;1;143371;6.974911244254417e-06
35273;Andrea我去好牛好好听chatgpt真的吓人了开始;1;0;1;143371;6.974911244254417e-06
35276;蛋挞的taa;1;0;1;143371;6.974911244254417e-06
35282;好吧好吧;1;0;1;143371;6.974911244254417e-06
35286;陳景深;1;0;1;143371;6.974911244254417e-06
35292;糖炒可乐饼666;1;0;1;143371;6.974911244254417e-06
35295;轻轻;1;0;1;143371;6.974911244254417e-06
35299;柚子百香果PotteryUnicorn等日出的小赵;2;0;2;143371;1.3949822488508834e-05
35315;是栗子呀;2;0;2;143371;1.3949822488508834e-05
35320;yiersansiwu;1;0;1;143371;6.974911244254417e-06
35324;小六六六;1;0;1;143371;6.974911244254417e-06
35329;JOJOxinban;1;0;1;143371;6.974911244254417e-06
35332;一拳锤爆你6不愧是chatgtp作者也厉害;1;0;1;143371;6.974911244254417e-06
35334;拾柒977;1;0;1;143371;6.974911244254417e-06
35336;玉米卷儿;1;0;1;143371;6.974911244254417e-06
35340;青柑普洱;1;0;1;143371;6.974911244254417e-06
35343;薯糕;1;0;1;143371;6.974911244254417e-06
35357;奶油味葵花籽er;1;0;1;143371;6.974911244254417e-06
35366;土土的格子之前的预判;1;0;1;143371;6.974911244254417e-06
35372;郭叔;1;0;1;143371;6.974911244254417e-06
35383;辣条分你一半X;1;0;1;143371;6.974911244254417e-06
35388;每天都要去喝水;1;0;1;143371;6.974911244254417e-06
35391;奈落;2;0;2;143371;1.3949822488508834e-05
35413;我要睡觉了;1;0;1;143371;6.974911244254417e-06
35415;来杯伪电气白兰吗寜好吊啊;2;0;2;143371;1.3949822488508834e-05
35418;TuantyaNarjleeee内娱最爱;1;0;1;143371;6.974911244254417e-06
35420;哥哥知道居然好听;3;0;3;143371;2.092473373276325e-05
35424;小仙女;1;0;1;143371;6.974911244254417e-06
35441;味噌汁;1;0;1;143371;6.974911244254417e-06
35443;五月啊好牛啊;2;0;2;143371;1.3949822488508834e-05
35450;0;1;0;1;143371;6.974911244254417e-06
35456;彼柏然destinys都不需要人了;1;0;1;143371;6.974911244254417e-06
35459;Pei;1;0;1;143371;6.974911244254417e-06
35463;梦蓝;1;0;1;143371;6.974911244254417e-06
35469;Taylorzayn;2;0;2;143371;1.3949822488508834e-05
35473;Jelly我去;1;0;1;143371;6.974911244254417e-06
35475;0;1;0;1;143371;6.974911244254417e-06
35478;Joey;1;0;1;143371;6.974911244254417e-06
35487;fairy144;1;0;1;143371;6.974911244254417e-06
35491;大奶酪枕我擦制作人也要失业了吗;2;0;2;143371;1.3949822488508834e-05
35497;Rainie晓雾将歇祈草莓和秋葵脆Puuuo就再吃一点还蛮不错耶;1;0;1;143371;6.974911244254417e-06
35506;Drrxvhuts挺好听的诶;1;0;1;143371;6.974911244254417e-06
35508;xxxxx;1;0;1;143371;6.974911244254417e-06
35515;daisuki你还记得有一天讲的也是chatgpt吗;1;0;1;143371;6.974911244254417e-06
35517;卓丶真烦恼艹;1;0;1;143371;6.974911244254417e-06
35520;妹宝Weflora;6;0;6;143371;4.18494674655265e-05
35527;Wdte这个;1;0;1;143371;6.974911244254417e-06
35531;heiyier;1;0;1;143371;6.974911244254417e-06
35537;阿鹿;1;0;1;143371;6.974911244254417e-06
35539;亦新;1;0;1;143371;6.974911244254417e-06
35543;银河系种香菜指南悲伤白开水黑凤梨鸭ccys191冰糖冻梨太厉害了;1;0;1;143371;6.974911244254417e-06
35546;嘻嘻;1;0;1;143371;6.974911244254417e-06
35549;酥鹅儿儿儿牛波;1;0;1;143371;6.974911244254417e-06
35555;你到底在在干嘛好牛;1;0;1;143371;6.974911244254417e-06
35572;颗粒play;1;0;1;143371;6.974911244254417e-06
35576;小渔Joen荒谬;2;0;2;143371;1.3949822488508834e-05
35586;小羊的衣服好看;1;0;1;143371;6.974911244254417e-06
35588;一粒星晨帅气蛙仔隧道口虫鸣夜7每天都吃冰George9不会游泳的小海豹;1;0;1;143371;6.974911244254417e-06
35595;真橙;1;0;1;143371;6.974911244254417e-06
35597;一颗毛豆;1;0;1;143371;6.974911244254417e-06
35601;Freenbeccc喝水了一颗小地球;1;0;1;143371;6.974911244254417e-06
35608;Greediness就吃1碗;2;0;2;143371;1.3949822488508834e-05
35613;Swaggyp;2;0;2;143371;1.3949822488508834e-05
35618;R4LLY;1;0;1;143371;6.974911244254417e-06
35625;吃块QQ糖;1;0;1;143371;6.974911244254417e-06
35631;还好他不会直接唱出来;1;0;1;143371;6.974911244254417e-06
35633;JoeOhthesadstrawberry;1;0;1;143371;6.974911244254417e-06
35637;宇宙哲哲我觉得lexie唱的很好啊;1;0;1;143371;6.974911244254417e-06
35650;F君;1;0;1;143371;6.974911244254417e-06
35656;Autism糯米我草宝贝你来看看有点东西啊妈的;1;0;1;143371;6.974911244254417e-06
35659;RachaBabe给我一个枕头有点东ciiraymix;2;0;2;143371;1.3949822488508834e-05
35673;呼延棠;1;0;1;143371;6.974911244254417e-06
35675;0;1;0;1;143371;6.974911244254417e-06
35678;Kikiki？？？;1;0;1;143371;6.974911244254417e-06
35685;Invictusmaneo;1;0;1;143371;6.974911244254417e-06
35688;长颈路狮子;1;0;1;143371;6.974911244254417e-06
35690;1xx妈呀chatgtp帮我写论文吧;1;0;1;143371;6.974911244254417e-06
35695;FollowJYP朴振英我靠;1;0;1;143371;6.974911244254417e-06
35707;糖醋李脊杏任小饼干儿;3;0;3;143371;2.092473373276325e-05
35718;尚未晚它无所不能，你的论文还不是小case;2;0;2;143371;1.3949822488508834e-05
35722;Lynne;2;0;2;143371;1.3949822488508834e-05
35727;三喜hyj;1;0;1;143371;6.974911244254417e-06
35730;Darksh1ne;1;0;1;143371;6.974911244254417e-06
35734;我不是我;1;0;1;143371;6.974911244254417e-06
35744;烂尾蝶蝶;1;0;1;143371;6.974911244254417e-06
35747;zlzlzl卧槽;1;0;1;143371;6.974911244254417e-06
35764;明朝诚恳的魔法师一颗小柠檬;1;0;1;143371;6.974911244254417e-06
35768;仝沓围新春版点。。鹏;1;0;1;143371;6.974911244254417e-06
35771;张翠花;2;0;2;143371;1.3949822488508834e-05
35775;山只因哥还可以写歌;1;0;1;143371;6.974911244254417e-06
35777;唔立志;1;0;1;143371;6.974911244254417e-06
35780;我是vv啦damn还蛮好听的;1;0;1;143371;6.974911244254417e-06
35794;阜阳杰出青年;1;0;1;143371;6.974911244254417e-06
35798;h，河豚成精啦铁锈啤酒;2;0;2;143371;1.3949822488508834e-05
35809;LITCANDY你知道这个软件吗太可怕了;1;0;1;143371;6.974911244254417e-06
35814;你写的三体很好看;1;0;1;143371;6.974911244254417e-06
35816;再睡亿分钟;1;0;1;143371;6.974911244254417e-06
35822;寻太过炽热小枫Freya云端还挺好听;1;0;1;143371;6.974911244254417e-06
35825;won5rrraechlll;1;0;1;143371;6.974911244254417e-06
35829;蝴蝶灵魂;1;0;1;143371;6.974911244254417e-06
35833;Maverick;1;0;1;143371;6.974911244254417e-06
35842;1111111竟然还可以;2;0;2;143371;1.3949822488508834e-05
35846;Salut兰屁颠屁颠小男孩;1;0;1;143371;6.974911244254417e-06
35853;让我冬个眠yyyyy财财哇卡哇卡小红泽尔尔噜啦啦噜啦啦噜啦噜啦啦三明治脑袋陶陶汁不是活都让机器人抢了我们搞什么啊;3;0;3;143371;2.092473373276325e-05
35862;Pearly好好玩;1;0;1;143371;6.974911244254417e-06
35864;我们躺在洪流睡不戳;1;0;1;143371;6.974911244254417e-06
35879;想吃舒芙蕾我觉得好听诶;1;0;1;143371;6.974911244254417e-06
35888;冲浪选手;1;0;1;143371;6.974911244254417e-06
35891;锅盖飞了;1;0;1;143371;6.974911244254417e-06
35894;Chiao宝宝，这个牛ChatGPT;1;0;1;143371;6.974911244254417e-06
35902;牛啊，这个;1;0;1;143371;6.974911244254417e-06
35916;九厘米的雾老蓝头感觉我要完犊子;2;0;2;143371;1.3949822488508834e-05
35920;束醉w；卧槽，这还要什么作曲家啊;2;0;2;143371;1.3949822488508834e-05
35925;嘟嘟新之助天呐我要被淘汰了chatgpt太牛了听这么多年说唱我都不太了解什么chorusoutro就知道versebridge具体的也答不上来kkuli;3;0;3;143371;2.092473373276325e-05
35956;峡谷慈悲观世音我已经在用这个东西帮我来写产品介绍和卖点了，写的真的比我好。;1;0;1;143371;6.974911244254417e-06
35959;刘小爷糖醋小排骨;1;0;1;143371;6.974911244254417e-06
35962;魏CC;1;0;1;143371;6.974911244254417e-06
35967;白天不听Rnb;1;0;1;143371;6.974911244254417e-06
35970;AKttt;1;0;1;143371;6.974911244254417e-06
35978;dyzq喝喝;1;0;1;143371;6.974911244254417e-06
35980;Californiamissing;1;0;1;143371;6.974911244254417e-06
35991;鼻鼻;1;0;1;143371;6.974911244254417e-06
35994;IIIiIII;1;0;1;143371;6.974911244254417e-06
35996;用户跳跳虎;1;0;1;143371;6.974911244254417e-06
36000;猫里个喵;1;0;1;143371;6.974911244254417e-06
36003;橙子汁不加糖;1;0;1;143371;6.974911244254417e-06
36008;卡卡;1;0;1;143371;6.974911244254417e-06
36016;别和奇怪的我说话;1;0;1;143371;6.974911244254417e-06
36030;心生;1;0;1;143371;6.974911244254417e-06
36037;莫三蛋;1;0;1;143371;6.974911244254417e-06
36042;西多士;1;0;1;143371;6.974911244254417e-06
36044;二十月亮;1;0;1;143371;6.974911244254417e-06
36054;关你西红柿真特么好听;1;0;1;143371;6.974911244254417e-06
36066;奶粉;1;0;1;143371;6.974911244254417e-06
36069;充值了吗，为什么你的回复这么长;1;0;1;143371;6.974911244254417e-06
36073;du3;2;0;2;143371;1.3949822488508834e-05
36077;小李还在睡居然还能写歌;1;0;1;143371;6.974911244254417e-06
36081;半岛铁盒。;1;0;1;143371;6.974911244254417e-06
36084;椰子皮;1;0;1;143371;6.974911244254417e-06
36095;小绵羊本人;1;0;1;143371;6.974911244254417e-06
36104;燃烧的发际线;1;0;1;143371;6.974911244254417e-06
36106;聪明土豆八宝粥都能写歌了;1;0;1;143371;6.974911244254417e-06
36108;Evil丶老椰Caius;1;0;1;143371;6.974911244254417e-06
36114;AchiFucxxxcoolthissong;1;0;1;143371;6.974911244254417e-06
36116;光启在逃设计师谁来试试我的春天爱人;1;0;1;143371;6.974911244254417e-06
36121;狂炫曼妥思什么东西啊，还让不让人活了;1;0;1;143371;6.974911244254417e-06
36123;BrunoYin这个好厉害;1;0;1;143371;6.974911244254417e-06
36133;Tttanggy想让他帮我写歌;2;0;2;143371;1.3949822488508834e-05
36139;气象劫chatgpt;1;0;1;143371;6.974911244254417e-06
36141;言汐;1;0;1;143371;6.974911244254417e-06
36145;顺其自然;2;0;2;143371;1.3949822488508834e-05
36155;陈一块吖还挺好听;1;0;1;143371;6.974911244254417e-06
36161;拜了个拜很像韩国那种感觉的歌;1;0;1;143371;6.974911244254417e-06
36165;Lindaaaaa七iii吸吸莉娅;2;0;2;143371;1.3949822488508834e-05
36171;旋律很赞但是歌词一般般诶;2;0;2;143371;1.3949822488508834e-05
36177;某市常驻居民小曹;1;0;1;143371;6.974911244254417e-06
36183;无哩怪6;1;0;1;143371;6.974911244254417e-06
36185;我看不见视力表了;1;0;1;143371;6.974911244254417e-06
36188;渡鴉好听诶;2;0;2;143371;1.3949822488508834e-05
36192;你也想吃肉吗曦熙就是莉娜chatGTP以后可不可以不跟我们抢工作;1;0;1;143371;6.974911244254417e-06
36198;懒大王爱吃青草蛋糕;1;0;1;143371;6.974911244254417e-06
36201;可爱的你;1;0;1;143371;6.974911244254417e-06
36203;我要吃糖;1;0;1;143371;6.974911244254417e-06
36220;戳戳拉拉zank;1;0;1;143371;6.974911244254417e-06
36223;千层饼中饼;6;0;6;143371;4.18494674655265e-05
36230;三百两黄金;1;0;1;143371;6.974911244254417e-06
36237;24Augenst;1;0;1;143371;6.974911244254417e-06
36253;是卷卷看来是网络问题;1;0;1;143371;6.974911244254417e-06
36257;狸獭小朋友已经十分钟没吃了我会笑死;1;0;1;143371;6.974911244254417e-06
36259;朝闻;1;0;1;143371;6.974911244254417e-06
36262;金钢大铁鹿;2;0;2;143371;1.3949822488508834e-05
36267;小小小小青龙;1;0;1;143371;6.974911244254417e-06
36269;chatgdp真的牛;1;0;1;143371;6.974911244254417e-06
36273;小朋友刺客（讨厌所有的小朋友）嘿嘿;1;0;1;143371;6.974911244254417e-06
36276;梦尾谣，渡头荡悠悠她好优秀;1;0;1;143371;6.974911244254417e-06
36279;晚安，风云;1;0;1;143371;6.974911244254417e-06
36284;俊科;2;0;2;143371;1.3949822488508834e-05
36288;你不认识我好牛;1;0;1;143371;6.974911244254417e-06
36293;去码头搞点薯条太牛了;1;0;1;143371;6.974911244254417e-06
36295;Believe好听诶;1;0;1;143371;6.974911244254417e-06
36297;修勾;1;0;1;143371;6.974911244254417e-06
36299;韩八哥;1;0;1;143371;6.974911244254417e-06
36310;W1ckedBxy上去问问怎么做drill;1;0;1;143371;6.974911244254417e-06
36318;麻衣学姐这玩意儿不要太离谱;1;0;1;143371;6.974911244254417e-06
36327;智商吞噬者猪精厂花美人德彪;3;0;3;143371;2.092473373276325e-05
36331;kuzuc谁起了粉色海洋;1;0;1;143371;6.974911244254417e-06
36335;0;1;0;1;143371;6.974911244254417e-06
36337;远亲不如近林;1;0;1;143371;6.974911244254417e-06
36341;FerrisZzz;1;0;1;143371;6.974911244254417e-06
36348;以太;1;0;1;143371;6.974911244254417e-06
36352;好牛啊对日落许愿怪兽怪兽周鸭鸭代码搬运工18美艳小妈;1;0;1;143371;6.974911244254417e-06
36356;大力阿童木芝士玉米粒吃个鱼记得早睡早起;2;0;2;143371;1.3949822488508834e-05
36359;阿丘丘;1;0;1;143371;6.974911244254417e-06
36365;鲸搞音乐的要失业了;1;0;1;143371;6.974911244254417e-06
36374;你才沙雕已经到这种程度了;3;0;3;143371;2.092473373276325e-05
36379;BuSan;1;0;1;143371;6.974911244254417e-06
36381;是发财呀;1;0;1;143371;6.974911244254417e-06
36385;硫酸锌;2;0;2;143371;1.3949822488508834e-05
36388;重生之我在沙二当牢神;1;0;1;143371;6.974911244254417e-06
36394;柏卧槽;1;0;1;143371;6.974911244254417e-06
36397;抱佛脚我测;1;0;1;143371;6.974911244254417e-06
36399;uarmyhopeeeeee;1;0;1;143371;6.974911244254417e-06
36407;O挺好听的;1;0;1;143371;6.974911244254417e-06
36414;小宇眠眠crazy;1;0;1;143371;6.974911244254417e-06
36418;三三六来曳满五十减一百我靠;1;0;1;143371;6.974911244254417e-06
36425;pompomsGyee666;1;0;1;143371;6.974911244254417e-06
36427;狗屁不通;1;0;1;143371;6.974911244254417e-06
36434;考拉和兔子;1;0;1;143371;6.974911244254417e-06
36438;YFBai13朝笔奈真冬吃吃吃就知道吃;1;0;1;143371;6.974911244254417e-06
36445;高贵又冷艳的王;1;0;1;143371;6.974911244254417e-06
36448;太强了;3;0;3;143371;2.092473373276325e-05
36453;rainyday;1;0;1;143371;6.974911244254417e-06
36456;L;1;0;1;143371;6.974911244254417e-06
36467;B612星球孤独的小王子的小狐狸;1;0;1;143371;6.974911244254417e-06
36474;Aroma;1;0;1;143371;6.974911244254417e-06
36476;mixxiaozhizzw;1;0;1;143371;6.974911244254417e-06
36478;金哥刺秦王宝;1;0;1;143371;6.974911244254417e-06
36484;Mr联名;1;0;1;143371;6.974911244254417e-06
36486;thevkook真牛啊;3;0;3;143371;2.092473373276325e-05
36492;智智二三事;1;0;1;143371;6.974911244254417e-06
36494;timtimkiss;1;0;1;143371;6.974911244254417e-06
36498;青团子;1;0;1;143371;6.974911244254417e-06
36502;拉布拉多驴好好听;1;0;1;143371;6.974911244254417e-06
36504;溺水的鱼还有什么是人只能做的吗;2;0;2;143371;1.3949822488508834e-05
36510;歌词有种东拼西凑的感觉;1;0;1;143371;6.974911244254417e-06
36515;英语水平;1;0;1;143371;6.974911244254417e-06
36523;南瓜头;1;0;1;143371;6.974911244254417e-06
36525;好夸张啊;1;0;1;143371;6.974911244254417e-06
36539;微电子酒精炉;1;0;1;143371;6.974911244254417e-06
36541;等等？这个是真人;1;0;1;143371;6.974911244254417e-06
36555;Grinchmymz;4;0;4;143371;2.7899644977017668e-05
36562;额写歌嘎嘎好用;1;0;1;143371;6.974911244254417e-06
36566;李钟硕（发疯版）我去这玩意还能写歌;1;0;1;143371;6.974911244254417e-06
36570;裤裤弹力十足;1;0;1;143371;6.974911244254417e-06
36582;0;1;0;1;143371;6.974911244254417e-06
36593;IWILLBEALLAROUND好汀;1;0;1;143371;6.974911244254417e-06
36602;蕉蕉儿汁早被取代且超越了;1;0;1;143371;6.974911244254417e-06
36605;TLLLLLLLLLLnp6666;1;0;1;143371;6.974911244254417e-06
36608;zekiiii;1;0;1;143371;6.974911244254417e-06
36610;小鹿美子草了;1;0;1;143371;6.974911244254417e-06
36618;yi;1;0;1;143371;6.974911244254417e-06
36632;我想买新鞋Aceee我焯，写的还挺好听，还传达了乐观向上的心态;1;0;1;143371;6.974911244254417e-06
36640;苇卧槽;1;0;1;143371;6.974911244254417e-06
36642;GalCara;1;0;1;143371;6.974911244254417e-06
36644;肚子餓扁啦这个GPT好牛啊;1;0;1;143371;6.974911244254417e-06
36653;Lilbabe;1;0;1;143371;6.974911244254417e-06
36655;好在好喜欢;1;0;1;143371;6.974911244254417e-06
36658;言xiaoliu投诉电话;2;0;2;143371;1.3949822488508834e-05
36666;AAA小贾专业饼干打孔AAA小孙专业趣多多点豆娃去;1;0;1;143371;6.974911244254417e-06
36673;零牛逼;1;0;1;143371;6.974911244254417e-06
36678;一汀汽水光启girl唯爱齐司礼zoro;1;0;1;143371;6.974911244254417e-06
36680;emo的向日葵;1;0;1;143371;6.974911244254417e-06
36691;热苟sama;1;0;1;143371;6.974911244254417e-06
36700;好听;1;0;1;143371;6.974911244254417e-06
36704;有幸听过侃爷唱lovestory泰勒斯唱famous;5;231;236;143371;0.0016460790536440423
36713;不要被up迷惑了，这个效果吃的是制作水平，chatgpt只不过提供了词和和弦走向;4;5;9;143371;6.277420119828975e-05
36721;我只想知道在国内怎么注册;7;3;10;143371;6.974911244254417e-05
36733;话太多，直接放歌就很惊艳;2;2;4;143371;2.7899644977017668e-05
36736;真羡慕你有个这样白白胖胖的女朋友;6;2;8;143371;5.5799289954035336e-05
36744;写词支持中文不;3;2;5;143371;3.487455622127208e-05
36768;主观感受这词真的配不上这嗓子和制作;1;0;1;143371;6.974911244254417e-06
36772;作词不作曲;1;0;1;143371;6.974911244254417e-06
36777;完了作曲家都失业了;1;0;1;143371;6.974911244254417e-06
36779;你可以再加一句请用一些高级和弦马上就变得洋气了之前试过;1;0;1;143371;6.974911244254417e-06
36787;你女朋友火了，要是跑了，你可别后悔;1;0;1;143371;6.974911244254417e-06
36792;竖子尔敢年更，当日更。;1;4;5;143371;3.487455622127208e-05
36794;不应该这么少粉丝;1;2;3;143371;2.092473373276325e-05
36803;浦浦（拼命摆烂版）;1;0;1;143371;6.974911244254417e-06
36806;早点放歌也不会划走了汪苏泷;1;6;7;143371;4.882437870978092e-05
36809;一起做潘周聃;1;3;4;143371;2.7899644977017668e-05
36811;一群人占成一排叫公主;1;1;2;143371;1.3949822488508834e-05
36813;你这个叫炒作;1;2;3;143371;2.092473373276325e-05
36817;不押韵;7;3;10;143371;6.974911244254417e-05
36825;哈哈，有意思哈;1;2;3;143371;2.092473373276325e-05
36827;我以后就不用动笔了兄弟。。。;1;2;3;143371;2.092473373276325e-05
36829;老师666;1;1;2;143371;1.3949822488508834e-05
36833;经鉴定，Ai老弟比我文化好;1;1;2;143371;1.3949822488508834e-05
36835;0;1;1;2;143371;1.3949822488508834e-05
36838;我觉得可以取代;1;0;1;143371;6.974911244254417e-06
36849;AI只是唱歌，单纯的唱歌。没有共情能力，所有唱不出歌词所表达的特殊情感;1;0;1;143371;6.974911244254417e-06
36851;ai人声会出现卷舌翘舌不分吗？;1;0;1;143371;6.974911244254417e-06
36853;什么软件？;1;0;1;143371;6.974911244254417e-06
36858;歌手要退休了;2;8;10;143371;6.974911244254417e-05
36861;我会，我等下试一下;1;7;8;143371;5.5799289954035336e-05
36883;大哥。能不能教一下我怎么注册一个？;6;1;7;143371;4.882437870978092e-05
36890;试过了，现在它主要的功能是让公众号通过夸大其词博眼球炒流量。像写歌这项，根本没有歌谱，只有和旋。但你看做短视频的各个都装成给谱了能直接唱;2;3;5;143371;3.487455622127208e-05
36899;很普通bandinthebox玩剩下的国外二十年前就有了;9;20;29;143371;0.00020227242608337808
36909;我给您歌词，可以帮我完成歌曲吗？老师;7;2;9;143371;6.277420119828975e-05
36917;要是能导出分轨音频还有midi就可以;6;1;7;143371;4.882437870978092e-05
36924;版权归谁？;4;2;6;143371;4.18494674655265e-05
36929;他还会写离调的和弦;3;1;4;143371;2.7899644977017668e-05
36933;夏老师;2;1;3;143371;2.092473373276325e-05
36936;参与了开发其实;2;1;3;143371;2.092473373276325e-05
36939;老师可以教我吗好想学一门手艺在身啊;3;0;3;143371;2.092473373276325e-05
36943;这不就是个loop吗;1;2;3;143371;2.092473373276325e-05
36946;苹果能用吗;1;1;2;143371;1.3949822488508834e-05
36948;我之前玩过，不是很惊艳，我用几套和弦，然后选一种风格，好家伙，全部一模一样，一个乐器都没有变化，起码稍微的变一两轨、换一两个音色、变化一下前奏间奏尾奏都还好，全一样;1;1;2;143371;1.3949822488508834e-05
36950;感觉没有深度学习的影子，就单纯的运行代码，换一下和声乐器;1;1;2;143371;1.3949822488508834e-05
36952;玩玩还行，出歌还是算了，有那么几个风格能听，其他的midi味太重了;1;1;2;143371;1.3949822488508834e-05
36954;对我这种编曲小白的人也许有用;1;1;2;143371;1.3949822488508834e-05
36963;慢一拍了，相对抖音出品的那个什么乐队，智能也没错，作为demo来说是可以的。只是网易的诚意和决心或者说是对新方向的信心有点不足，就有点撒网的感觉。有些随意了。期待更多更好的软件发声。;1;2;3;143371;2.092473373276325e-05
36967;合作愉快;1;0;1;143371;6.974911244254417e-06
36969;好听，哪里能听完整版呀;2;1;3;143371;2.092473373276325e-05
36974;搞起来;1;1;2;143371;1.3949822488508834e-05
36978;好用吗老夏;3;0;3;143371;2.092473373276325e-05
36982;APP吗？;2;0;2;143371;1.3949822488508834e-05
36985;真假自行编曲;1;0;1;143371;6.974911244254417e-06
36987;土;1;0;1;143371;6.974911244254417e-06
36989;能自动演唱吗？;1;0;1;143371;6.974911244254417e-06
36998;我要是会ai我把我歌单里所有歌都ai成孙燕姿;9;245;254;143371;0.001771627456040622
37008;这首歌感觉就应该是孙燕姿的;11;99;110;143371;0.0007672402368679858
37020;燕姿的声音好好听。虽然但是。;8;33;41;143371;0.00028597136101443107
37029;声音很像不过没有细节孙燕姿很喜欢小转音;1;38;39;143371;0.00027202153852592226
37031;出一首百年孤寂就知道像不像了;2;33;35;143371;0.0002441218935489046
37034;音色无敌，空灵不够;3;12;15;143371;0.00010462366866381626
37038;天长地久的地字发音太有孙燕姿特点了;2;52;54;143371;0.0003766452071897385
37041;这首歌哪怕我喜欢燕姿的声音也没用，王菲就是天花板没有之一;1;16;17;143371;0.00011857349115232509
37044;能不能让ai唱燕姿原本的歌听听出区别;3;3;6;143371;4.18494674655265e-05
37048;我听了所有版本的红豆，红豆是我最喜欢的，从2008年开始，哈哈哈哈，红豆;3;4;7;143371;4.882437870978092e-05
37052;能不能换个歌手薅;3;9;12;143371;8.3698934931053e-05
37056;完全忘了王菲的原唱;1;14;15;143371;0.00010462366866381626
37065;callmelisaa就这种的，可以理解成让机器人听孙燕姿的歌，然后用她的音色唱歌;1;2;3;143371;2.092473373276325e-05
37079;小王同学我曾经以为这首歌只能王菲唱才好听;1;0;1;143371;6.974911244254417e-06
37083;海绵宝宝我们一起去抓水母吧啊啊啊啊啊啊啊好像;1;0;1;143371;6.974911244254417e-06
37086;霹雳宝宝大数据知道我昨天听到红豆了;1;0;1;143371;6.974911244254417e-06
37092;安稳随性;2;0;2;143371;1.3949822488508834e-05
37103;点歌：一直很安静;1;0;1;143371;6.974911244254417e-06
37105;目前轨迹最好;1;1;2;143371;1.3949822488508834e-05
37107;估计是模仿的，不是电脑合成。;3;0;3;143371;2.092473373276325e-05
37117;太像;1;2;3;143371;2.092473373276325e-05
37126;yyyyyycx;2;0;2;143371;1.3949822488508834e-05
37129;cc超级无敌淡定冷静;3;0;3;143371;2.092473373276325e-05
37144;狗如常;2;0;2;143371;1.3949822488508834e-05
37149;dd今天吃什么暮下轻烟00变形记寒卿顾云停ai燕姿屠杀华语乐坛了属于;1;12;13;143371;9.067384617530743e-05
37151;28YW会在鱼鱼别烦我睡觉猶豫不決遇到困难睡大觉盆moon;2;2;4;143371;2.7899644977017668e-05
37157;第二张咋还对眼了;3;21;24;143371;0.000167397869862106
37161;看来国内用户不多，数据不够;2;4;6;143371;4.18494674655265e-05
37165;为啥我觉得图里面很像日本人;1;9;10;143371;6.974911244254417e-05
37167;说实话这画面没什么感觉，不适合这个歌;1;2;3;143371;2.092473373276325e-05
37197;你这样是能帮助到一些人，但是歌词打动人的最根本还是感同身受;1;1;2;143371;1.3949822488508834e-05
37199;软件是电脑版还是手机版？;1;1;2;143371;1.3949822488508834e-05
37202;没有下载地址;1;0;1;143371;6.974911244254417e-06
37212;0;1;1;2;143371;1.3949822488508834e-05
37215;不知道百度的文言一心上线后能不能这样填词，能的话，你这个就没啥作用了;1;0;1;143371;6.974911244254417e-06
37218;这是好事，越多的人做这种，更能凸显编曲混音师的重要性;3;21;24;143371;0.000167397869862106
37222;创意是第一位的;5;11;16;143371;0.00011159857990807067
37228;为啥人们不会审美疲劳;4;5;9;143371;6.277420119828975e-05
37233;这就是我唱着唱着就爱串歌的原因;1;16;17;143371;0.00011857349115232509
37235;都是同样和弦套路;4;3;7;143371;4.882437870978092e-05
37240;早就知道编曲行业要消失了KK早说过了;4;4;8;143371;5.5799289954035336e-05
37245;你要这么说的话，12个音全世界的歌都包括了。不能这么比较，毕竟人家那是创作;7;0;7;143371;4.882437870978092e-05
37253;那怎么做不一样;4;1;5;143371;3.487455622127208e-05
37258;自动伴奏走一遍，导出Midi，换音色，修力度，拉几个包络线，混下音，完美十年前我就这样干过;3;1;4;143371;2.7899644977017668e-05
37262;祖传和弦;2;2;4;143371;2.7899644977017668e-05
37266;目前适合国内的Ai编曲软件好像还没有，国外就BBX比较好;1;3;4;143371;2.7899644977017668e-05
37268;当年李海鹰给《涛声依旧》编曲，特别羡慕觉得很酷。;2;1;3;143371;2.092473373276325e-05
37271;编曲真的快了，作曲还需要一些时间;1;3;4;143371;2.7899644977017668e-05
37273;和声一样的歌多了去了和编曲没什么关系;1;3;4;143371;2.7899644977017668e-05
37275;老师唱歌;1;0;1;143371;6.974911244254417e-06
37280;哪首歌流行歌不是吉他bass键盘鼓;2;1;3;143371;2.092473373276325e-05
37283;666;1;0;1;143371;6.974911244254417e-06
37288;你适合做创作;2;1;3;143371;2.092473373276325e-05
37292;“管那么多呢好听就行”;1;1;2;143371;1.3949822488508834e-05
37295;pad是什么意思，，我看电子琴上也有，，。不会用，给解释一下呗？;1;1;2;143371;1.3949822488508834e-05
37297;看来创作要草根来完成，太专业套路而无新路;1;1;2;143371;1.3949822488508834e-05
37299;催化剂的作用，要么继续干，要么继续好好干;1;1;2;143371;1.3949822488508834e-05
37301;大实话;1;0;1;143371;6.974911244254417e-06
37303;音符就那几个，排列组合还要好听，其实就是满足大众对向往美好生活的向往。其实没什么不好。;1;3;4;143371;2.7899644977017668e-05
37305;同样的套路，为什么有的歌是那么好听和经典呢;1;1;2;143371;1.3949822488508834e-05
37307;然而客户就要这玩意;1;1;2;143371;1.3949822488508834e-05
37310;没有灵魂音乐，再怎么编都没啥感情;1;2;3;143371;2.092473373276325e-05
37313;老师大屏是电视机吗？什么型号？;1;0;1;143371;6.974911244254417e-06
37318;0;1;1;2;143371;1.3949822488508834e-05
37326;我能说我这个也不会吗;1;1;2;143371;1.3949822488508834e-05
37329;周杰伦好多歌曲都是同一个和弦走向，但丝毫不影响首首都是经典;1;0;1;143371;6.974911244254417e-06
37331;哈哈哈哈。;1;1;2;143371;1.3949822488508834e-05
37334;太对了;1;1;2;143371;1.3949822488508834e-05
37336;想替代还不大可能吉他，电吉他古筝竹笛人演奏出来的感觉是不一样的第二看你使用什么价位的乐器录第三谁弹AI替代不了;1;1;2;143371;1.3949822488508834e-05
37338;老师唱的好，关注一波;2;0;2;143371;1.3949822488508834e-05
37341;您好;1;1;2;143371;1.3949822488508834e-05
37343;这应该有部分作曲的责任;1;0;1;143371;6.974911244254417e-06
37346;套旋律的东西比较多;1;0;1;143371;6.974911244254417e-06
37348;我每一首的编曲都不一样。;1;2;3;143371;2.092473373276325e-05
37351;这几首歌完全不一样啊;2;0;2;143371;1.3949822488508834e-05
37354;道理都懂，可还是没能够干出爆款撒;1;1;2;143371;1.3949822488508834e-05
37356;王婆一下，骑士游乐团了解一下。;1;2;3;143371;2.092473373276325e-05
37358;交响都能ai编曲了，更何况这种流行，之前深圳就演过一场ai编曲的交响乐。;1;0;1;143371;6.974911244254417e-06
37360;leadingbass和弦进行可以唱30流行歌;1;1;2;143371;1.3949822488508834e-05
37362;完全正确;1;0;1;143371;6.974911244254417e-06
37366;四大件挺好;1;2;3;143371;2.092473373276325e-05
37368;0;1;1;2;143371;1.3949822488508834e-05
37370;熟悉的卡农低音进行;1;2;3;143371;2.092473373276325e-05
37372;但多少人会去听那种歌呢;3;0;3;143371;2.092473373276325e-05
37377;对我说晚安;1;1;2;143371;1.3949822488508834e-05
37379;希望以后除了少部分前卫、探索的实验音乐由人类创作，其他音乐可以有AI根据听众喜好一键创作，人人都可以在1分钟内制作一首音乐;1;2;3;143371;2.092473373276325e-05
37381;大风吹？;1;1;2;143371;1.3949822488508834e-05
37383;星星点灯试一试;1;1;2;143371;1.3949822488508834e-05
37385;我在油罐上看过，已经有这种东西了，能自动配好和弦，并且预置了大量loop，但做出来的效果和歌词生成器那种差不多。但忽悠小白足够了。;1;1;2;143371;1.3949822488508834e-05
37387;像极了清朝末期的状态只不过映射在音乐上;1;1;2;143371;1.3949822488508834e-05
37389;“编曲”从2022年开始要求统一写成配器MIDI工程。;1;0;1;143371;6.974911244254417e-06
37396;最先被替代的一定是母带，然后是混音，再然后就是编曲，终极AI是掌控人类的七情六欲，除了生存必须的吃喝拉撒睡，其他全部由AI提供，可以让人类秒嗨;4;0;4;143371;2.7899644977017668e-05
37401;音乐人的财富密码4536251;1;3;4;143371;2.7899644977017668e-05
37403;相比较欧美流行音乐，国内流行音乐本来就停留在很套路，很落后的状态。;1;1;2;143371;1.3949822488508834e-05
37405;就喜欢接这种活，容易火还好编，最后活越来越多;1;1;2;143371;1.3949822488508834e-05
37407;这种事物早就有。那时候是硬件。也就是电子琴自动伴奏。现在的ai也达不到太理想的结果。另一个方面，除了顶端市场，如果你不这么编，大多数客户不买单。我就要李荣浩我就要林俊杰。你要是做的不像还有可能丢掉饭碗;2;0;2;143371;1.3949822488508834e-05
37410;如果经典上海滩用这样的伴奏肯定红不了。;1;0;1;143371;6.974911244254417e-06
37412;已经替代了，我只能说大家低估AI音乐了。之前我是不屑的，但接触过AI音乐后我直接跪了;1;0;1;143371;6.974911244254417e-06
37416;整活娱乐;6;71;77;143371;0.0005370681658075901
37423;牛批我买一个也接混音单了;6;134;140;143371;0.0009764875741956184
37430;要不是用过minidsp矫正。。我差点以为是真的了;2;36;38;143371;0.00026504662728166786
37433;是真的，我的新歌就是这么混出来的;11;28;39;143371;0.00027202153852592226
37445;会不会这个视频小白看不懂但是内行人一眼假;4;57;61;143371;0.00042546958589951943
37450;外行看热闹内行看啥;3;33;36;143371;0.000251096804793159
37454;你这遥控器不行我那个9个按键;1;27;28;143371;0.00019529751483912368
37456;mixingwith主人;7;0;7;143371;4.882437870978092e-05
37464;这种混一个多少钱;5;0;5;143371;3.487455622127208e-05
37470;不是淘汰大部分人，而是有一大部分人要进来了;1;5;6;143371;4.18494674655265e-05
37472;那找混音的自己买一个效果会怎么样;1;3;4;143371;2.7899644977017668e-05
37476;我去，智能还让我们活吗;2;0;2;143371;1.3949822488508834e-05
37491;MOKING这个真的假的;1;1;2;143371;1.3949822488508834e-05
37499;什么设备多少钱买的;1;0;1;143371;6.974911244254417e-06
37504;1lonE666;1;0;1;143371;6.974911244254417e-06
37514;atepDontStop都能这么混了？;2;0;2;143371;1.3949822488508834e-05
37523;笨笨小浣熊RitafYiFakeFakeXKS差点我就信了;1;1;2;143371;1.3949822488508834e-05
37526;兰宝贝我命令你给我买一个;3;1;4;143371;2.7899644977017668e-05
37534;urvive你是不是要变龙鸣啊;1;0;1;143371;6.974911244254417e-06
37542;CRAZYBOYLILSHEEP多少钱一个很不错的硬件;1;2;3;143371;2.092473373276325e-05
37546;箐狸重生之路之我是葛华强VWEI徐志我的歌都是这样混的我用的是海尔遥控器;1;0;1;143371;6.974911244254417e-06
37549;小新没吃饱YIANGTRUTLUV2EvaBLUEFACEnb哈哈哈哈哈哈哈;3;4;7;143371;4.882437870978092e-05
37555;积雨云那里那个？我不是给;1;0;1;143371;6.974911244254417e-06
37560;晚安大猩猩YYYYxr思绪忧中野五月;1;0;1;143371;6.974911244254417e-06
37563;郭航宇我去;1;0;1;143371;6.974911244254417e-06
37571;歌名《老子不是gay》;1;4;5;143371;3.487455622127208e-05
37577;周星丞trashlowkidTracksontrack夸张;2;0;2;143371;1.3949822488508834e-05
37584;777888999挖趣;1;0;1;143371;6.974911244254417e-06
37586;Zero这首歌在积雨云那录的笑死我了;2;2;4;143371;2.7899644977017668e-05
37592;OGSix牛逼不太屌了;5;0;5;143371;3.487455622127208e-05
37598;五円nb;2;0;2;143371;1.3949822488508834e-05
37606;游戏机就在你手里西红柿鸡蛋面cc小悦O3O小七再吃一口软弱狗勾哭泣泣杠杠snow这好像是那首你到底是不是gay;1;1;2;143371;1.3949822488508834e-05
37613;icecco（持续接混音中）;1;0;1;143371;6.974911244254417e-06
37622;姜跞JL（也想混音赚钱版）oooMario爱喝北冰洋小杨和0rigin;1;0;1;143371;6.974911244254417e-06
37628;HPEIRTAZ;1;0;1;143371;6.974911244254417e-06
37634;吧唧啊buluLilsinandBiana亮师SuperkozTHGODSOUL坤鹏飞（行走的作品版）;2;3;5;143371;3.487455622127208e-05
37641;beatsbyAshFa7梦洛m;1;0;1;143371;6.974911244254417e-06
37644;Mission;1;0;1;143371;6.974911244254417e-06
37646;Sickyoung熙BoesbeerCCTD超级小明表弟啊（哈圈Kriswu）;1;1;2;143371;1.3949822488508834e-05
37652;GothboiClique;2;1;3;143371;2.092473373276325e-05
37657;大棚不种蔬菜刀山火海ClintonD克林遁地17铞;2;0;2;143371;1.3949822488508834e-05
37662;Lean4Night;1;0;1;143371;6.974911244254417e-06
37666;杨明晨的混音;1;0;1;143371;6.974911244254417e-06
37675;Aleft;1;1;2;143371;1.3949822488508834e-05
37677;我已经用Ai混了十几首了;1;3;4;143371;2.7899644977017668e-05
37681;我擦;1;0;1;143371;6.974911244254417e-06
37711;哈哈哈哈哈哈哈哈哈哈我要笑死了用户1567092009720;2;1;3;143371;2.092473373276325e-05
37717;甘正？;1;2;3;143371;2.092473373276325e-05
37724;可以聊聊idm风格吗;1;1;2;143371;1.3949822488508834e-05
37736;丁老师请问一下如何评价二手玫瑰;23;223;246;143371;0.0017158281660865865
37760;我只知道ai换头;10;102;112;143371;0.0007811900593564947
37772;我万万没想到ai唱的是这首歌;1;184;185;143371;0.0012903585801870671
37774;梁博和华晨宇你喜欢谁;47;11;58;143371;0.00040454485216675617
37823;丁老师，汪峰老师也评乌梅子酱了;6;61;67;143371;0.00046731905336504595
37830;哪个ai唱歌工具，能分享一下吗刀哥;8;18;26;143371;0.00018134769235061485
37839;ai不能取代那些有硬实力的，会取代的是那些网红歌手;4;9;13;143371;9.067384617530743e-05
37844;有一说一，丁太昇的作词功底可以;5;24;29;143371;0.00020227242608337808
37850;你和罗玉凤是绝配的一对儿;4;8;12;143371;8.3698934931053e-05
37855;丁老师不管评论什么，都是自己的想法，我觉得很好，毕竟每个人的观点不一样;1;19;20;143371;0.00013949822488508833
37857;丁老师是一个有自己独到见解与思想的人，感谢你敢于分享;4;31;35;143371;0.0002441218935489046
37862;所以以后真正唱的好的人和真正画的好的人会更贵了;6;1;7;143371;4.882437870978092e-05
37869;AI出来了，歌手们应该不会有天价了。;9;5;14;143371;9.764875741956184e-05
37880;对于大众而言，表面就已经足够了。内在或者内核觉大数人没有时间或者没有能力去了解;2;6;8;143371;5.5799289954035336e-05
37883;丁老师可能还不太清楚，说唱圈一些歌手很早就已经在使用押韵软件写词了但是现在看来，AI并不会取代说唱行业里面的部分工作，反倒是一定程度上降低了说唱行业门槛，使得更多的兴趣爱好者参与到了这个音乐门类当中，群体基础加厚了。我赞同丁老师说的Ai永远无法代替艺术家的观点，但是在使用先进技术工具与时俱进这一块，说唱圈还是有值得称道的地方。;1;1;2;143371;1.3949822488508834e-05
37930;我听到你的声音，我就不开心，我看到你对你改编的乌梅子酱还洋洋得意的时候，我替你感到不开心;1;3;4;143371;2.7899644977017668e-05
37933;Allen你怎么看;1;0;1;143371;6.974911244254417e-06
37944;且不论乌梅子酱好不好听，就看你自认为站在所谓专业的角度评论别人这副样子，可能就会另人反感。;1;0;1;143371;6.974911244254417e-06
37955;客观的来讲，其实你填的也一般，为了填而填，太过于讲究押韵和一些看似华丽的词语，这叫词藻堆砌，就有点水满则溢的感觉。而且在歌的内容逻辑上是混乱的，真的有一丝丝尴尬。李荣浩他的歌虽然口水，但是词曲是对应的，这就是为什么李荣浩词曲都自己写是有一定优势的，他能最准确的把词和曲所表达的情感融合到一起。他所表达的就是欢快的爱情，有种大龄男人重获爱情变成年轻男孩的感觉，而你的词其实不符合这个曲的，单纯就是把词硬填进去，所以其实还是得考虑到曲所表达的情感（个人愚见）;1;13;14;143371;9.764875741956184e-05
37984;评价一下周杰伦;1;0;1;143371;6.974911244254417e-06
37995;小孩子还要不要学琴？;1;1;2;143371;1.3949822488508834e-05
38007;看完你的长视频，一得有兴趣，二得有耐心。;1;1;2;143371;1.3949822488508834e-05
38009;作曲和编曲能被ai取代吗？老师？机器批量生产的产品和纯手工制造的产品还是有差距的哦;3;0;3;143371;2.092473373276325e-05
38020;七百年后卧槽？太升哥放这段也属实有点炸裂了;1;0;1;143371;6.974911244254417e-06
38027;好久没玩抖音了，为什么蔡徐坤戴眼镜，长胡子了？？？;2;4;6;143371;4.18494674655265e-05
38030;你的脖子什么情况。投起来一块;2;0;2;143371;1.3949822488508834e-05
38042;丁老师评价一下张学友陈奕迅王杰;1;2;3;143371;2.092473373276325e-05
38046;AI是什么？阿伦艾佛森吗？;2;3;5;143371;3.487455622127208e-05
38058;我的小爱同学，就是我的声音，比较常见了;1;0;1;143371;6.974911244254417e-06
38065;初音未来不就是早期的ai歌手吗;1;2;3;143371;2.092473373276325e-05
38109;光说没有用，你填的乌梅子酱的词比口水还口水;20;20;40;143371;0.00027899644977017667
38130;丁老师的自信来源于哪里;10;16;26;143371;0.00018134769235061485
38141;说实话你的词水的不如乌梅子酱;9;2;11;143371;7.672402368679858e-05
38152;ai继续开源下去，人工智能编曲马上就会出现，让ai不断的去学习曲式分析，那些用1645和卡农写的垃圾口水歌他一天能给你写1000首，低端音乐人直接被取代，想赚钱就去写好作品，对音乐产业的推动是革命性的;1;3;4;143371;2.7899644977017668e-05
38154;评价一下两千五百年;1;2;3;143371;2.092473373276325e-05
38156;那未来，反而因为科技技术，把那些靠脸吃饭的成全了，不会唱也可以靠科技技术录音，然后对口型假唱;1;1;2;143371;1.3949822488508834e-05
38158;求你了，别再蹭乌梅子酱的热度了。;1;1;2;143371;1.3949822488508834e-05
38162;没有代表作，不会唱好意思评价他人。;2;0;2;143371;1.3949822488508834e-05
38165;手机代替专业照相机，你就胡说八道吧;2;0;2;143371;1.3949822488508834e-05
38295;在网上搜不到下载诶;2;0;2;143371;1.3949822488508834e-05
38298;我从小喜欢音乐，一路走来错过好多灵感，灵感这东西好奇妙，得之一刹失之一刹;1;2;3;143371;2.092473373276325e-05
38300;这个厉害;1;1;2;143371;1.3949822488508834e-05
38303;这是在大数据里找匹配的旋律;1;0;1;143371;6.974911244254417e-06
38312;完整版已出，看我最新视频;48;6755;6803;143371;0.047450321194662796
38361;啥呀这不就一笑倾城前奏改了点吗;769;49000;49769;143371;0.34713435771529805
39131;那些说像哪首哪首的。说实话我真的一首都没听过。希望大家可以来听听我自己听的歌单或者我编的其他音乐就知道了;616;93000;93616;143371;0.6529632910421215
39748;我脑子里怎么出现了本兮的声音;1371;142000;143371;143371;1.0
41120;关于我《00后小姑娘凌晨三点半夜惊醒突发尿意，连忙掀起马桶盖》;638;72000;72638;143371;0.5066436029601523
41759;为啥有种徐良汪苏泷的感觉;478;88000;88478;143371;0.6171261970691423
42238;总感觉在哪听过这个旋律;591;43000;43591;143371;0.3040433560482943
42830;我决定给你配个绝美的风景跟文案;86;30000;30086;143371;0.2098471796946384
42917;说实话这首歌可以去拍韩国恋爱剧的开头曲;215;40000;40215;143371;0.28049605568769137
43133;好听;59;14000;14059;143371;0.09806027718297285
43193;我知道你还是爱着我虽然分开的理由;259;14000;14259;143371;0.09945525943182373
43453;感觉这个节奏，空灵一点会更好听，不要加电音吧，个人意见别喷;158;26000;26158;143371;0.18244972832720704
43612;抖音未来两天的BGM;164;38000;38164;143371;0.2661905127257256
43777;有点像12年早期韩流;228;24000;24228;143371;0.168988149625796
44006;适合韩语或英文;112;10000;10112;143371;0.07053030250190066
44119;溢出来就变成了安静与温柔;26;8661;8687;143371;0.06059105397883812
44148;这是什么软件啊;2;0;2;143371;1.3949822488508834e-05
44151;只跟有猫猫狗狗的人讲话就是这种东西很帅;1;0;1;143371;6.974911244254417e-06
44167;有编曲课程吗？;1;2;3;143371;2.092473373276325e-05
44169;老师好，我想做个伴奏，怎样联系你？;2;3;5;143371;3.487455622127208e-05
44174;用的什么软件啊;1;1;2;143371;1.3949822488508834e-05
44176;我非常需要一个编曲;2;3;5;143371;3.487455622127208e-05
44180;静静不静编曲;1;0;1;143371;6.974911244254417e-06
44183;4566进行，编曲也太套路了，主旋律也;1;2;3;143371;2.092473373276325e-05
44186;这是什么软件;1;2;3;143371;2.092473373276325e-05
44196;我只会唱调不会写出谱有救吗;3;2;5;143371;3.487455622127208e-05
44200;谁能帮我作作曲啊;4;1;5;143371;3.487455622127208e-05
44205;看不懂;1;1;2;143371;1.3949822488508834e-05
44207;博主可以帮做个音乐吗？非常洗脑的那种，我是卖玩具的;1;2;3;143371;2.092473373276325e-05
44222;小瑶酱我也想变成这样的;1;1;2;143371;1.3949822488508834e-05
44231;谷谷哒叮咚星光小何疯了Mmm他不是王杰雯Jance念阿祺的独角仙En想看海我不管哥们儿一定得把它串成说唱;1;2;3;143371;2.092473373276325e-05
44234;HH榛子初代纯爱战士总是会心动海棠北路;1;6;7;143371;4.882437870978092e-05
44242;干饭还有这个;1;1;2;143371;1.3949822488508834e-05
44251;好听;1;2;3;143371;2.092473373276325e-05
44254;这是什么软件;1;2;3;143371;2.092473373276325e-05
44264;鬼鬼超猛你给我做一个;3;2;5;143371;3.487455622127208e-05
44269;叩叩nice就是我们今天的办公室讨论的，突然觉得编曲好有意思;1;1;2;143371;1.3949822488508834e-05
44273;14年秋遇到她15年冬爱上她相互带回过家见过彼此爸妈熬过毕业季啦又步入社会啦经历过异地啊这一晃五年啊感觉都变了啊我就差十天啦就差一点了啊差一点娶到她差一点成一家差一点黑礼服白婚纱差一点就实现承诺啦如果那天能冷静的话我就不会一走了之吧最后闹得不欢而散啦连正式告别都没说啊事到如今都是怪我啊怪只怪我把她弄丢啦希望她能够原谅我吧最后她穿上了婚纱只是旁边不是我啦希望她能够幸福吧不像跟着我受苦啦你一定要好好待她她不吃蒜水和葱花她喜欢惊喜和鲜花以前我都没能给她我们也许不会见啦或许是命中注定吧也许我偶尔梦到她也许是日有所思吧也许是心有不甘吧也许这就是遗憾吧我们都束手无策啊所以一定要幸福啊;3;2;5;143371;3.487455622127208e-05
44282;卧槽卧槽，有种汪苏龙的感觉喂鸡饲料;1;2;3;143371;2.092473373276325e-05
44289;我有歌词，您是否可以作曲？;1;1;2;143371;1.3949822488508834e-05
44292;九命猫啊哈嗯卧槽，姐突然对编曲好感兴趣;1;1;2;143371;1.3949822488508834e-05
44294;汐羽纪哇哦;1;1;2;143371;1.3949822488508834e-05
44299;LD老爹我看这个确实太不容易了;1;1;2;143371;1.3949822488508834e-05
44302;好难，我写歌词无压力，作曲编曲，怎么学;18;4;22;143371;0.00015344804737359716
44324;旋律和Throwaway有点像;1;3;4;143371;2.7899644977017668e-05
44334;这是什么软件;3;3;6;143371;4.18494674655265e-05
44339;求大神把我拍的音乐弄点好听点跪谢;1;3;4;143371;2.7899644977017668e-05
44352;有空帮我编一首;1;5;6;143371;4.18494674655265e-05
44356;亲们这是什么作曲软件？;1;5;6;143371;4.18494674655265e-05
44362;Alyi;1;2;3;143371;2.092473373276325e-05
44365;托卡斯啊Dew丢丢科为琳写情诗兄弟们我打算写个歌要不你们帮我想想歌词;4;2;6;143371;4.18494674655265e-05
44374;电龙无敌卡拉永远ok空条徐伦6闪耀就我觉得和选比较常见，旋律不够明显，音色不够突出，可能还是因为钢琴和电音不好融合的原因，但是这个旋律真的觉得简单;1;4;5;143371;3.487455622127208e-05
44378;所以，想知道这个是什么软件;2;4;6;143371;4.18494674655265e-05
44386;说好的幸福呢直接拉到1分24听老好听了;1;3;4;143371;2.7899644977017668e-05
44404;有学作曲的吗？;3;6;9;143371;6.277420119828975e-05
44412;快乐的小土匪快学学编曲吧;1;2;3;143371;2.092473373276325e-05
44422;是小唐诶苏菲Interstellar小醋啊喂找他编曲？;3;2;5;143371;3.487455622127208e-05
44430;敢不敢去破站抖音人均水平有点高;1;8;9;143371;6.277420119828975e-05
44434;滴滴小G私信拿地址哦;2;0;2;143371;1.3949822488508834e-05
44438;练习什么？练习两年半？;22;93;115;143371;0.0008021147930892579
44461;还是度娘会生，帅，漂亮;3;53;56;143371;0.00039059502967824736
44465;要塞巴斯酱;1;7;8;143371;5.5799289954035336e-05
44491;今天是林更新老婆明天是黄子韬老婆;1;0;1;143371;6.974911244254417e-06
44512;趁作者不在赶紧摆个摊煎饼果子300元一个手抓饼1000奶茶600炒酸奶1000面包300烤冷面300鸡蛋饼800狗头支付;4;7;11;143371;7.672402368679858e-05
44521;邵群退网版;1;0;1;143371;6.974911244254417e-06
44541;。。这不就好几首歌的尸体拼接起来吗还有一句跟《与你有关》的一模一样;4;343;347;143371;0.0024202942017562826
44546;就听这几句感觉很普诶;1;133;134;143371;0.0009346381067300919
44550;好听？;1;9;10;143371;6.974911244254417e-05
