label;一级评论;真实二级评论数;真实点赞数;边数;最大边数;集群密度
0;AI写出来的，给AI看，凑DAU，AI刷流量，卖给AI投放;1;406;407;5645;0.0720992028343667
2;难怪uc上的推文好多都是莫名其妙的水文。;4;225;229;5645;0.040566873339238266
7;1写作猫2智能文案改写3文章智能续写;5;195;200;5645;0.0354295837023915
14;感谢up，我是个新手把每个篇章Boss战和大结局全想好了。可就是不知道该怎么水日常凑字数，好人一生18胎doge;4;81;85;5645;0.015057573073516387
19;用过的，ai写作逻辑性差到离谱，牛头不对马嘴的。我上一句话都写的地球上除了我没有人类了，下一句话这AI能给我整出王大爷下午过来串门还问我为什么地球上没有人了这种奇葩语句。;9;55;64;5645;0.01133746678476528
30;你现在都不知道自己的文案是你写成的，还是AI写成的;4;15;19;5645;0.003365810451727192
37;妈耶，很久不关注软件了，现在都发展到这个地步了吗。。。。脸红脸红脸红真牛皮;1;2;3;5645;0.0005314437555358724
40;牛批啊;1;5;6;5645;0.0010628875110717448
42;明人不说暗话，多钱;1;2;3;5645;0.0005314437555358724
44;等你熟悉了，习惯了，依赖了就收费？;2;6;8;5645;0.00141718334809566
47;这个可以离线用吗脸红;1;2;3;5645;0.0005314437555358724
49;绝脱单doge脱单doge;2;5;7;5645;0.0012400354295837024
54;智能文章改写和续写那两个是软件下载还是网址？;1;1;2;5645;0.000354295837023915
60;谢谢查重70;1;2;3;5645;0.0005314437555358724
63;查重率怎么样？;1;0;1;5645;0.0001771479185119575
65;能不能写小h文;1;0;1;5645;0.0001771479185119575
72;怎么邀请码不对不给加入;3;0;3;5645;0.0005314437555358724
81;这不就是注水文吗;1;0;1;5645;0.0001771479185119575
87;能降重吗;1;0;1;5645;0.0001771479185119575
90;靠这个能写出本小说不，不敢说名著至少畅销书;2;1;3;5645;0.0005314437555358724
96;能帮我写工作总结吗;1;1;2;5645;0.000354295837023915
98;手机写作猫app要收费;2;0;2;5645;0.000354295837023915
104;一下载电脑全是病毒什么下三滥玩意儿;1;0;1;5645;0.0001771479185119575
106;论文用这个82重复降到14;1;2;3;5645;0.0005314437555358724
108;在哪里可以下载？;1;0;1;5645;0.0001771479185119575
110;其余两个到底是啥？搜的搜不出来;1;0;1;5645;0.0001771479185119575
115;哈哈哈哈哈第一个就是熟悉的写作猫，想艾特一下一个人;1;1;2;5645;0.000354295837023915
118;你手上是什么？;1;1;2;5645;0.000354295837023915
120;补发个邀请码呀;2;0;2;5645;0.000354295837023915
123;那有没有绘画灵感是软件;3;0;3;5645;0.0005314437555358724
127;智能文章改写：文章智能续写这两个在哪里在UP麻烦给个地址呗;1;0;1;5645;0.0001771479185119575
130;你说的功能wps就有还是免费的;3;1;4;5645;0.00070859167404783
134;三联打call打call，求软件;2;3;5;5645;0.0008857395925597874
137;大佬整点手机能用的app;1;3;4;5645;0.00070859167404783
139;三连，求软件;1;2;3;5645;0.0005314437555358724
141;关注了;1;2;3;5645;0.0005314437555358724
143;学习学习;1;2;3;5645;0.0005314437555358724
145;学习打call;1;2;3;5645;0.0005314437555358724
147;学习;1;2;3;5645;0.0005314437555358724
149;学习;1;1;2;5645;0.000354295837023915
151;学习星星眼;1;1;2;5645;0.000354295837023915
153;学习;1;1;2;5645;0.000354295837023915
155;学习;1;1;2;5645;0.000354295837023915
157;学习;1;1;2;5645;0.000354295837023915
159;学习;1;1;2;5645;0.000354295837023915
161;学习;1;1;2;5645;0.000354295837023915
163;UP主加油看好你噢;1;1;2;5645;0.000354295837023915
165;学习;1;1;2;5645;0.000354295837023915
167;学习;1;1;2;5645;0.000354295837023915
169;谢谢;1;1;2;5645;0.000354295837023915
171;学习学习;1;1;2;5645;0.000354295837023915
173;学习;1;1;2;5645;0.000354295837023915
175;学习;1;1;2;5645;0.000354295837023915
177;软件在哪领？已三连了;1;1;2;5645;0.000354295837023915
179;学习学习打call;1;1;2;5645;0.000354295837023915
181;学习;1;1;2;5645;0.000354295837023915
183;学习;1;1;2;5645;0.000354295837023915
185;学习;1;1;2;5645;0.000354295837023915
187;学习;1;1;2;5645;0.000354295837023915
189;学习，有手机的吗;1;0;1;5645;0.0001771479185119575
191;学习;1;0;1;5645;0.0001771479185119575
194;在哪里取软件？;1;0;1;5645;0.0001771479185119575
196;软件看看呗;1;0;1;5645;0.0001771479185119575
198;软件是什么呀;1;0;1;5645;0.0001771479185119575
200;学习学习;1;0;1;5645;0.0001771479185119575
202;AI绘画工具StableDiffusionmidjourneyDALLE2代码辅助工具CopilotCodiumReplitA;14;618;632;5645;0.11195748449955713
217;概要来自于AI智能chatgpt，chatgpt问题请见动态）本文介绍了多种王炸级AI工具，包括AI绘画、代码生成、写作和语音生成方面的工具。亮点;9;348;357;5645;0.06324180690876882
227;AI总结视频：人工智能的工具不仅仅是ChatGPT这一类，还有AI绘画、AI写作、代码和语音生成等王炸级的工具。016AI绘画可以帮助设计师快速生成草图和模型，甚至可用于建筑和工程等领域的可视化概念设计。132AI代码辅助工具Copilot可以像技术大牛一样指导你省去查阅大量文档的时间。339AI工具Jasper可以帮助制作PPT的排版和配图，并提供免费试用。501使用MoveAI这一语音生成工具，可以根据视频内容挑选合适的配音风格，适合制作广告片配音。612修音工具可以将低质量音频转换成像在专业录音棚录制的效果，并生成仿真人像画面。BibiGPThttpsbjimmylvcn吕立青JimmyLvBV1fX4y1Q7Ux;3;120;123;5645;0.02178919397697077
231;视频里的xuan酱是不是也是AI合成的doge;2;63;65;5645;0.011514614703277236
234;大家最想了解哪款工具？我来安排详细的教程脱单doge;23;33;56;5645;0.009920283436669619
258;Ai不会取代你的工作。用ai的人会;7;235;242;5645;0.042869796279893714
266;不是担心，但凡你是美术行业就知道大公司已经开始裁员使用ai了。学原画就是冤大头呲牙呲牙;47;135;182;5645;0.03224092116917626
314;我现在用AI摸鱼，几分钟可以生成几十遍文案。各大平台设置定时发布，反正KPI考核多发多赚钱。去特么的质量，我只要数量。doge;8;118;126;5645;0.022320637732506643
323;国内ai有点落后，老听说中国AI处于领先优势，怎么都是老外先有产品;39;140;179;5645;0.03170947741364039
363;当我们习惯用AI来协助处理所有事情的时候，我在想，我们还有什么价值，不需要任何努力就可以得到精美的画作，制作精良的视频，电影，游戏，小说，漫画，恐怕以后在文化精神世界领域再难看到人类创作者全都是AI，大众也欣然接受，也许这是个好时代，更也许就是崩盘的开始吧无语;61;134;195;5645;0.03454384410983171
425;我让chatgpt帮我做一道狭义相对论的题他给我扯了一大片，最后结果错了，我回复说你算错了，然后他承认了自己的错误，并重新验算了一遍又写了一个错误答案，最后在我告诉他答案和原理的时候又让他算了一遍最后结果还是错的，结果是06，gpt35算下来0625，感觉挺人工智障的，虽然有很多的方便之处，但也有很多的不足;4;58;62;5645;0.010983170947741363
430;就看什么时候AI彻底代替所有重复性工作，然后大部分人连饭都不会做无语我对于AI与人的未来保持悲观，我问个问题，在座的各位有哪些是AI绝对代替不了的？别跟我说坐牢。;19;38;57;5645;0.010097431355181577
451;汇总一批国内免费逆天Ai软件httpswwplanzoupcomiXMUK0rn13zacode2mbdhik5httpswwplanzoupcomi9SV20rn3jpicodep2mehisxhttpspanbaiducoms1in5PQCSnvPvG7Y4pfhTwpwd6666code01cdnq75httpsmpweixinqqcomsl0u4vOxc25MtmUT5N91wcodep34dfjq5;2;4;6;5645;0.0010628875110717448
454;坐忘道小一一希望你有一个正常的三观，ai只是一个工具，使用的是人，他们用ai搞这个和用画板搞这个没有任何区别，请你不要双标。核裂变被发现研究出核弹直接导致几百万人丧生，也研究出了核电站造福几十亿人类的生活。;1;5;6;5645;0.0010628875110717448
458;希望快点出AI绘画教程，试了画都不如意;1;2;3;5645;0.0005314437555358724
463;这些是不是都是付费软件或者付费才能使用的功能？;1;2;3;5645;0.0005314437555358724
465;是不是全都需要魔法微笑;1;4;5;5645;0.0008857395925597874
468;Ai能为你的白嫖添砖加瓦当然后遗症也是理所应当的没有啥是没代价的;2;41;43;5645;0.007617360496014172
471;怎么每次遇到AI话题怎么总有绘圈小鬼来ky啊，你们就是被去平庸化的平庸者啊打call打call;3;13;16;5645;0.00283436669619132
475;不行，AI作画必须要打击;61;18;79;5645;0.013994685562444641
537;漫画作者，剧本自己写，分镜自己画。需要一个ai，能根据我的人设图和分镜草图，模仿我的风格勾线和上色，能模仿我分图层就更好了，求推荐。;4;23;27;5645;0.004782993799822852
545;脱单doge都想用，关键是下载了都不知道从哪里开始。看不懂玩不会。;1;8;9;5645;0.0015943312666076173
548;写公文有什么好的AI吗笑哭笑哭笑哭我都麻了;1;2;3;5645;0.0005314437555358724
551;请问有没有免登录的AI绘图工具或网址？大哭大哭本信息技术师范实习生，想让初中生课上体验一下，但他们没手机不能登录大哭大哭大哭;1;1;2;5645;0.000354295837023915
554;请问up你这个剪辑软件是什么呀;5;0;5;5645;0.0008857395925597874
593;啾啾啾wt（这货拉我黑名单了）就是破防了，你也破防了，你不会认为我们这些外行能提前知道内行专用工具吧，我假设一下开始ai绘图只是一个打草稿的辅助工具，但是经过几年发展，它从只能绘画草稿进化成了直接出高清原图，ai绘画开始展露狰狞开始噬主破圈了，现在只能出单图，再后面线稿分层贴图全部弄出来，大部分画师还有活路版权那玩意忽悠别人就行了，不要连自己都骗，画师画同人的叫借鉴，ai绘图的叫抄袭，没意思，没意思，双标没有一点意思啾啾啾wt;3;0;3;5645;0.0005314437555358724
601;ai可以帮我做淘宝的详情图吗笑哭;1;0;1;5645;0.0001771479185119575
605;方便是方便但是存在误差万一出事了后果谁用谁承担吃瓜这主要是一个辅助工具具体结果细节还得自己审查;1;1;2;5645;0.000354295837023915
609;全都是国外软件，都不知道去哪里找和登录;1;0;1;5645;0.0001771479185119575
616;向tl;1;0;1;5645;0.0001771479185119575
633;ai绘画出来的都是有大可能版权纠纷的;1;0;1;5645;0.0001771479185119575
635;视频内容和制作都很好啊但是怎么说话听着这么难受呢。。。;1;0;1;5645;0.0001771479185119575
644;太恶心了，up给你们总结内容，一万个收藏，点个赞费劲吗？白嫖太恶心了吧;2;5;7;5645;0.0012400354295837024
658;只有由时间创造出来的东西是最有价值和灵魂的;3;0;3;5645;0.0005314437555358724
666;生成草图和模型的是哪个软件;1;0;1;5645;0.0001771479185119575
679;AI有本事按曹雪芹的原笔原意把《红楼梦》续完吗？;6;0;6;5645;0.0010628875110717448
686;midjourney要不要t子的哇，好想玩儿跪了;4;0;4;5645;0.00070859167404783
694;这些ai绘画有一个可以画h的吗;5;1;6;5645;0.0010628875110717448
702;up，up，tome在哪找呀;2;0;2;5645;0.000354295837023915
705;想问一下，你用了三种的AI绘画平台，请问分别有些什么区别？有没有说哪种比较好？;1;0;1;5645;0.0001771479185119575
708;notionai也要排队的吧，up有教程吗;1;0;1;5645;0.0001771479185119575
713;语音内个，有中文吗？博主;2;1;3;5645;0.0005314437555358724
718;质量很高很受用星星眼;2;0;2;5645;0.000354295837023915
721;跪了;1;1;2;5645;0.000354295837023915
723;up主到底有几只猫啊微笑;1;0;1;5645;0.0001771479185119575
725;热词表情世萌双冠;2;0;2;5645;0.000354295837023915
731;就目前来说，没有平替吃瓜;6;25;31;5645;0.005491585473870682
741;UP主加油看好你噢;1;2;3;5645;0.0005314437555358724
743;都是个代理类型的还有比的openai的吗？;3;2;5;5645;0.0008857395925597874
747;一位靓仔点赞路过;2;1;3;5645;0.0005314437555358724
752;newbing不香吗;1;2;3;5645;0.0005314437555358724
764;你认为AI写作最终会替代人工写作吗？;23;57;80;5645;0.0141718334809566
788;介绍软件的时候，先介绍一下软件收费情况比较好。;5;254;259;5645;0.04588131089459699
794;用ai评分老师对抗ai写作吃瓜;4;100;104;5645;0.01842338352524358
799;ai啥时候统治人类？吓;7;37;44;5645;0.007794508414526129
807;这个我觉得可以写普通的小说语句通顺逻辑完整没问题但是想大火爆红现象级不可能;7;37;44;5645;0.007794508414526129
815;有限制同志们我试过了;5;21;26;5645;0.004605845881310895
821;ai写代码。ai写剧本。ai绘图。vits生成语音。一部3ai级2D游戏大作可以出售了。不知道什么时候能有，ai根据平面设计图来制作3D模型的功能。这样3D游戏也不远了。;2;36;38;5645;0.006731620903454384
831;写作蛙小程序，是Ai智能写作，功能挺多的，目前还是免费的，用起来很不错。;1;1;2;5645;0.000354295837023915
838;代替不代替不重要，重要的是年轻人会降智;2;0;2;5645;0.000354295837023915
853;不会，再怎么写，中心灵魂都是人，他只不过是个工具;1;0;1;5645;0.0001771479185119575
860;秘塔写作猫之前还能一天免费八千字，现在必须交钱了;1;4;5;5645;0.0008857395925597874
866;语文，以后真的要学吗？;1;1;2;5645;0.000354295837023915
872;突然觉得以后写作的门槛更高了;1;0;1;5645;0.0001771479185119575
880;用AI写作写论文？查重率怕不是100哟dogedoge;1;0;1;5645;0.0001771479185119575
901;别去，我业余写小说，小说平台官方回去查重的，看后台每个月都能抓到一批人，直接永久封号笑哭;1;1;2;5645;0.000354295837023915
916;用过，也就那样吧，取代人工还得再进化几波;2;3;5;5645;0.0008857395925597874
924;这个收费多贵呢;2;0;2;5645;0.000354295837023915
927;可以代替语文老师吗;1;2;3;5645;0.0005314437555358724
930;可以公文写作不什么民主生活会个人检查党政廉风doge;14;32;46;5645;0.008148804251550044
951;密塔写作猫在安卓跟苹果的app商店都没有啊囧生病;2;1;3;5645;0.0005314437555358724
957;代注册doge;1;0;1;5645;0.0001771479185119575
961;哪位友友用了没吃瓜;1;0;1;5645;0.0001771479185119575
964;学习;1;0;1;5645;0.0001771479185119575
966;学习;1;0;1;5645;0.0001771479185119575
969;怎么保障原创度？自己写半个小时就可以完成，用ai改写检查语句通顺，要一个小时完成doge;2;47;49;5645;0.008680248007085917
972;chatgpt比newbing逻辑性感觉强些但是newbing能直接给出查询的链接真的挺方便的;2;22;24;5645;0.004251550044286979
975;我要用这个来写我的中期答辩;1;15;16;5645;0.00283436669619132
978;右下角那个是什么ai叫啥？是不是能做图;1;5;6;5645;0.0010628875110717448
989;怎么让他给我写征文笑哭笑哭笑哭笑哭，学生党真的很需要;1;0;1;5645;0.0001771479185119575
992;请问gtp35的小程序怎么用;4;1;5;5645;0.0008857395925597874
997;doge对话5次就没了;3;1;4;5645;0.00070859167404783
1002;那么该如何获取这个软件呢笑哭;1;0;1;5645;0.0001771479185119575
1005;怎么找到这个小程序？;1;0;1;5645;0.0001771479185119575
1009;可以写小说吗？;3;0;3;5645;0.0005314437555358724
1013;能用他指导我高考作文吗;1;0;1;5645;0.0001771479185119575
1015;为什么说了一半会卡住呀笑哭;1;0;1;5645;0.0001771479185119575
1017;大佬有40的小程序吗听说比30更好用;1;0;1;5645;0.0001771479185119575
1023;看来作家，画家，音乐家，等等，都要失业了哈哈哈哈哈哈;8;4;12;5645;0.0021257750221434896
1032;三连成功跪求代码;9;2;11;5645;0.0019486271036315323
1042;这是要钱的吧，看到很多卖写作软件的了;2;1;3;5645;0.0005314437555358724
1045;所以人也要不断创新啊即使是AI也不能写出让所有人喜欢的小说全世界那么多的作家你随便找100个人问他们最喜欢的一个小说是啥绝对能说出80个以上的小说人都是不同的所以有创意的小说家不生活环境不同经历不同写出来的情感不同要能打动人心;1;1;2;5645;0.000354295837023915
1047;这AI五言诗写得不行啊，“多”和哪个都不押韵，诗句内容比不知愁滋味的少年们写得还要晦涩、刻意和空洞。抠鼻;2;1;3;5645;0.0005314437555358724
1050;跪求代码;1;1;2;5645;0.000354295837023915
1052;大佬那个百度网盘链接过期了，可以重新发一下吗，谢谢啦;4;0;4;5645;0.00070859167404783
1057;三连跪求代码;1;0;1;5645;0.0001771479185119575
1059;三连跪求代码;4;0;4;5645;0.00070859167404783
1067;你的普通话我以为是南宁老表;1;2;3;5645;0.0005314437555358724
1070;好抠脚，放大看了下字。不是一堆汉字堆一起就叫网文。都不能挑动情绪，产生期待感，哪个鬼读者会付费看。起点签约都过不去笑哭;2;1;3;5645;0.0005314437555358724
1073;写出来效果如何？doge;2;1;3;5645;0.0005314437555358724
1076;可以扩写吗;1;1;2;5645;0.000354295837023915
1086;这个有思想钢印吗doge;3;0;3;5645;0.0005314437555358724
1090;大佬，请教一下这玩意儿可以根据我提供的大纲来写吗？还是说写的东西只能放飞自我的？;1;0;1;5645;0.0001771479185119575
1092;大佬，请问一下输入那个命令的时候提示PIP不是内部或外部命令要怎么办的。;1;0;1;5645;0.0001771479185119575
1094;你这是av画质啊，普通话也听不清，从哪打开模型下载？看不清，也听不懂捂脸;1;0;1;5645;0.0001771479185119575
1097;大佬，我这报错是怎么回事啊;7;0;7;5645;0.0012400354295837024
1106;macair能用嘛;1;0;1;5645;0.0001771479185119575
1109;大佬，我这边试了半天，作为一个萌新，实在是无能为力了，来求助一下，运行加载到Runprompt的时候，突然就报错了，看不太明白，网上找了其它方法也不行，现在来寻求大佬的帮助;4;0;4;5645;0.00070859167404783
1114;网站都看不到。。。。;1;0;1;5645;0.0001771479185119575
1116;pytorch下载链接放进pycharm，提示报错路径不对咋回事，你视频里的的路径和我的一样哦呼;3;0;3;5645;0.0005314437555358724
1120;给大佬提个建议啊，能把里面涉及的网址提出来吗，对着视频一个一个敲，关键有的视频里还看不到啊，看教程的都是小白，最低的网址我觉得还是得给的;3;0;3;5645;0.0005314437555358724
1124;兄弟，这个生成的结果限制字数吗？;1;0;1;5645;0.0001771479185119575
1126;这该不会是彩云小梦的写作模型被偷出来了吧doge;1;0;1;5645;0.0001771479185119575
1129;需要什么配置，比chatgpt比如何;4;0;4;5645;0.00070859167404783
1155;doge我是不是不用考试啦;4;18;22;5645;0.0038972542072630645
1160;生财有道吃瓜;1;10;11;5645;0.0019486271036315323
1162;有没有可能，这篇文章是ai发的，再想一想，ai技术用于广泛政治舆论轰炸;1;7;8;5645;0.00141718334809566
1165;让AI写情书能写出感情吗doge;1;2;3;5645;0.0005314437555358724
1168;把大象放进冰箱要几步？三步。然后呢，没有然后了，一篇AI写文章实例都没有，全是讲故事。你倒是用AI写一篇文章，让大伙看看。都是营销号博眼球;1;1;2;5645;0.000354295837023915
1174;呵呵，那我们人类还算什么;3;0;3;5645;0.0005314437555358724
1178;我还挺看好网文的，ai就是让人用自然语言都可以跟机器交流，那网文以后就可能会出现这些模式。作者可能有三种创作模式，一种是现在的传统模式，只埋头写作，不搞作品衍生，角色图都不搞，这种应该大多存在于扑街，反正作品混个饭吃，ai角色设定图剧情ai视频也没人稀罕，毕竟没人气。一种是不仅写作，然后还兼ai作图，ai语音，ai建模，ai动画，因为未来ai够牛逼，所以兼顾这些也并不怎么费劲，时不时闲暇时搞个打斗部分的视频，上架前搞个像电影预告的ai视频来营造期待，这种累了点，但如果够上心，说不定作者本身天赋水平卡在一个尴尬的位置，上不去无法证道，但又有点粉丝基础，自己搞衍生创作反而能大火起来，适合中层作者，甚至可能出现人比书火的局面。最后一种是大佬全心埋头写，衍生交给固定的专业提示词团队，直接轻轻松松搞动画周更、甚至日更，甚至搞个人电影，依次扩大影响。像起点这种读者参与度高的，大佬可以发动读者，集体创作ai角色图和模型，然后票选点赞最高的设定锚定形象后再进行创作，让他们自己使用ai一键生成故事情节，去讨论，维持热度。未来的网文作者可以尝试通才，熟练运用各种ai软件自动生成内容，描绘出自己心中的世界。那时候，网文作者这个职业的定义可能不仅仅局限于写作，ai让创作生产变得超低门槛，而网文根本不怎么受影响，用自然语言写出的文字能轻而易举的实现可视，可听，甚至可触摸;14;262;276;5645;0.04889282550930026
1193;都别杞人忧天，我软件工程毕业的，哪天ai发展到真能搞文学创作的地步，还是先担心担心智械危机吧。;55;235;290;5645;0.05137289636846767
1249;真有那一天的话，网文反而不用担心，因为95的行业会先一步担心;10;156;166;5645;0.02940655447298494
1260;小说是要带动读者情绪。冷冰冰的机器，还办不到。;20;49;69;5645;0.012223206377325066
1281;哪天写作被AI攻克了，就是人工智能时代的到来;4;42;46;5645;0.008148804251550044
1286;如果写作都能被取代了，那也没多少工作剩给人类了;1;35;36;5645;0.006377325066430469
1288;只能说ai冲击的是枪手，而不是网文作者;4;17;21;5645;0.003720106288751107
1293;考虑ai写作，你还不如先用ai画漫画赚钱去。ai漫画，ai短视频，不比写作赚钱靠谱？;1;20;21;5645;0.003720106288751107
1295;大批量工作室复制黏贴网文将冲击市场，以后会看到大量网文雷同情节，雷同人物，雷同对话，写出来一模一样的场景;8;42;50;5645;0.008857395925597875
1304;大家不用担心的，哪怕没有al写作冲击，该扑街的你还是一样扑街。;1;10;11;5645;0.0019486271036315323
1307;能看ai写作津津有味的人，不是抬杠就是有病。;3;18;21;5645;0.003720106288751107
1311;正常小说破坏不了的，起码目前还很难。ai现在只会复制粘贴藏狐是真的只会复制粘贴，一点自己的句子都不会写。你以为他们会自我创作？只不过是从众多的书籍里面挑词挑句组成一本书。说实话，这样的小说能过审核我都要打个问号，因为ai写作本身就是抄袭，ai绘画你可以多图融合，让你找不到原作。但ai写作溯源可不要太简单藏狐，;5;37;42;5645;0.007440212577502214
1317;我只写过一本同人，LOFTER温冷圈，12万字，完结一个月刚刚看了一眼50万浏览我文笔比较差，只会一点，就是情绪，我能预估到这一章出去我要让读者感受什么东西，可以是欢脱惊讶悲伤等等，情绪吊起来了，自然就有人追着看，这恰恰是ai没法干掉的地方，它也许文笔节奏都比我好，但是对情绪的把握上，我可以说现在还不行;2;4;6;5645;0.0010628875110717448
1324;ai可以冲击水文dogedoge;1;12;13;5645;0.0023029229406554474
1326;我用ai写了一本，几万字了，过审了，我每天都在更;5;4;9;5645;0.0015943312666076173
1332;挺好的，给低创作者一些竞争压力，把垃圾从市场上挤走。反正大佬终归是大佬。;1;2;3;5645;0.0005314437555358724
1334;写小说死路一条doge;1;3;4;5645;0.00070859167404783
1347;长篇还好，感觉短篇应该会有冲击。;1;1;2;5645;0.000354295837023915
1354;真的到那一步的话我现在做的现实工作的文案和办公室工作都会被替代了;2;0;2;5645;0.000354295837023915
1359;大语言模型需要海量数据训练doge;1;1;2;5645;0.000354295837023915
1363;我觉得应该是读者担心之后0108工作室更能量产了才对。OK;2;0;2;5645;0.000354295837023915
1370;那我是不是可以用一段视频让AI帮我描述扩张，大量的装逼打脸视频变成文字，然后我再调整一下放进小说里，;1;0;1;5645;0.0001771479185119575
1389;要以发展的眼光看问题，大语言模型大概率在2年内就能解决AI的长期记忆能力问题，一旦AI可以长期记忆，就可以写网文了。;3;0;3;5645;0.0005314437555358724
1399;写网文？怕不是狗屁不通doge;1;0;1;5645;0.0001771479185119575
1402;看视频的大家请放心，你们死之前是看不到如此牛逼的AI的，至于死了之后就不要想了。当然，他可以出现在你的文里笑哭;1;0;1;5645;0.0001771479185119575
1405;有些题材是ai绝对写不了的，例如同人，读者都带有角色滤镜，ai如果无法智能到写出符合一个个同人角色的性格行为，基本暴毙，出不了成绩;1;0;1;5645;0.0001771479185119575
1409;网文作者很多甚至不如AI，那写的一堆什么垃圾都有人看，呵呵吃瓜;1;0;1;5645;0.0001771479185119575
1419;水文作者将失业;2;0;2;5645;0.000354295837023915
1423;你好加群的二维码失效了是不是下面还有个二维码？;1;2;3;5645;0.0005314437555358724
1430;“人脑最可贵的地方在于会犯错”，这句话听上去很自欺欺人，但实际上很有道理，只不过这句话太本原了，未必适合在所有场合里说。首先对错、美丑、善恶，都是相对概念。你认为善，是因为有恶的存在；你认为美，是因为有丑的存在。当人们谈论“美”的时候，“丑”或许不在场，但一定没有缺席。所以莱布尼茨才会认为“这是个最好的世界”。而当所有事物都同质化以后，没有了多样性，没有了分别，那也就自然没有了美丑、善恶、对错。所以“人类最可贵的品质在于会犯错”这句话，不是真的说我们应该去“审丑”，而是在说“丑的存在”之于“美”的重要性，进而是在说人类思维的可贵、选择的可贵、自由意志的可贵。;1;34;35;5645;0.006200177147918512
1435;我个人喜欢完美的剧情，像盗墓笔记，烂尾，让我头疼了很多年。;1;2;3;5645;0.0005314437555358724
1437;那你们的产品一定很棒吧星星眼;14;2;16;5645;0.00283436669619132
1456;作品质量超过绝大多数写作者，他俩也包含在内吃瓜;1;0;1;5645;0.0001771479185119575
1463;什么软件脱单doge;2;1;3;5645;0.0005314437555358724
1469;全网所有的AI工具网站都在这里一基础介绍0005基础介绍有关AI的上面都可以找得到比如ChatGPT，AI绘画，AI办公一共有47个类别;2;249;251;5645;0.04446412754650133
1472;搜索ai的ai;2;78;80;5645;0.0141718334809566
1475;置顶futurepediaiohttptracemoedalle2Beautiful;4;243;247;5645;0.043755535872453497
1480;免费的不好用，doge。收费的才能用;3;39;42;5645;0.007440212577502214
1484;OpenAIsservicesarenotavailableinyourcountry;6;55;61;5645;0.010806023029229407
1491;全网所有的AI工具网站都在这里一基础介绍0005基础介绍有关AI的上面都可以找得到比如ChatGPT，AI绘画，AI办公一共有47个类别;2;100;102;5645;0.018069087688219663
1494;有没有人知道那种我输入几个关键单词，然后就可以生成英语作文，作文会包涵我输入的单词的ai？;6;7;13;5645;0.0023029229406554474
1501;坐等这些AI批量下架doge;1;15;16;5645;0.00283436669619132
1503;唐家三少拿这个些小说比你自己强;2;9;11;5645;0.0019486271036315323
1506;链接呢笑哭;5;3;8;5645;0.00141718334809566
1512;收藏了;1;3;4;5645;0.00070859167404783
1520;这个ai绘画的我登上去说我们这个地区或国家不可用你们有出现这问题吗;2;0;2;5645;0.000354295837023915
1526;求个写作、编辑文案的AI和给条件就自动画图的AI，收费没关系;1;0;1;5645;0.0001771479185119575
1532;全部都要钱的吗？;1;1;2;5645;0.000354295837023915
1536;来就来吧本来以为艺术不会被AI取代虽然现在的确还没有还有很多无法实现和错误以及漏洞等但是感觉那天终会到来来就来吧已经看淡doge;1;0;1;5645;0.0001771479185119575
1540;这恐怖的收藏量;1;0;1;5645;0.0001771479185119575
1543;（叹气）还是那句话。“坚决抵制ai”;7;7;14;5645;0.0024800708591674048
1553;有ai修图吗;1;0;1;5645;0.0001771479185119575
1555;看着英语头好大，UP你是怎么翻译出来的大哭;5;2;7;5645;0.0012400354295837024
1561;关注，点赞，投币，我做的对吗？doge;1;1;2;5645;0.000354295837023915
1564;好像都要钱笑哭;1;0;1;5645;0.0001771479185119575
1574;都是要钱的吧;1;0;1;5645;0.0001771479185119575
1576;我想要个线下的，自己训练属于自己的;1;1;2;5645;0.000354295837023915
1578;不是中？doge收集数据吗;1;0;1;5645;0.0001771479185119575
1580;要注册账号呀;2;1;3;5645;0.0005314437555358724
1588;掉粉掉的怀疑人生，播放少的不敢直视，哎大哭，做UP真的好难做一名知识UP更难;2;2;4;5645;0.00070859167404783
1591;网址;1;1;2;5645;0.000354295837023915
1596;我找的怎么是英文版的？;3;1;4;5645;0.00070859167404783
1600;是不是需要翻墙哎;1;0;1;5645;0.0001771479185119575
1602;要钱的不？;1;0;1;5645;0.0001771479185119575
1605;地址哪个;1;0;1;5645;0.0001771479185119575
1607;试试;1;0;1;5645;0.0001771479185119575
1610;Glow有三个AI繁花落尽的，前两个福瑞斯克都是病娇就最后一个正常;2;13;15;5645;0.002657218777679362
1613;爆破厨工八成安黛因doge;1;10;11;5645;0.0019486271036315323
1618;问：这事什么软件？;2;3;5;5645;0.0008857395925597874
1621;？这这这，这么智能的了吗现在（顺便问问哪里打开，作业帮里转了一圈没找着）;1;1;2;5645;0.000354295837023915
1623;6;1;0;1;5645;0.0001771479185119575
1625;我的首页来的;3;0;3;5645;0.0005314437555358724
1629;嘿嘿;1;0;1;5645;0.0001771479185119575
1631;有了gpt加持，edge跟chrome不是一个时代的东西doge;6;68;74;5645;0.013108945969884853
1638;然而你的微软账号要是不能用newbing的话，下什么版本都是不让用的doge;23;76;99;5645;0.01753764393268379
1662;标题党，这叫Copilot？Copilot是office那个;5;20;25;5645;0.0044286979627989375
1668;uper你好，我按照你的方法点击侧边栏的b图标，出来的不是你这个聊天、撰写功能，而是发现功能。;8;15;23;5645;0.004074402125775022
1680;挂的全局，用的dev，清了cookie，侧边聊天bing已经没了，我看也有人反馈这个。没侧边谁还用啊;7;11;18;5645;0.0031886625332152346
1688;我有聊天窗口打开了但是没有看到右上角的必应按钮啊;1;5;6;5645;0.0010628875110717448
1691;魔法是啥意思啊啊大哭大哭;1;0;1;5645;0.0001771479185119575
1693;我让它给我写篇1500字的文，它就给我写了750个字，有字数限制很难受啊捂脸;4;7;11;5645;0.0019486271036315323
1698;我打开不是bingcom。而是bingcomcn这个怎么解决;8;4;12;5645;0.0021257750221434896
1707;注意前提是你有能上newbing的账号，我的两个邮箱都被禁止了微笑;4;4;8;5645;0.00141718334809566
1715;怎么用不了;1;4;5;5645;0.0008857395925597874
1717;上不了newbing。;6;3;9;5645;0.0015943312666076173
1726;请问，我下载了up说的版本，登录了wwwbingcom后出现的界面和up的不一样，也没找到聊天的按钮，怎么整？;1;0;1;5645;0.0001771479185119575
1730;谷歌浏览器可以用chatGPTforGoogle插件，Edge老流氓不解释黎明觉醒摊手鸦;1;0;1;5645;0.0001771479185119575
1735;魔法加持，直接能用了，完美;2;0;2;5645;0.000354295837023915
1750;下载了dev版本，没有看到“聊天”这个选项酸了;11;1;12;5645;0.0021257750221434896
1763;挖槽，宇哥来b站了doge;2;1;3;5645;0.0005314437555358724
1766;不行了用不了;1;0;1;5645;0.0001771479185119575
1770;你确定？这个现在正式版都有这个功能了;3;0;3;5645;0.0005314437555358724
1774;用了魔法登录账号一直错误换了几个节点也不行辣眼睛;8;0;8;5645;0.00141718334809566
1784;这个怎么才能用呢;2;0;2;5645;0.000354295837023915
1787;更新到最新版本。还是出现不了聊天窗口，用魔法也不行笑哭;4;0;4;5645;0.00070859167404783
1793;成品质量如何;5;0;5;5645;0.0008857395925597874
1799;有实力的脱单doge;1;0;1;5645;0.0001771479185119575
1801;能用这个Ai写小说吗？;1;0;1;5645;0.0001771479185119575
1805;开发随笔：httpsguohuan78githubioposts2376github开源：httpsgithubcomguohuan78AIwritinghelper蓝奏云软件下载：httpswwzlanzoumcomiB3CX0bnhzwj;3;9;12;5645;0.0021257750221434896
1809;牛。关注了呲牙;1;3;4;5645;0.00070859167404783
1811;可以的;1;2;3;5645;0.0005314437555358724
1813;所以现在为啥申请不了api;1;1;2;5645;0.000354295837023915
1815;emm所以是调的API额我还以为是本地的模型;1;1;2;5645;0.000354295837023915
1817;一个字牛;1;1;2;5645;0.000354295837023915
1819;报毒了呀;5;1;6;5645;0.0010628875110717448
1825;大佬，如果字数多的话，最后一段有可能就写不完;1;0;1;5645;0.0001771479185119575
1827;请教下一直报错是什么情况174219以下为异常信息174219Tracebackmostrecentcalllast174219Fileurllib3connectionpoolpyline696inurlopen174219Fileurllib3connectionpoolpyline964inprepareproxy174219Fileurllib3connectionpyline364inconnect174219Fileurllib3connectionpyline501inconnecttlsproxy174219Fileurllib3utilsslpyline453insslwrapsocket174219Fileurllib3utilsslpyline495insslwrapsocketimpl174219Filesslpyline500inwrapsocket174219Filesslpyline1040increate174220Filesslpyline1309indohandshake174220sslSSLEOFErrorEOFoccurredinviolationofprotocolsslc1123174220Duringhandlingoftheaboveexceptionanotherexceptionoccurred174220Tracebackmostrecentcalllast174220Filerequestsadapterspyline439insend174220Fileurllib3connectionpoolpyline783inurlopen;3;0;3;5645;0.0005314437555358724
1831;一键三连必须安排;1;0;1;5645;0.0001771479185119575
1833;买了终身会员;1;3;4;5645;0.00070859167404783
1836;怎么下载使用;1;0;1;5645;0.0001771479185119575
1842;可以下载文献吗;1;0;1;5645;0.0001771479185119575
1846;什么时候ai解决我的论文？;1;0;1;5645;0.0001771479185119575
1849;天依脱单doge;1;0;1;5645;0.0001771479185119575
1851;中文版grammarly？;1;0;1;5645;0.0001771479185119575
1859;求问这是啥app？;1;1;2;5645;0.000354295837023915
1862;用的gpt接口吗？;2;0;2;5645;0.000354295837023915
1870;真智能写作啊，Ai续写，看起来比彩云小梦还牛逼啊;1;0;1;5645;0.0001771479185119575
1877;柯南创造这篇的目地便是嘲讽唯战力至上者的，现在的作品战力确实是在疯狂的膨胀，但观感却大不如前，如今的续写人工加梗，狂增战力等问题与日俱增，这实在不是个好趋向;9;314;323;5645;0.057218777679362266
1887;这篇文章？我明白了，这是一部讽刺大作啊李师师这毁灭宇宙的战力不就是在讽刺那些故意人工干预文章抬高人物战力的文章吗？而将人工干预的部分特意标出更是在嘲讽那些盲目执着于完全ai续写的人吗？唉，我都把人工干预的部分标出来了，看你怎么说？我感觉本篇值得讽刺文学大作这个名号，柯南这手太高了支持;6;229;235;5645;0.04162976085031001
1894;哦呼明白了，这是一篇讽刺作品。懂得都懂OK;10;136;146;5645;0.025863596102745794
1905;由此见得，小梦擅长挖坑，不擅长填坑，一旦有作者表达不满，小梦就会求饶，企图萌混过关滑稽;2;111;113;5645;0.020017714791851195
1909;系列战斗力排行此次添加超神级角色李师师超神级夸父少年太阳半人马座三星川建国鲁智深长老乌鸦的祖先破坏神乌鸦金色巨龙虾王章老师李师师神级两匹狼锦衣卫林冲拿破仑四轮车孔明猫蛇母鸡老舍柳神关平阿尔斯特塞翁父子与老吴融合的木桩虾次神级王文华王文平双狼之一疯狗宋江阎婆惜吕蒙曹真赵云散魂王朗阿蒙达的父亲七星宝刀西厂督办贾宝玉尸生人孟德富兰克林天火王祥孔夫子毛驴张大海白鹅变态级白虎世界海豹方腊幻术忍者乌鸦与珍珠鸟武大孔明王朗吕布阿史那巨蟒刘备曹操老王杨绛关羽小当家鱼小兰小斧神高手级叶文洁席加洛夫豹子头林冲幽灵猎手唐雎贾宝玉李治放羊娃村长刘备安德森黑人巨型斑羚小姑娘秦王荆轲侍卫李元刘疯子花木兰李云天黑衣男子巨兽范进胡老爹鲁迅他爸陈二狗王境泽张角张辽会飞的黄金爱迪生南郭先生齐宣王老爷爷妖人妖兽中森一护柯南麦当劳叔叔华盛顿他爸上校恶霸级孔乙己郑屠王婆武松蒋忠奥楚蔑洛夫张飞无情无义李元吉黑旋风李逵曹雪芹林黛玉王熙凤牛二杨志鹰隼猎狗水手猎枪手鲁迅许褚黄盖斥候齐威王张元众流氓艺人老头儿一家三口评委农夫和他的妻子县令李白贾敏理工男基德一众警察及白衣天使黑衣九人组武林人士入门级苏倩倩多头虎李老蛋黑衣人陆虞侯黄文炳衙役阿曼达于勒他哥大汉郭巨溥仪慈禧邹忌徐公胡老爹的兄弟雷诺张乡绅摊主捕块小华盛顿大雄球童胡八一众士兵疯子凯弱鸡级两小儿酒馆伙计们潘金莲女儿狗富安差拔神行太保戴宗蔡九王大壮乔治普通斑羚杜甫叶公金蛋鸡王胖子Shirley杨废物级西门庆朱鸿均麻雀兔子小樱桃树;6;48;54;5645;0.009565987599645704
1917;以后人为添加都加标记算了，这样好看，好理解笑哭;5;44;49;5645;0.008680248007085917
1923;宇宙之神是形而上的蚂蚁吧doge;1;38;39;5645;0.006908768821966342
1925;假如加入战力榜，我觉得可以把李师师当做一个战力巅峰，终结未来与过去的存在，所有平行世界的结局都会被李师师毁灭掉然后产生新的轮回（类似于turnA高达的存在）doge;7;29;36;5645;0.006377325066430469
1935;完了，这话一出AI宇宙战力体系又崩了;1;23;24;5645;0.004251550044286979
1942;这文章能当伟哥用;2;14;16;5645;0.00283436669619132
1959;这个是不是在讽刺汪吧奥比奥吧等等，还有很多什么什么吧比战力的人;1;4;5;5645;0.0008857395925597874
1991;求带;1;2;3;5645;0.0005314437555358724
1994;学习;1;0;1;5645;0.0001771479185119575
1996;学习;1;0;1;5645;0.0001771479185119575
2000;你们的以为的ai作画好漂亮，好卡哇伊实际的ai作画再去买两瓶营养快线和纸巾doge;30;465;495;5645;0.08768821966341896
2031;这视频也是ai做的;7;205;212;5645;0.037555358724534985
2039;结课作业用AI一键生成可太棒了;1;131;132;5645;0.02338352524357839
2041;啥时候能ai生成影视剧啊，你们懂吧doge;9;67;76;5645;0.013463241806908768
2051;用了几个AI绘画，他总能搞出莫名其妙的怪异点，比如怪异的手，三只手，扭曲的五官之类的，是我用的软件有问题吗还是关键词太单调了;9;59;68;5645;0.01204605845881311
2061;我有个想法，孩子也让ai生吧吃瓜;4;61;65;5645;0.011514614703277236
2067;这是我用第二个网站写的作文：狗尾草也有春天狗尾草，一种很常见的植物，它不像花儿那样美丽，也不像树木那样高大，但它却有着顽强的生命力。在我的记忆中，狗尾草是一种很卑微的植物，它只能生长在路边，在田野里，在山坡上，在房前屋后，在小溪旁，在草丛中，在树林里，在它是那么的不起眼，它的生命力是那么的脆弱，它的根是那么的浅，它的叶子是那么的小，它的茎是那么的细，它的花是那么的不起眼，它的果实是那么的小，它的种子是那么的小，它的茎是那么的细，它的叶子是那么的小，它的花是那么的不起眼，它的果实是那么的小，它的种子是那么的小，它的根是那么的浅，它的叶子是那么的小，它的花是那么的不起眼，它的果实是那么的小，它的种子是那么的小，它的茎是那么的细，它的叶子是那么的小，它的花是那么的不起眼，它的果实是那么的小，它的种子是那么的小，它的根是那么的浅，它的叶子是那么的小，它的花是那么的不起眼，它的果实是那么的小，它的种子是那么的小，它的茎是那么的细，它的叶子是那么的小，它的花是那么的不起眼，它的果实是那么的小，它的种子是那么的小，它的根是那么的浅，它的叶子是那么的小，它的花是那么的不起眼，它的果实是那么的小，它的种子是那么的小，它的茎是那么的细，它的叶子是那么的小，它的花是那么的不起眼，它的果实是那么的小，它的种子是那么的小，它的根是那么的浅，它的叶子是那么的小，它的花是那么的不起眼，它的果实是那么的小，它的种子是那么的小，它的茎是那么的细，它的叶子是那么的小，它的花是那么的不起眼，它的果实是那么的小，它的种子是那么的小，它的根是那么的浅，它的叶子是那么的小，它的花是那么的不起眼，它的果实是那么的小，它的种子是那么的小，它的茎是那么的细，它的叶子是那么的小，它的花是那么的不起眼，它的果实是那么的小，它的种子是那么的小，它的根是那么的浅，它的叶子是那么的小，它的花是那么的不起眼，它的果实是那么的小，它的种子是那么的小，它的根是那么的浅，它的叶子是那么的小，它的花是那么的不起眼，它的果实是那么的小，它的种子是那么的小，它的种子是那么的小，它的根是那么的细，它的叶子是;8;73;81;5645;0.014348981399468556
2076;我突然发现一个集成好方法：用AI写作生成世界观用NovaAI绘画打上“二次元”“线稿”这俩标签训练然后生成线稿然后去上色工具上色最后再去生成个歌曲起立脱单doge;6;81;87;5645;0.015411868910540302
2084;这种UP主敢播就敢传，从不故弄玄虚。;1;11;12;5645;0.0021257750221434896
2088;up，再找找那种能定制声音的网站吧，就是自定义音色那种;1;5;6;5645;0.0010628875110717448
2092;httpsdraftartdrawing嘎嘎好用;2;20;22;5645;0.0038972542072630645
2103;微信小程序里搜“微云AI画师”，免费的没有任何限制。;1;1;2;5645;0.000354295837023915
2110;我已经将视频中所有AI网站做成了导航，而且还在不断收集各种有趣好玩的AI网站，欢迎各位投稿脱单dogehttpstuostudyupnbtopfavoritesai;1;3;4;5645;0.00070859167404783
2125;只有我想求那个“卧槽”的声音素材吗微笑;1;0;1;5645;0.0001771479185119575
2140;有可以写那种文章的ai吗;1;0;1;5645;0.0001771479185119575
2147;都不是免费的吧;2;3;5;5645;0.0008857395925597874
2152;我能靠ai写小说然后来维持生计吗doge;2;0;2;5645;0.000354295837023915
2163;写出来的文章但这次不想死皮赖脸跟谁饶舌我慌忙挤入通风阴凉处止住狂跳不止的心脏半晌估摸听够废话后歪趴桌上右肩顶额纹丝不动眼瞪手掌冷汗泛滥持久拧眉拍胸部用做随时准备应付遭遇更猛烈精神折磨竭力举杯庆祝肺活量确实见涨拿牙咬嘴唇我无语了;2;0;2;5645;0.000354295837023915
2170;我感觉这个什么ai就是在网上搜索的内容;2;0;2;5645;0.000354295837023915
2180;AI写作最长只能有1000字吗委屈;1;0;1;5645;0.0001771479185119575
2187;人类的智商会不会被AI搞退化了？;1;0;1;5645;0.0001771479185119575
2191;你说说我不给三连难受吗？淦，贼难受;1;2;3;5645;0.0005314437555358724
2204;我这里有不正经的ai绘图doge;6;5;11;5645;0.0019486271036315323
2211;喵喵喵？生成本子图，算法可能有点问题。;3;0;3;5645;0.0005314437555358724
2216;想作曲;1;0;1;5645;0.0001771479185119575
2221;这些网站正经吗;1;0;1;5645;0.0001771479185119575
2224;我要当ai作者doge;1;0;1;5645;0.0001771479185119575
2231;哇塞都是开源的doge;1;0;1;5645;0.0001771479185119575
2234;老师好，下载不了啊，给个链接好吗？;1;0;1;5645;0.0001771479185119575
2236;啦啦爱一进去就注册收费;1;0;1;5645;0.0001771479185119575
2238;其实，视频中up的声音也是ai生成的;1;1;2;5645;0.000354295837023915
2240;第二个图不太对脱单doge;1;0;1;5645;0.0001771479185119575
2242;阿宾的高中成绩并不理想;1;0;1;5645;0.0001771479185119575
2245;哪天真的有强大学习能力的ai的话，一定要首先教它礼义廉耻，树立正确三观。;5;6;11;5645;0.0019486271036315323
2252;用不用得着的，先收藏吧;1;0;1;5645;0.0001771479185119575
2254;看在你推荐的这么晚的份上，就给你个收藏吧;1;0;1;5645;0.0001771479185119575
2257;审核好快，辛苦啦如果你看到了视频最后，私信我notion，我会分享给你如何超低价使用五年以上的NotionAI。（btw这条很快会删掉，建议大家尽快发消息;5;15;20;5645;0.00354295837023915
2263;只能免费用20次，超过了就得交钱;1;6;7;5645;0.0012400354295837024
2265;笑哭期待将中文改写成英文的AI，不过可能最大的障碍在于表达思维的差异，最初写的中文和直接按照英文思维写作的文本还是有所不同。;2;3;5;5645;0.0008857395925597874
2275;口音可爱捏，弄个皮套出道吧;2;7;9;5645;0.0015943312666076173
2281;我总感觉人类有一天要被自己发明的这些东西给霍霍干净，最终只剩下几个大佬操控机器，人类就是最低端的肥料吧doge;1;1;2;5645;0.000354295837023915
2284;早年看过台湾的综艺节目，你这个口音和平均水平相比，是我见过口音最重的呲牙;1;1;2;5645;0.000354295837023915
2291;有解这个姓吗冰墩墩冰墩墩;3;3;6;5645;0.0010628875110717448
2298;工具;1;1;2;5645;0.000354295837023915
2300;工具;1;1;2;5645;0.000354295837023915
2302;工具;1;1;2;5645;0.000354295837023915
2304;评论区沙发，我占了;1;1;2;5645;0.000354295837023915
2306;花了25，买了个会员，看了看，非常有趣，这tm什么废话文学，前后逻辑根本不通微笑;5;162;167;5645;0.0295837023914969
2312;会不会查重率百分百初音未来问号;1;29;30;5645;0.005314437555358724
2314;收费的哦;3;13;16;5645;0.00283436669619132
2318;有免费的，比这个强多了，不过不建议用，这软件方向错了，不是很好用有点浪费时间辣眼睛;9;3;12;5645;0.0021257750221434896
2328;我来推荐一个写作蛙小程序，也是AI写作，重点是免费的，可以去试一试脱单doge;1;2;3;5645;0.0005314437555358724
2335;和彩云小梦相比呢？;1;0;1;5645;0.0001771479185119575
2340;请问是什么软件？;2;0;2;5645;0.000354295837023915
2347;可以帮我部署一下吗？有偿;1;0;1;5645;0.0001771479185119575
2349;我github下的代码跑的时候报错;1;0;1;5645;0.0001771479185119575
2351;想请教一下如何炼丹呢;2;0;2;5645;0.000354295837023915
2354;期待出教程，我自己也训练一个，硬件配置需要多高吃瓜，可以有偿doge呲牙;1;0;1;5645;0.0001771479185119575
2357;冒昧问一句使用的哪种模型;2;0;2;5645;0.000354295837023915
2361;大佬，这个能写小说吗？我想看小说;1;0;1;5645;0.0001771479185119575
2363;大佬啊;1;0;1;5645;0.0001771479185119575
2365;我是做站群的，现在百度严重打击伪原创和聚合了，感谢大佬帮忙部署呲牙。现在100多个站每天全自动更新爽歪歪，收录很稳定只是帮忙训练模型能不能多一点啊星星眼，我自己电脑训练不过来啦脱单doge。;1;0;1;5645;0.0001771479185119575
2368;学习星星眼;1;1;2;5645;0.000354295837023915
2370;学习星星眼;1;0;1;5645;0.0001771479185119575
2372;x学习;1;0;1;5645;0.0001771479185119575
2379;兴冲冲的去试了一下。根本就是废话生成器。想让他描写一下好看的眼睛它都做不到。;3;30;33;5645;0.005845881310894597
2384;我来推荐一个写作蛙小程序，也是AI写作，重点是免费的，可以去试一试脱单doge;1;1;2;5645;0.000354295837023915
2387;我还以为是秘塔写作猫藏狐;1;1;2;5645;0.000354295837023915
2389;在哪里下载链接呀？;1;1;2;5645;0.000354295837023915
2395;震惊，连人工智能都解不开的难题竟然被农村一个7岁小姑娘破解doge;21;2547;2568;5645;0.4549158547387068
2417;小梦是文科生对数学一窍不通doge;14;1713;1727;5645;0.30593445527015056
2432;人类ai会不会占领我们的世界ai114;12;1065;1077;5645;0.19078830823737822
2445;110，因为两个1都想让对方变成0doge;58;930;988;5645;0.17502214348981399
2504;能不能帮我朋友的视频点个赞笑哭BV13q4y1F77t;5;232;237;5645;0.041984056687333925
2510;撒旦机屑人111。猫吃老鼠，把一只猫和一只老鼠放在一起，最后还剩下一只老鼠。dogedoge;7;189;196;5645;0.03472099202834367
2518;111，因为其中一个1被另一个更大的1折服变成0了;2;173;175;5645;0.03100088573959256
2521;说出来你们可能不信，巨人后期的剧情就是小梦写的dogedoge;1;96;97;5645;0.017183348095659877
2523;说起来你们可能不信，我用小梦写的作业作文;1;52;53;5645;0.009388839681133746
2525;114，那就说明一等于二，二加一等于八那说明26，81011，假设一，8就等于8那么十就等于三所以11也等于123酒店十二等于十五其中的十二也就等于1123其中11426三也就等于二因此10321所以八不等于八第一个假设是错误的假设二十是确定目标八就等于一而一等于二所以假设二也不成立假设11是确定目标滑稽;2;48;50;5645;0.008857395925597875
2528;我将她按在了床上，褪下裤子，露出了硕大的用小梦零号续写，有惊喜;7;37;44;5645;0.007794508414526129
2536;其实课上我半睡半醒，昏昏沉沉时也能说出这种话doge;1;29;30;5645;0.005314437555358724
2538;兀兀几;2;23;25;5645;0.0044286979627989375
2541;我在这里给大家介绍一下，这是第二条评论，也就是本评论的第三条评论，也就是我之前说的第四条评论，第三条评论是什么评论doge;1;16;17;5645;0.0030115146147032773
2543;当然等于3了doge;3;13;16;5645;0.00283436669619132
2547;牛逼喜极而泣;1;9;10;5645;0.001771479185119575
2549;2（即答）;1;9;10;5645;0.001771479185119575
2551;来了来了，找个地方坐下就坐UP头上了doge;1;8;9;5645;0.0015943312666076173
2553;1十123三生万物藏狐;1;7;8;5645;0.00141718334809566
2562;我觉得虽然是错了但作为一个文科生，如果你在语文试卷最后写这个题目，我可能真的会和小梦一样乱写doge;1;4;5;5645;0.0008857395925597874
2564;111（二蛋）;1;4;5;5645;0.0008857395925597874
2567;？离谱辣眼睛;1;4;5;5645;0.0008857395925597874
2569;等于doge;1;3;4;5645;0.00070859167404783
2571;众所周知，ai不会数学doge;2;3;5;5645;0.0008857395925597874
2575;11方程8个粒子方根4个分离子结合体百分百一的根和一的根两个根力元体化学方程式碳氧化合物;1;3;4;5645;0.00070859167404783
2577;藏狐;1;3;4;5645;0.00070859167404783
2579;11，我不会，长大后再学习;2;2;4;5645;0.00070859167404783
2583;有没有可能，纳兰迦参与了小梦的创建工作疑惑;1;2;3;5645;0.0005314437555358724
2586;1加1等于10认真吃瓜;2;2;4;5645;0.00070859167404783
2589;兄弟们，这是什么软件啊脸红;2;2;4;5645;0.00070859167404783
2592;《世界难题》;1;2;3;5645;0.0005314437555358724
2595;1111doge;1;2;3;5645;0.0005314437555358724
2599;题都不会做就开始推销破书的屑ai;1;2;3;5645;0.0005314437555358724
2602;震惊，博士楼解不开的题居然被一个9岁小孩解开了doge;1;2;3;5645;0.0005314437555358724
2606;我有一个荆轲刺秦王开头的故事，却搞出来了，荆轲gay里gay气地给秦王做真牛马，李斯被秦王NTR，李斯妻子和秦王搞小黄文辣眼睛我不知道该说什么了笑哭;1;2;3;5645;0.0005314437555358724
2608;软件是啥？;2;2;4;5645;0.00070859167404783
2613;你能干点人事？妙啊;1;2;3;5645;0.0005314437555358724
2615;这是什么软件？doge;1;1;2;5645;0.000354295837023915
2617;什么软件;1;1;2;5645;0.000354295837023915
2620;这是什么？;1;1;2;5645;0.000354295837023915
2628;这个app叫啥呀小电视笑;1;1;2;5645;0.000354295837023915
2632;什么软件;1;1;2;5645;0.000354295837023915
2634;有没有可能他在那你当训练题库思考;1;1;2;5645;0.000354295837023915
2636;得数肯定是钝角，首先小行星住在宽带里，铅笔和鬼是不能在一起食用的，其次肿瘤长在高速公路上，水桶可能是演的，拖鞋与乌龟壳可以相提并论，然后白糖有七粒，由此可以推出美国前总统川普，接着把井盖翻开，可以看到里面有一个末影珍珠，由此可得11钝角doge;1;1;2;5645;0.000354295837023915
2641;11等于129，因为麦当劳的11要129元妙啊;1;1;2;5645;0.000354295837023915
2646;问一下这是什么软件啊doge看起来好有意思;1;1;2;5645;0.000354295837023915
2648;看来人类不用担心AI统治人类了doge;1;1;2;5645;0.000354295837023915
2650;这b站什么屑推广方式发过同样视频;1;1;2;5645;0.000354295837023915
2653;什么软件脱单doge;1;1;2;5645;0.000354295837023915
2660;这小梦都能比得上小爱和siri了doge藏狐，智商都比他们更低藏狐藏狐;1;1;2;5645;0.000354295837023915
2666;这是啥游戏？;1;1;2;5645;0.000354295837023915
2673;啥游戏求解;2;1;3;5645;0.0005314437555358724
2676;1111啊？;1;1;2;5645;0.000354295837023915
2678;啥APP;1;1;2;5645;0.000354295837023915
2680;11？，这道题首先大胆的猜想是1，那么把1上下翻转再往右偏一点就变成了，所以111tvdoge;1;1;2;5645;0.000354295837023915
2682;钝角;1;1;2;5645;0.000354295837023915
2684;我发现我研究了整整一天，我发现113。;1;1;2;5645;0.000354295837023915
2686;112，就像一加一等于二那样，113，也就是124。这个道理在现代社会中也同样适用，比如有人想要买车，就必须买一辆车，这是没错的，但是你总不能让司机把自己送到4s店吧，所以就必须自己去4s店。一般情况下这个人肯定不能自己去4s店，所以就需要一辆车，而这辆车必须非常好才行，最起码要比普通的汽车强上许多才行，而汽车这种东西又怎么能与手机相提并论呢？手机是什么？手机是一个智能手机，它能够与其他的电脑连接，而且还能跟随主人的思维行走。手机就是一个生命体，它有思考有反应，它能够根据主人的心意行进，而且还拥有非常高的性能，它的性能能够达到非常恐怖的程度。而现在，我的这部手机就是这样的存在，我能够跟随着手机主人的思路而进行运转，这部手机是一款智能手机，它能够根据主人的思维方式而运转，而且还拥有非常恐怖的性能，它能够与其他的汽车相提并论。而手机也是智能手机，它能够根据主人的心意行走，也能够根据主人的心意进行移动，它能够拥有非常高的速度，而且还能够拥有非常快的性能，它能够跟随着主人的思路而进行运转，而且还拥有非常恐怖的性能。当然，这部手机也有着非常多的缺陷，比如，它是一款智能手机，但是它也拥有着人类的思维方向，所以它能够跟随着人的思维运转，而且它还能够跟踪主人。比如，手机的主人能够随时监控手机中的内部信号，而且还能够通过手机的自检系统将这些内容显示在外部，而这样的手机，如果使用者不能够控制手机的话，那么这样的手机只有两个后果：1、失败。2、被黑客入侵。这种情况，基本上不会发生。当然，这样的手机是有着非常大缺点的，比如它的防御能力非常低，只能够保证手机主人的安全，却不能够阻止黑客侵入它。这种情况在现实社会中也有发生，比如，手机的主人曾经被人偷窃过，而偷窃者的技术非常好，他们能够轻易地解锁手机的防御，并且还能够破解主人设置的密码，从而得到主人的手机，并且获取主人的钱财。但是，如果主人能够掌握手机的控制权限，并且能够在手机中安装gps定位系统，就能够阻止这种情况的发生。所以，这款手机在市面上是绝对不会出现的。在网络上，有一句话叫做千万别惹网络安全专家，这句话说得一点都不假，现代的网络安全专家是非常恐怖的，而且非常多的这是我的小梦冰墩墩雪容融;1;1;2;5645;0.000354295837023915
2689;1111;1;1;2;5645;0.000354295837023915
2692;这是什么软件？doge;1;1;2;5645;0.000354295837023915
2697;什么软件？;1;1;2;5645;0.000354295837023915
2701;1111;1;1;2;5645;0.000354295837023915
2705;up的品牌是oppo吗妙啊;3;1;4;5645;0.00070859167404783
2710;有没有可能112，只是他们在玩梗？思考;1;1;2;5645;0.000354295837023915
2718;什么应用;1;1;2;5645;0.000354295837023915
2721;因为114所以12142所以218笑哭OK;1;1;2;5645;0.000354295837023915
2724;全世界就我不知道这是什么软件;2;1;3;5645;0.0005314437555358724
2727;这是什么软件好好玩的样子;1;1;2;5645;0.000354295837023915
2729;1192198109991299171699161399厉害吧？章算术doge;1;1;2;5645;0.000354295837023915
2731;什么软件思考;1;1;2;5645;0.000354295837023915
2733;弹幕为啥出现“钝角”？？？辣眼睛辣眼睛辣眼睛;1;1;2;5645;0.000354295837023915
2735;问：app叫什么;1;1;2;5645;0.000354295837023915
2741;11怎么会等于2呢明明是10doge;1;1;2;5645;0.000354295837023915
2745;两口之家起码生两个doge加起来不就是4个;1;1;2;5645;0.000354295837023915
2747;为什么不问问神奇海螺呢doge;1;1;2;5645;0.000354295837023915
2750;这是什么app？;1;1;2;5645;0.000354295837023915
2752;求你了什么下载;1;1;2;5645;0.000354295837023915
2759;这是什么软件？;1;1;2;5645;0.000354295837023915
2761;114514;1;1;2;5645;0.000354295837023915
2763;有没有可能这个11真就等于4doge;1;1;2;5645;0.000354295837023915
2769;有智商的人都知道112笑哭滑稽;1;1;2;5645;0.000354295837023915
2772;同款手机狗子;1;1;2;5645;0.000354295837023915
2775;究竟等于几呀，看了半天没看到答案藏狐;1;1;2;5645;0.000354295837023915
2777;一双筷子加一双筷子等于四根筷子没毛病;1;1;2;5645;0.000354295837023915
2779;世界难题小梦0号v请尽量输入11000字，点击右下角续写按钮，可以选择续写的片段加入正文，可X以回撤和编辑世界难题11（请在3之间选择）;1;1;2;5645;0.000354295837023915
2784;这什么软件;1;0;1;5645;0.0001771479185119575
2793;这毕业季都结束了。你发了出来;1;0;1;5645;0.0001771479185119575
2795;哈哈，恭喜这个B，站的UP，又恰到了一口饭滑稽;1;0;1;5645;0.0001771479185119575
2802;壁纸发一下;1;0;1;5645;0.0001771479185119575
2805;这个安全吗，好不好泄露啊;2;0;2;5645;0.000354295837023915
2809;这个要花钱？;1;0;1;5645;0.0001771479185119575
2811;和AI有什么关系，进来之前还以为是介绍GPT的疑惑;2;26;28;5645;0.0049601417183348095
2814;感谢up，我进一步理清了flomo的使用方法，向各位安利这款软件。另外我发现标签贵精不贵多，卡片则是贵在多链接多总结，去冗存精，方便此后自己的思路拓展与发散。;2;9;11;5645;0.0019486271036315323
2817;我一个计算机专业的兴奋的进来，灰溜溜的关了视频;2;7;9;5645;0.0015943312666076173
2820;up是我看的这么多里讲的最清楚明白的了。而且真正做到了以自己的理解重新组织文章结构来进行阐述，大刀阔斧，删繁就简支持;1;4;5;5645;0.0008857395925597874
2823;这本书我看完了，谢谢up大大的图画解说。就是有个疑问，他说这个也适用于学习，那我记日语学习笔记的话，这个卡片盒笔记要与其他的分开吗？;3;4;7;5645;0.0012400354295837024
2828;听得最清晰易懂的，赞;1;3;4;5645;0.00070859167404783
2830;高人;1;3;4;5645;0.00070859167404783
2833;已投币点赞，手绘图太漂亮了，能分享下图片吗？;1;2;3;5645;0.0005314437555358724
2835;讲的太赞了。找了n多资料，就你讲的能看懂。该视频有文档类的资源吗？;1;2;3;5645;0.0005314437555358724
2837;看着up的视频做了笔记，谢谢up。doge;1;1;2;5645;0.000354295837023915
2842;up主讲解的不错，书中核心都讲了鼓掌鼓掌就是视频里画画的手动得人发晕笑哭，我感觉把up画好的图静置，然后up指着图讲更好;5;1;6;5645;0.0010628875110717448
2848;up主，你缺一台iPad画手绘图吃瓜;3;1;4;5645;0.00070859167404783
2854;我情不自禁的一键热词系列三连星星眼;1;1;2;5645;0.000354295837023915
2856;视频制作得很棒，up辛苦啦;1;1;2;5645;0.000354295837023915
2858;我看上你那只笔了;4;1;5;5645;0.0008857395925597874
2863;up讲得很清楚画得很可爱，学到啦一个建议是可以用和视频更相关的文字作为标题，而现在的这种标题文字可以放大一点直接打在封面上，这样视频能更好地推给有这方面需求目标观众（因为我也是检索AI写作的时候点进来的藏狐意外收获了属于是）;2;1;3;5645;0.0005314437555358724
2866;up的画好可爱;1;1;2;5645;0.000354295837023915
2870;请教，第五步在软件上是如何体现的？ABC是指三个主题吗;1;0;1;5645;0.0001771479185119575
2872;看标题还以为是nlp的内容;1;0;1;5645;0.0001771479185119575
2874;请问bgm是啥;1;0;1;5645;0.0001771479185119575
2881;就是说他能帮我写三下乡嘛doge;1;5;6;5645;0.0010628875110717448
2884;我看了三分钟才想起来，我根本不需要这玩意。。。;1;3;4;5645;0.00070859167404783
2886;可以不可以自动生成废话连篇的公文写作。比如输入“629日，我xxx单位在xxx主持下召开了xxx会议，会议议程是1，2，3。”然后自动生成一篇800字的新闻稿。;5;2;7;5645;0.0012400354295837024
2897;洗稿神器？;1;0;1;5645;0.0001771479185119575
2899;那个看书的网站去哪里z开头的;2;0;2;5645;0.000354295837023915
2902;电脑查不到;1;0;1;5645;0.0001771479185119575
2905;链接呢。。。;1;0;1;5645;0.0001771479185119575
2908;已赞，送你上首页;1;7;8;5645;0.00141718334809566
2910;使用正版GPT后台踢我可以教脱单doge很简单，点赞评论，看我动态就有。;4;10;14;5645;0.0024800708591674048
2917;刚充值了39元一个月的会员，输入几句文字，体验一下ai自动续写功能，结果ai可以说的是，我要怎么形容，，，总之就是跑题了，而且39元只有5万字的自动续写，ai乱编一次就千多字，，，，，，还是不能偷懒;1;2;3;5645;0.0005314437555358724
2922;还是这么屑doge;1;4;5;5645;0.0008857395925597874
2924;屑圣发挥稳定大笑;1;3;4;5645;0.00070859167404783
2926;吃瓜;2;1;3;5645;0.0005314437555358724
2931;你火了，我说的;1;0;1;5645;0.0001771479185119575
2933;真的行么笑哭单位要是让发宣传也可以用它写么;1;0;1;5645;0.0001771479185119575
2935;可靠吗会不会被检测出来;1;0;1;5645;0.0001771479185119575
2937;这不是秘塔吗？;1;0;1;5645;0.0001771479185119575
2939;头两天别处找到了资源了，但还是给刺客点赞，见到太多拿着东西赚钱的啦，up还在坚守互联网精神；无私分享;3;8;11;5645;0.0019486271036315323
2943;我相信刺客分享的都是非常有用且好玩的，都是自己使用过才分享的，这也是我一直关注的原因，他一直保持着分享的心，虽然我不是最早关注的，但是也是关注挺久了，直播也看挺多次的，希望能一直坚持下去打call;2;2;4;5645;0.00070859167404783
2946;关注刺客这么久了，我发现了，你不是播音系的就是配音系的脱单doge;1;4;5;5645;0.0008857395925597874
2948;UPUP有电脑版可以用吗;1;1;2;5645;0.000354295837023915
2950;我tm爱死你了哥，立刻三连奉上大哭;1;2;3;5645;0.0005314437555358724
2953;抱拳;1;1;2;5645;0.000354295837023915
2955;厉害，感谢刺客星星眼;1;1;2;5645;0.000354295837023915
2957;刺客牛掰脱单doge;1;2;3;5645;0.0005314437555358724
2959;打call打call打call笑哭;1;1;2;5645;0.000354295837023915
2961;币有了，不能在白嫖了吃瓜;1;1;2;5645;0.000354295837023915
2963;关注并690;1;1;2;5645;0.000354295837023915
2965;刺客牛掰;1;2;3;5645;0.0005314437555358724
2967;怎么领嘞铁铁我忘了;1;1;2;5645;0.000354295837023915
2970;刺客哥哥我好难过有个昆虫少年我搜不到漫画热;1;0;1;5645;0.0001771479185119575
2972;强你币有了;1;1;2;5645;0.000354295837023915
2974;dogedoge帅的;1;1;2;5645;0.000354295837023915
2976;来了来了打call打call;1;1;2;5645;0.000354295837023915
2978;感觉up主被限流了;1;2;3;5645;0.0005314437555358724
2980;的;1;1;2;5645;0.000354295837023915
2982;这个电脑上能用么有电脑端安装包或者网站么星星眼;1;0;1;5645;0.0001771479185119575
2984;好难搜;1;0;1;5645;0.0001771479185119575
2990;怎样下载？;1;0;1;5645;0.0001771479185119575
2996;gpt是用模型逐字生成的文字，查重已经查不出来了其实。但是gpt写的文也是很容易用工具查出来的，所以能不能用gpt发表小说，最终还是看网站意愿。还有就是gpt生成的内容越长，对算力和模型参数要求就越高。就现在的条件来说，写长篇小说仍然是天方夜谭，稍微写长点，必然变成一本正经地胡说八道。;2;66;68;5645;0.01204605845881311
2999;这种东西吧，我的想法很简单。如果AI有一天能完美完成人类靠想象力才能完成的工作，那就说明那些不靠想象力的工作者早就已经失业了。所以担心个屁哟，脑力劳动者是最后失业的那批。doge;5;44;49;5645;0.008680248007085917
3005;AI有个问题就是没法收尾，写着写着就偏到姥姥家去了，我以前用脚本跑过一篇十多万字的（用的彩云小梦），一开始是有点童话的感觉，然后写个近万字就变成了网游文，然后又变成都市刑侦商战玄幻而且AI记不住你的设定，经常写着写着就换了个新角色，老角色就没影子了，谷歌那个AI地牢也是这种感觉。;1;40;41;5645;0.007263064658990257
3007;有一说一，虽然ai没想象力，但是这些年多数的网文本来也很难说有什么想象力吧。。。ai替代不了头部作者，冲击一下新手小白还是很有可能的。再说了，ai写的离谱网文本身不就自带噱头和节目效果吗doge;3;18;21;5645;0.003720106288751107
3011;写不了小说，但可以做设定啊，让gpt做设定就像是让世界上最大的图书馆拟人化来服务作者一样，哪怕是深奥的文言文或者神话知识都能掰开喂进嘴里;12;11;23;5645;0.004074402125775022
3024;等下用ai火了被作者联合上书打官司就GG了脱单doge;14;10;24;5645;0.004251550044286979
3040;ai连翻译都整不好，还写小说脑子呢;5;6;11;5645;0.0019486271036315323
3054;原神躺平后排润过来逼逼两句。彩云小梦最近有发问卷问，所以他家可能有想做大纲生成文，以及加强一个档里文章逻辑的想法。chatGPT是擅长逻辑的，但现在35免费版能记住的关键词和逻辑数量不多，4可能会更多，但一旦要记很多关键词，消耗的资源量就很大，所以使用上会变得很贵。AI绘画这里最大的突破就是扩散型（diffusion）技术的出现，它一改之前的让ai试图，像是教小孩子那样教ai，变成了会把图拆成很多个维度，然后一张一张叠上去的模式。其中开源的是sd，一般至少叠50张，所以出来的东西就是新的，是溯不到源的。后来novelai可能是出于省资源和二次元化的目的，限制了叠的步数，但即使这样几百万张里也只有那么一两张会有既视感。所以AI写作变得查重完了没有什么重复的段落内容，也是很有可能的，只是不知道文字类这样的重构技术会出现在那里。chatGPT其实已经在八股文和格式文上做的很好了。另外再补充个逻辑，其实像是下棋那样有逻辑并且有正确答案的逻辑类AI反而是最先出现的。逻辑ai其实并不难出现。难的是和文字类结合。chatGPT之所以是大突破，原因就是这是第一次ai做到能读懂人类的语言并且用人类语言返回，能大致做到理解常识。GPT就是指自然语言处理的意思。有了自然语言处理的能力再去叠逻辑AI上去是很必然也没有特别困难的事情。未来也一定会出现的。但我依旧觉得以后写文的大纲还是需要人来写，然后AI润色甚至写一些过度章节，最后形成作家和AI共生的一种状态。我只能说，AI未来影响的绝不会只是一个领域，哪怕你的领域不会被AI替代，其他领域被AI替代的人才，也会来挤你所在的行业，所以没有行业可以幸免。但和AI共生可以让你在自己的领域里更强。至于想象力创造力什么的呃，去年这个时候的画师也觉得不可能呢;1;1;2;5645;0.000354295837023915
3056;20年起点就有人用al写的文赚全勤，我在起点看到过，不过那本没签约。;4;1;5;5645;0.0008857395925597874
3063;八总露脸了？疑惑;1;1;2;5645;0.000354295837023915
3085;所以它在写小说雪容融;1;1;2;5645;0.000354295837023915
3088;光用写作猫纠错了没想到还有这么多功能哦呼;1;3;4;5645;0.00070859167404783
3090;说下价格，好让我死心;1;2;3;5645;0.0005314437555358724
3092;三连了，谢谢up主做的视频，这个软件非常棒;1;2;3;5645;0.0005314437555358724
3094;三连了，谢谢up主做的视频，这个软件非常棒;1;1;2;5645;0.000354295837023915
3096;治标不治本;1;1;2;5645;0.000354295837023915
3098;三连了，听说有福利脱单doge;1;1;2;5645;0.000354295837023915
3100;这个是电脑软件吗？;3;1;4;5645;0.00070859167404783
3104;三连了，这个确实是神器;1;1;2;5645;0.000354295837023915
3106;只要有足够的算力、数据、时间，AI吊打人类毫无悬念。;1;1;2;5645;0.000354295837023915
3108;挺好用的，适合降重和水文案;1;1;2;5645;0.000354295837023915
3110;卧槽这次这个确实是好东西了;3;1;4;5645;0.00070859167404783
3114;三连了，毕业论文就是用它降重的，从三十多降到了十一点几;1;1;2;5645;0.000354295837023915
3116;难得露脸;7;132;139;5645;0.02462356067316209
3124;未来，人类将被训练成有能够准确向ai提问的能力doge;26;814;840;5645;0.1488042515500443
3151;newbing我两天就接到通过的回执了，但是改版后，没有改版前好用了，之前无限对话，可以一直优化自己想要的答案，现在一次对话只让你问五次，官方给出的理由是，防治长时间对话AI逻辑混乱感觉这玩意是不是进化出感情了，被开发者拉去切前额叶了;85;1080;1165;5645;0.20637732506643047
3237;目前只用过ChatGPT，newbing我直到它被阉割了，都没和它聊过，一直在候选名单，真的心里苦;33;422;455;5645;0.08060230292294066
3271;省流：httpswwwnotionsoai;15;605;620;5645;0.10983170947741364
3287;刚刚回复了一位观众，并建议取关但被吞了，在这里再详细说一下：前后做了两个视频分别叫《ChatGPT聊天实录：AI大忽悠》和《NotionAI完全颠覆了我的写作方式》，这位观众分别送来两顶帽子：捧踩收钱，以至于不明就理的其他观众跟着忽略内容本身只剩下情绪。既然大家都知道虽然Notion老板在新闻采访中拒绝透露，但NotionAI就是基于GPT3与ChatGPT同源，两家公司是合作关系，何必需要捧踩；ChatGPT说它忽悠是基于它作为聊天工具的作用，NotionAI说它颠覆写作方式是基于写作辅助工具的作用，也不存在捧踩；另外，两家公司的营销方式还没有到要找一个中国小博主推广的地步，所以不存在收钱。我头围比较大，带不下帽子，所以请这位观众如果一定要上来扣帽子而不是友好交流，就相忘江湖比较好，为网络风气做个小贡献。;27;1204;1231;5645;0.21806908768821967
3315;刚才注册了账号，发现界面不支持中文，只有英文，日文韩文德语另外免费账号只能使用20次AI，就是只能提问或修改20次。而且使用的技术是chatgpt3。网上免费用gpt3的渠道有很多，专门用这个英文网站的意义在哪？最后，下星期openai官方的chatgpt4就出来了，有能力跨过门槛的，直接用openai即可，在已收费并没有中文界面的情况下，我不建议使用Notion。想花钱，我不如去openai官方，实在不行，还有国内公司的产品。;18;310;328;5645;0.058104517271922056
3334;就是openai的接口;9;226;235;5645;0.04162976085031001
3344;前几年我还天真的以为中国的人工智能和美国差距不大，结果现在牛笔的ai全是外国的，作画，动画，聊天，写作突然一下全爆发了，我们连汤都没有;47;566;613;5645;0.10859167404782993
3392;我notion很早就通过申请了，真的很喜欢这个软件，加入AI后，更强大了。其实有对比过chatGPT和Notion对于同一问题的回答，chatGPT更注重的是给你列出式提供答案的观点，Notion则是以它的视角给你写出一个答案，对于我这种懒人来说，（不是用于写论文），notion真的真的很棒;13;186;199;5645;0.035252435783879536
3407;省流：newbing还在排队，notionai免费使用20次脱单doge;4;79;83;5645;0.01470327723649247
3412;gpt模型的一个特点就是：单纯看讲的话更像人话，但他很可能是回答了一个错误的答案，因为其根本原理就是基于模型统计的字词句间的权重关系来生成结果，其分布与真实人话的分布很接近，但他是不理解语义的。;11;70;81;5645;0.014348981399468556
3424;科普：chatgpt是个网页，微软的投资的纯公益软件任何要收费的都是骗人的，除非自己不会注册，找代注册的大概不到30就能买一个号，我昨天买就花了25，直接买了就能用（不过要会科学的上网doge;29;84;113;5645;0.020017714791851195
3454;别忘了最开始的电子游戏不过是贪吃蛇doge;1;68;69;5645;0.012223206377325066
3456;低情商：你有病高情商：newbingdoge;1;73;74;5645;0.013108945969884853
3458;网络上将会充斥着虚假的意见，AI大量的制造政治讨论，连贯的虚假评论难以被识别。你会花费时间和AI吵架;4;56;60;5645;0.010628875110717449
3463;nb内容限制太多了，如果说chat是八岁的话，那nb也就只有三岁；唯一优势就是速度快不用挂墙;9;56;65;5645;0.011514614703277236
3473;这不还是GPT吗，同一个技术的不同落地而已;2;45;47;5645;0.008325952170062002
3476;说个笑话，我28开始排队，当时前面174万人；时至今日，前面166万人;11;45;56;5645;0.009920283436669619
3488;菜谱的那个真的可以做吗？笑哭;1;4;5;5645;0.0008857395925597874
3490;我觉得那时候不是人接入AI大脑，而是AI获得了碳基身体和一个原始大脑作为助手;4;46;50;5645;0.008857395925597875
3495;这玩意儿功能和ChatGPT高度重叠，大概率就是基于ChatGPT的二次创业产品，既然这样为啥我不直接用ChatGPT？;10;11;21;5645;0.003720106288751107
3506;为什么我的bing申请十几天了还没通过大哭大哭;23;34;57;5645;0.010097431355181577
3530;好消息notionai开放给所有人了，坏消息没完全开放（需要收费）。如果作为生产力工具，我觉得还蛮值得。;6;32;38;5645;0.006731620903454384
3537;newbing我通过了但是没有跟我发邮件我没用过原版的chat但是newbing真的不信那个好多问题问道一半他回答错了我指出他错了他就回复不能再继续这个话题了然后就必须清楚对话框才能再问之前聊过的东西就全部清空了问了还是一样给你错误的答案;4;7;11;5645;0.0019486271036315323
3543;免费不？不免费都是扯淡doge;3;16;19;5645;0.003365810451727192
3548;以后是不是像须弥那样，人手一个移动终端，人们习惯了AI的便利，渐渐的不愿意去创新或是说进步;24;40;64;5645;0.01133746678476528
3573;感觉现在人类创造各种工具，但对于人类本身的探索太少了。人类寿命，人类学习能力，人类记忆力，人类身体结构，大脑运算速度在如今科技大爆发的时代都没什么变化，大家之所以觉得比古人聪明只是因为能接触到更多的消息，这是社会的变化，但人类这个生物本身却和几百上千年前一样。;11;23;34;5645;0.006023029229406555
3586;好消息，NotionAI公测了，各位不用再排队了：“坏”消息：它收费了，10刀还是20刀1人1月（具体数字忘了）藏狐;3;5;8;5645;0.00141718334809566
3590;买了plus之后，基本不再使用notionai了。同样的功能明显chatgpt更聪明，notionai有时候需要换着说好几种说法他才明白;8;24;32;5645;0.00566873339238264
3600;能把狗币白度替换掉就是天大的好事;2;19;21;5645;0.003720106288751107
3603;首先，要有鉴别AI是否在胡说的能力doge;2;27;29;5645;0.005137289636846767
3607;我也用了一段时间，但它基本不能用于生产创意，大多时候还是处于胡说八道的状态。也许英文会好一些。;1;5;6;5645;0.0010628875110717448
3609;notion我都没申请直接说我被邀请为内测用户呲牙很舒服;4;20;24;5645;0.004251550044286979
3619;这种ai带来的压迫性，在去年很多画画人已经提前感受过一次了海伊愣住;1;10;11;5645;0.0019486271036315323
3621;我为什么从notion到NewBing都是一申请就通过了？join之后直接start了;4;11;15;5645;0.002657218777679362
3626;笑哭Youre1745916inline;2;13;15;5645;0.002657218777679362
3632;我们上网的墙到底是国内设置的还是国外设置的？我是说平常情况;3;3;6;5645;0.0010628875110717448
3636;人的惰性和依赖性是很强，年轻人，尤其是未成年人、学生群体应该避免使用这些”助手“;27;24;51;5645;0.009034543844109831
3664;别试了，我12月加入的排队，排在12w左右。现在排在9000;8;8;16;5645;0.00283436669619132
3675;全英文，根本不会用，不懂怎么调出搜索框;1;3;4;5645;0.00070859167404783
3678;一起来排队吧喜极而泣网址在这里httpswwwnotionsoproductaiwrc92aa44514b436cdutmsourcenotionClientutmmediumcopyButtonutmcampaignaibetautmcontentshare;2;8;10;5645;0.001771479185119575
3681;这算成功了吗未来有你头晕晕;2;12;14;5645;0.0024800708591674048
3684;加入到候补到这个界面不知道怎么办了;3;3;6;5645;0.0010628875110717448
3688;妈耶，终极的降本提效原来就是把人干掉doge感觉ai还是英文语序，适合议论文不适合记叙文;2;9;11;5645;0.0019486271036315323
3692;我直接邮件收到的内测邀请，原来还要排队doge;2;3;5;5645;0.0008857395925597874
3702;问问AI你的Slogan它怎么理解;1;2;3;5645;0.0005314437555358724
3704;卷起来，打个昏天黑地，刀光剑影，看谁是王;1;2;3;5645;0.0005314437555358724
3707;现在使用bing的chatgpt需要科学上网吗，notionai呢，需要科学上网吗;3;2;5;5645;0.0008857395925597874
3713;这不比newbing强？doge;1;2;3;5645;0.0005314437555358724
3718;博主，咱们tb能不能搞到chatgpt的账号，共享一下，想尝尝鲜;4;3;7;5645;0.0012400354295837024
3725;虽然NotionAI在某些方面表现不错，但总体来说用户体验一般，且它的应用场景比较有限。相比之下，未来可能会出现微软GPT全家桶这样的通用语言模型，其应用范围更广，性能更强，有可能对NotionAI产生竞争压力。其他厂家的AI也存在类似的问题，它们往往只能应用在相对有限的领域。但是，像ChatGPT这样的通用语言模型可以解决许多不同类型的任务，这使得用户在面对有限能力的AI时，更倾向于使用更通用的解决方案。现在openai就在通过加入插件的方式来赋能chatGPT更多的功能，也许有一天我们上网的第一个页面将不在是各大搜索引擎了，而是一个有着AI和你打招呼并提醒你各种事宜的欢迎界面了。;1;1;2;5645;0.000354295837023915
3736;用了这玩意之后再也不想用ChatGPT了，这还免费，感觉我之前的钱真百花了;1;1;2;5645;0.000354295837023915
3744;毫无疑问这些都是需要违法科学的。。。;3;1;4;5645;0.00070859167404783
3752;开始收费了。。。sad;1;1;2;5645;0.000354295837023915
3762;notion啥时候优化汉字渲染hhh;4;1;5;5645;0.0008857395925597874
3774;这个网站可以直接加入排队httpswwwnotionsoproductaiwr9c71998e06eff3fbutmsourcenotionClientutmmediumcopyButtonutmcampaignaibetautmcontentshare;1;1;2;5645;0.000354295837023915
3782;前面还有2w多个不知道要等多久申请好久了都笑哭笑哭;6;1;7;5645;0.0012400354295837024
3798;notion申请太难过了;4;1;5;5645;0.0008857395925597874
3808;兔年一起来排队httpswwwnotionsoproductaiwrf99f92ef375b0856utmsourcenotionClientutmmediumcopyButtonutmcampaignaibetautmcontentshare;2;1;3;5645;0.0005314437555358724
3829;稍微用了一下，就要钱。10刀一个月;1;0;1;5645;0.0001771479185119575
3845;请教一下NotionAI，要怎么获取？笑哭;1;0;1;5645;0.0001771479185119575
3855;我们学校强制要求用notion，并且学生账户买了大礼包，一开始我很抗拒，一直用Wps。后来我发现最好的使用方法是让他给你总结，快速的整理，形成框架，所有外部链接，表格视频，脸书，复制粘贴，能迅速形成Mark。学校说的是，让我们把notion当成自己的学习助手，要自己引领出路，而不是被动接受;1;0;1;5645;0.0001771479185119575
3858;这个能在中国用吗？;4;0;4;5645;0.00070859167404783
3866;它只能免费使用20次，还是每天只有20次的免费;1;0;1;5645;0.0001771479185119575
3872;免费试用才20次。订阅费用对于国内说那是天价;1;0;1;5645;0.0001771479185119575
3876;ai真的可以，我自己的公司，以前文员7个，这个月直接裁了4个，留了3个年轻接受力强的，买了ChatGPT会员给他们用。效率完全没减少，还更高效。而且他们知道了这个情况，还更加卷了，居然都主动拓展学习起来了，对公司真的友好;1;0;1;5645;0.0001771479185119575
3884;我只想知道cheatgpt网站打不开怎么解决;3;0;3;5645;0.0005314437555358724
3899;严格来说用chatgpt在大陆已经算违法了;1;0;1;5645;0.0001771479185119575
3907;模型没chatgpt的好;1;0;1;5645;0.0001771479185119575
3918;现在就觉得不整个ai就落伍了笑哭;1;0;1;5645;0.0001771479185119575
3935;螺蛳粉何时能发货我已经下好app了;1;0;1;5645;0.0001771479185119575
3949;Notion的Ai真的很好用;1;0;1;5645;0.0001771479185119575
3955;事实上他写不了论文，它只能提供建议，框架，举几个例子，不是完全意义上的全能;1;0;1;5645;0.0001771479185119575
3968;用AI写的：女子手持长剑，穿着白色长衫，迎着和尚的攻击，身形如风，左右闪动。和尚身着浅蓝色僧服，手持铁杖，一招一式犹如猛虎下山，威力惊人。女子斜刺一剑，和尚侧身躲过，反手一杖猛攻女子。女子侧身避开，却被和尚的杖头击中了一下，身形不由一晃。和尚见机会，冲上前去，一招金刚伏魔，将女子压在地上。女子见状，不急不躁，左手一挥，掌风犹如飞燕掠过，和尚被掌风击中，脚步一乱，女子趁机反击，一剑斩向和尚的命门。和尚却突然变招，一招七星伴月，铁杖如影随形，将女子的长剑卡住。女子不甘示弱，双手用力，却被和尚以杖势擦过，衣角飘起，女子顺势一跃，躲开和尚的攻击。两人交手已久，女子感觉精疲力尽，正当她准备发动最后一剑时，和尚突然从腰间取出一柄匕首，向女子胸口刺去。女子眼疾手快，拔出腰间的小匕首，挡住了和尚的攻击。两人双手持刀对峙，气势如虹。突然，女子陡然发力，一剑刺向和尚，和尚侧身避开，女子却一闪身，反手一刺，刺中了和尚的后心。和尚浑身一颤，缓缓倒下。女子把长剑收回，看着和尚的尸体，黯然神伤。这水平可以的。;1;0;1;5645;0.0001771479185119575
3990;你和ChatGPT的区别？我是一个基于ChatGPT的聊天机器人助手，我的主要功能是回答各种问题、提供建议和支持。ChatGPT是一种生成式预训练技术，它可以生成自然语言回答。相比之下，我是一个特定的应用程序，旨在提供特定的服务和支持，而ChatGPT则是一种通用的技术，可应用于各种场景和应用程序中。此外，我还有一些其他功能和特点，如：我可以提供特定领域的知识和专业知识，以帮助用户解决问题。我可以根据用户的需求和意图提供个性化的建议和支持。我可以与用户进行连续对话，以便更好地理解和响应用户的需求。总之，我是基于ChatGPT技术的一个特定应用程序，旨在为用户提供特定的服务和支持。如果您有任何问题或需要任何帮助，请随时告诉我。;1;0;1;5645;0.0001771479185119575
4001;亲爱的播主啊想要你视频里哪个键盘不知道是什么品牌什么型号我一年都敲坏十多块了我看你哪敲的字都没了还没坏肯定是好东西求急求;1;0;1;5645;0.0001771479185119575
4042;一起等待httpswwwnotionsoproductaiwr88e7a2da02f319dc;1;0;1;5645;0.0001771479185119575
4047;各位，我的chatgpt那个页面没有升级到plus的选项了咋整的啊，官方取消掉了？;3;0;3;5645;0.0005314437555358724
4088;学习;1;1;2;5645;0.000354295837023915
4097;加油;1;0;1;5645;0.0001771479185119575
4104;在哪下啊;1;1;2;5645;0.000354295837023915
4131;来了？项目可以分享一下吗;1;0;1;5645;0.0001771479185119575
4133;免费吗？;1;0;1;5645;0.0001771479185119575
4136;九小时前用sans的龙骨炮热一下;1;3;4;5645;0.00070859167404783
4138;艹了，闲的没事刷到这了，既然刷到了，就给一些好东西吧（刚喝了咖啡不久）;1;1;2;5645;0.000354295837023915
4141;呵，我卡文用这个谢了3W子了;2;22;24;5645;0.004251550044286979
4144;咩栗呜米贴贴;8;18;26;5645;0.004605845881310895
4153;什么离谱软件哈哈哈哈;1;10;11;5645;0.0019486271036315323
4155;可拉到吧，我试过，内容全是网上东拼西凑的，哪怕你写了几百字的开头，单章故事线都已经很清晰了，这上面生成的内容也是牛头不对马嘴辣眼睛;1;4;5;5645;0.0008857395925597874
4157;彩云我是要不断改再用语音修改;4;3;7;5645;0.0012400354295837024
4162;语文作文能拿这个写吗;1;2;3;5645;0.0005314437555358724
4164;有没有给它个细纲它来润色补全的ai;1;1;2;5645;0.000354295837023915
4167;哇哦我变成老粉了;2;1;3;5645;0.0005314437555358724
4173;加入;1;1;2;5645;0.000354295837023915
4175;学习;1;0;1;5645;0.0001771479185119575
4177;学习;1;0;1;5645;0.0001771479185119575
4179;tomapp;1;0;1;5645;0.0001771479185119575
4182;学习;1;8;9;5645;0.0015943312666076173
4184;学习;1;1;2;5645;0.000354295837023915
4186;学习;1;1;2;5645;0.000354295837023915
4188;学习;1;1;2;5645;0.000354295837023915
4190;学习;1;1;2;5645;0.000354295837023915
4192;学习谢谢;1;1;2;5645;0.000354295837023915
4194;学习谢谢;1;1;2;5645;0.000354295837023915
4196;学习;1;1;2;5645;0.000354295837023915
4198;学习;1;1;2;5645;0.000354295837023915
4200;学习;1;1;2;5645;0.000354295837023915
4202;学习;1;1;2;5645;0.000354295837023915
4204;学习;1;1;2;5645;0.000354295837023915
4206;学习;1;1;2;5645;0.000354295837023915
4209;广西修仙大学;1;19;20;5645;0.00354295837023915
4211;我们也准备写了脱单doge;2;3;5;5645;0.0008857395925597874
4214;系统给你多少分吃瓜;1;3;4;5645;0.00070859167404783
4217;请问是什么软件给心心;1;0;1;5645;0.0001771479185119575
4220;帮我续写吧，我刚好还没写脱单doge;1;0;1;5645;0.0001771479185119575
4222;刚出我就注册排队了，到现在都不给开通，好歹也是Notion老客户了笑哭;10;14;24;5645;0.004251550044286979
4234;我没有注册过，我也从来不知道这个东西，我是昨天突然页面跳出弹窗说我可以用notionai笑哭;3;4;7;5645;0.0012400354295837024
4238;今早收到的这个邮件意思是可以用了吗;1;3;4;5645;0.00070859167404783
4240;为什么你的是中文版？要怎么设置？不是没有中文吗;2;3;5;5645;0.0008857395925597874
4244;现在开放了但是要收费了，洗洗睡吧;3;1;4;5645;0.00070859167404783
4248;没用，收费的，还不便宜;1;1;2;5645;0.000354295837023915
4252;怎么显示中文版？啥插件？好想知道呀;1;0;1;5645;0.0001771479185119575
4257;卖15r;3;0;3;5645;0.0005314437555358724
4263;httpseffiditqqcomdemo;3;16;19;5645;0.003365810451727192
4267;破案了，这个网页只有电脑能打开，手机上暂时没法用;3;5;8;5645;0.00141718334809566
4273;三连给你了星星眼;3;1;4;5645;0.00070859167404783
4278;谁能把红楼梦前78回喂给AI给我看看结局;4;48;52;5645;0.00921169176262179
4283;ChatGPT写剧本真的很强，我以前喜欢写小说，但是不会写剧本，因为小说和剧本的差别很大，对我而言，写小说是容易的，写剧本是很难的。我今天用ChatGPT写了之前有八个人物的剧本，上万字很快就写出来了，而且每个人的性格和语言都很分明，整个逻辑也是相对完整的。这个是其他同类AI难以达到的水平，所以我认为它的水平是很高的，未来如何发展是我比较期待。希望可以实现故事自由。;31;45;76;5645;0.013463241806908768
4315;文学是艺术，艺术创作需要风格，还要有自己表达的主题，而且要有作家自己表达主题的方式。写一个人死了。直白的写几句毕生创下辉煌战绩上校驾鹤西去了。空洞的几个字没有艺术可言，当魔幻现实主义作家加西亚马尔克斯写就不一样。记得《百年孤独》有一个情节：一发子弹要了奥雷里亚诺的姓名，他的鲜血流过墙角，为了不弄脏地毯还在地毯前拐了个弯，流过了街道。流到了他母亲乌尔苏拉所在的厨房里，在她脚边停下，乌尔苏拉便知道自己儿子已经死亡了。即使这是用魔幻现实主义表现出来的，但也拥有自己独特的鉴赏价值。艺术创作需要创新，即使这种先进的方式提供了便捷，但作品最终会印上作家自己的名字（纯属个人观点）;3;41;44;5645;0.007794508414526129
4319;如果人类去读一本ai写的严肃文学，那已经证明人类没必要继续写下去，因为人类的思想已经被ai模拟了忆万次，反而还不知情，最终答案也无人能知。;1;25;26;5645;0.004605845881310895
4321;创作的本质是作者自我表达的途径，有想要表达的东西才会去创作，AI跟人类想表达出来的东西不一样，人类跟人类也不一样，所以谁也无法取代谁。三体之所以优秀不仅是因为它具有优秀的创意和叙事技巧，更是因为作者把自己对宇宙、对人类社会的思考融入进了作品中，只有这样有灵魂、有深度的作品才有可能成为经典流传下去。个人觉得彩云小梦之类的AI现在最大的问题是训练方向不对。一个好故事大多情况下都需要先定好大框架、把故事的方向跟想要表达的东西理清，然后再往里填充具体内容。它现在居然是一段一段随便发挥的tv皱眉;2;23;25;5645;0.0044286979627989375
4324;个人看法，AI是不能完全替代创作的，就像up所说，（创意）不能自生。即便ai可以用两个概念随机混接的方式，产生海量的创意，但其中哪些创意是真的创意，哪些是一坨大便。Ai仍旧无法区分。就像是《诗云》里的顶尖科技，生成了古往今来所有的诗，但是ai没能力去挑选。终究是需要人工参与。我写到这里，突然有一个新的想法。假设AI生成了海量的创意。他自己无法区分哪些创意是有价值的。那AI是不是可以把所有的创意都发给人类。比如，我正在看视频，如果能从三个创意里面选出一个自己认为较好的创意，就能跳过十秒广告。然后AI给出三个选项。那我肯定会选一个。我相信其他人也都会选。然后。AI通过汇总大数据。就可以清晰的知道哪些创意是被人类认可的有价值的创意。再用这些创意去生成小说。虽然AI不能自生创意，创意部分依旧需要人工，但倘若真发展到这个地步，AI小说彻底取代人类小说也已经是大势所趋了。;5;17;22;5645;0.0038972542072630645
4330;小说，这些文学创作基本上是人类思想艺术最后的护城河，如果AI在这个方面做出了一定成绩，那么我认为AI已经具备了某些人格，特别是情感方面的，这是已经相当可怕但能预见的事，或许在不远的将来，能看到和AI谈恋爱。同时，比起小说家，那些程序员、设计师、处方医生等等理应最先受到AI的冲击。事实上，随着chatgpt的发展，人工取代某些方面会加快。但是国家会尽可能的减缓这个过程;1;13;14;5645;0.0024800708591674048
4333;ai要是写多了，说实话写的比99作者要好不过不能拿它们的作品直接用，看一看有没有哪些地方是自己没想到的细节，有哪些剧情可以作为自己的一部分找灵感就像是现在ai画画一样，不用ai作品，但可以给我们提供想法不过以后可能也会出现一个问题，我们的独立思考能力可能会下降，产生依赖性;2;10;12;5645;0.0021257750221434896
4340;喜欢你的视频;1;4;5;5645;0.0008857395925597874
4346;文学方面它目前不行，但是不代表以后不行，当初围棋我就这么认为的，电脑不行，后来被打脸笑哭;4;2;6;5645;0.0010628875110717448
4351;你这样提问肯定是写不出来的;2;2;4;5645;0.00070859167404783
4357;我感觉搞不好过几年就可以写出来了;1;1;2;5645;0.000354295837023915
4362;这个中文写作ai叫什么名字;1;0;1;5645;0.0001771479185119575
4366;最后的问题不是AI能否独立写作的关键问题，只是一个底层问题。;1;0;1;5645;0.0001771479185119575
4368;我让它解决孪生素数猜想结果它跟我说偶数加2是奇数;11;571;582;5645;0.10310008857395926
4380;其实后台是一个超大厅，里面坐着上万个码农给你实时解答doge;11;373;384;5645;0.06802480070859167
4392;一些经典问题在他的训练集里面，一些简单的新的问题不在他们的训练集，答案只能说格式是对的。还有你们如果连这些经典的学校作业都不能学会去Google搜索并自己修正，怕是真的会把他淘汰掉;25;243;268;5645;0.047475642161204604
4418;简单题基本全能过掉，中等题过30，困难看情况，偏数学推导的比较好过，其他就基本寄了;9;164;173;5645;0.030646589902568643
4428;？这不是梦，帮你写作业同时抢你未来工作，我宁愿不要这个梦;51;85;136;5645;0.02409211691762622
4480;如果这种作业都只想靠ai写，怕是以后会被ai淘汰了;7;78;85;5645;0.015057573073516387
4488;我给他看了我的状压dp板子，然后它在洛谷p1896拿了90分doge;3;46;49;5645;0.008680248007085917
4492;嘶，感觉像是借鉴了网上的博客，而且markdown的格式都没去，公式两边的都还在;8;33;41;5645;0.007263064658990257
4501;给我写英语作文把题目要求复制进去写出来的文章不错dogedoge;5;27;32;5645;0.00566873339238264
4507;复杂一点的就会理解不了题意了，简单的常见的还是很可以的;1;25;26;5645;0.004605845881310895
4509;能帮你解决的都可以百度查到;15;23;38;5645;0.006731620903454384
4525;为什么我用的时候基本都卡了啊，是用的人太多了吗;3;12;15;5645;0.002657218777679362
4531;这玩意可以写汇编helloworld;1;5;6;5645;0.0010628875110717448
4533;没啥，这些解答网上也可以找的，或者说，这个本身就是来自网上搜索;6;4;10;5645;0.001771479185119575
4543;但AI不能替你考试脱单doge;1;2;3;5645;0.0005314437555358724
4550;我问过几个金融问题，虽然不一定讲得很好，但是它真的能理解意思答案也不是百度的;2;1;3;5645;0.0005314437555358724
4575;这个AI能通过图灵测试么doge;1;0;1;5645;0.0001771479185119575
4579;什么ai呀星星眼;1;0;1;5645;0.0001771479185119575
4581;有字节传输限制，让他写一个代码长的传到一半就没有了;2;0;2;5645;0.000354295837023915
4587;能不能让ai实现一个ai，然后再让实现的ai再实现ai，一直套下去吃瓜;4;0;4;5645;0.00070859167404783
4598;很好奇这东西发展到最后可以代替我们普通程序猿嘛;5;0;5;5645;0.0008857395925597874
4608;能不能教我用;2;0;2;5645;0.000354295837023915
4612;能写中文的叫秘塔写作猫;1;6;7;5645;0.0012400354295837024
4617;没有介绍这个是收费的，费用是多少doge;1;4;5;5645;0.0008857395925597874
4622;吃瓜写论文OK咩;1;1;2;5645;0.000354295837023915
4641;未来网文应该还是存在的，因为ai这个东西缺少的就是创新，它不具备关于人性的东西，就算它能取代部分类似工作室那样的文，网文还是能以另一种新的形式存在。网文时代才来到世界二十余年，不可能就此终结，而且我相信，它的生命不止于此;1;1;2;5645;0.000354295837023915
4643;按我使用的经验，网文这个行业应该不超过5年了，律师可能更长一点，而文员这一类的工作也快要消失了。（它无时无刻不在进步。）捂脸捂脸;2;0;2;5645;0.000354295837023915
4648;由于链接限制请关注我的公众号：小郡路子野然后里面回复：925即可获取软件里面还有更多黑科技APP，欢迎来白嫖;2;2;4;5645;0.00070859167404783
4651;写作蛙小程序，是Ai智能写作，功能挺多的，目前还是免费的，用起来很不错。;1;1;2;5645;0.000354295837023915
4662;这个是电脑版的吗;1;0;1;5645;0.0001771479185119575
4664;已三连星星眼;1;8;9;5645;0.0015943312666076173
4666;学习;1;1;2;5645;0.000354295837023915
4668;学习;1;1;2;5645;0.000354295837023915
4670;学习;1;1;2;5645;0.000354295837023915
4672;学习;1;1;2;5645;0.000354295837023915
4674;学习;1;1;2;5645;0.000354295837023915
4681;6;1;4;5;5645;0.0008857395925597874
4683;6;1;2;3;5645;0.0005314437555358724
4685;6;1;1;2;5645;0.000354295837023915
4687;6;1;1;2;5645;0.000354295837023915
4689;6;1;1;2;5645;0.000354295837023915
4691;6;1;1;2;5645;0.000354295837023915
4693;6;1;1;2;5645;0.000354295837023915
4695;6;1;1;2;5645;0.000354295837023915
4697;6;1;1;2;5645;0.000354295837023915
4699;6;1;1;2;5645;0.000354295837023915
4701;6;1;1;2;5645;0.000354295837023915
4703;6;1;1;2;5645;0.000354295837023915
4705;6;1;1;2;5645;0.000354295837023915
4707;6;1;1;2;5645;0.000354295837023915
4709;6;1;1;2;5645;0.000354295837023915
4711;6;1;1;2;5645;0.000354295837023915
4713;6;1;1;2;5645;0.000354295837023915
4715;6;1;1;2;5645;0.000354295837023915
4717;6;1;1;2;5645;0.000354295837023915
4719;6;1;1;2;5645;0.000354295837023915
4721;6;1;1;2;5645;0.000354295837023915
4723;6;1;1;2;5645;0.000354295837023915
4730;6;1;0;1;5645;0.0001771479185119575
4732;6;1;0;1;5645;0.0001771479185119575
4734;6;1;0;1;5645;0.0001771479185119575
4736;6;1;0;1;5645;0.0001771479185119575
4738;6;2;0;2;5645;0.000354295837023915
4741;6;2;0;2;5645;0.000354295837023915
4744;6;2;0;2;5645;0.000354295837023915
4747;所以网址呢doge;1;1;2;5645;0.000354295837023915
4756;通过up主的亲身试验，至少证明现阶段的人工智能是无法代替广泛的作者群体的呲牙不过倒是可以把卡文的最后一句丢给它们，这样就可以让它们写一些借鉴，让它们变成解决作者卡文问题的小帮手脱单doge;1;0;1;5645;0.0001771479185119575
4761;这个写的东西有明显特征吗？没有可以试试doge;1;16;17;5645;0.0030115146147032773
4764;老公好棒;2;6;8;5645;0.00141718334809566
4768;为啥我注册后显示不支持此地区呀大哭;12;4;16;5645;0.00283436669619132
4781;网页数量感人;1;3;4;5645;0.00070859167404783
4783;好奇问一下怎么调成中文的？是网页翻译吗还是说ai本身语言能设置为中文？;2;2;4;5645;0.00070859167404783
4786;我叫她写3000字的，结果她写了900字的出来，还硬说按要求写了3000字;6;1;7;5645;0.0012400354295837024
4794;doge有废话生成器的感觉最后两段是重复的;1;1;2;5645;0.000354295837023915
4796;你好，如何改头像呀星星眼;1;0;1;5645;0.0001771479185119575
4799;网站能发一下吗;2;0;2;5645;0.000354295837023915
4804;文涌（Effidit）腾讯开发的;1;11;12;5645;0.0021257750221434896
4806;付费吗;2;4;6;5645;0.0010628875110717448
4809;好像很有用啊;1;3;4;5645;0.00070859167404783
4822;学习;1;0;1;5645;0.0001771479185119575
4824;学习;1;0;1;5645;0.0001771479185119575
4826;学习;1;0;1;5645;0.0001771479185119575
4828;学习;1;0;1;5645;0.0001771479185119575
4830;学习;1;0;1;5645;0.0001771479185119575
4832;学习;1;0;1;5645;0.0001771479185119575
4834;学习;1;0;1;5645;0.0001771479185119575
4836;学习;1;0;1;5645;0.0001771479185119575
4838;学习;1;0;1;5645;0.0001771479185119575
4840;学习;1;0;1;5645;0.0001771479185119575
4842;学习;1;0;1;5645;0.0001771479185119575
4844;学习;1;0;1;5645;0.0001771479185119575
4846;学习;1;0;1;5645;0.0001771479185119575
4848;学习;1;0;1;5645;0.0001771479185119575
4853;免费复制方法1、用qq自带的文字识别2、f12禁用JavaScript3、拍照，文字识别（是否可以实现以及方法取决于系统）dogedogedoge;3;12;15;5645;0.002657218777679362
4859;我写小说的时候就用秘塔，不过我记得要vip来着？;1;4;5;5645;0.0008857395925597874
4861;不信，我强迫症，打字的时候会检查输入法预设的字对不对除非，很紧急没时间改（这时我会一个一个打吃瓜）;2;4;6;5645;0.0010628875110717448
4864;up还是太弱了，作为视频老手，这些更本不用，某宝ai写作软件，只要9元吊打任意;1;2;3;5645;0.0005314437555358724
4866;以前可以免费用，现在收费了;1;1;2;5645;0.000354295837023915
4868;不打字不就不错了;1;1;2;5645;0.000354295837023915
4870;不打字的人呢;1;1;2;5645;0.000354295837023915
4877;就怕要开vip;1;0;1;5645;0.0001771479185119575
4879;你的文案也是网上找的么;1;0;1;5645;0.0001771479185119575
4882;这个去哪里下载呀？;1;0;1;5645;0.0001771479185119575
4884;这玩意还有人买？;2;4;6;5645;0.0010628875110717448
4887;妙啊感觉和我之前用的那个差不多，还是自己跑跑文库，跑跑模型，再微调比较有用;4;1;5;5645;0.0008857395925597874
4892;老师好，看到了吗？给个联系方式啊，私聊。;2;1;3;5645;0.0005314437555358724
4895;看到了吗？给一个联系方式私聊。;1;1;2;5645;0.000354295837023915
4897;哪里下载购买呀，给个联系方式。;2;1;3;5645;0.0005314437555358724
4904;这个用起来不会很容易就涉嫌抄袭了吗，（毕竟超过13个字就算了）;2;11;13;5645;0.0023029229406554474
4907;用两天就让交钱灵魂出窍;3;11;14;5645;0.0024800708591674048
4912;都是医学方向的呀;1;6;7;5645;0.0012400354295837024
4914;这个是真的强;1;6;7;5645;0.0012400354295837024
4916;做毕设可以吗;1;5;6;5645;0.0010628875110717448
4918;学到了偷笑;1;5;6;5645;0.0010628875110717448
4920;会不会过不了查重？;1;3;4;5645;0.00070859167404783
4924;付费的;1;0;1;5645;0.0001771479185119575
4927;加油;1;2;3;5645;0.0005314437555358724
4930;学习;1;0;1;5645;0.0001771479185119575
4932;这个怎么使用，下载App吗？;1;2;3;5645;0.0005314437555358724
4935;学习;1;2;3;5645;0.0005314437555358724
4937;学习;1;1;2;5645;0.000354295837023915
4939;学习;1;1;2;5645;0.000354295837023915
4941;学习;1;1;2;5645;0.000354295837023915
4945;这里我给你的回答是，所有的AI写作都很烂，不要跟我犟，我用过市面上所有的AI写作软件;4;7;11;5645;0.0019486271036315323
4953;翻译专业的同学表示没什么用而且一看就能看出来是机翻的藏狐捂脸;1;17;18;5645;0.0031886625332152346
4955;免费的话一天好像只能翻译三句每次使用都要登陆实话实说还是鸡肋专有名词翻译用ai还行句子还是算了吧;3;15;18;5645;0.0031886625332152346
4959;可以直接用cnki的翻译，准确率基本可以到八九成只需要调整语序;1;1;2;5645;0.000354295837023915
4967;收费的都没啥用;2;0;2;5645;0.000354295837023915
4970;吃瓜吃瓜;1;0;1;5645;0.0001771479185119575
4972;重复率会不会太高？;1;0;1;5645;0.0001771479185119575
4974;那么在哪有这个呢;3;0;3;5645;0.0005314437555358724
4980;什么对抗生成网络doge;5;270;275;5645;0.048715677590788306
4986;AI改了好几次才成功高分，看来还是不如顶尖选手热词系列知识增加;3;45;48;5645;0.008503100088573958
4990;我只能说批改网那套评定规则我是真的搞不懂，我写完第一遍12分，然后机改，改得语法都不通顺，然后145，emmm，把我整不会了;1;39;40;5645;0.0070859167404783
4992;其实使用的人方法对了，很容易90，up这样修改的效率比较低，可以ai结合其他批改网页，立马起飞;2;24;26;5645;0.004605845881310895
4995;好兄弟，我chatgpt经常掉线怎么办啊笑哭;15;21;36;5645;0.006377325066430469
5012;UpsyDaisy卧槽呜呜，我要是没毕业就能用这个了;2;10;12;5645;0.0021257750221434896
5015;都80多分，都那么高doge;1;7;8;5645;0.00141718334809566
5018;你这太费劲了;10;5;15;5645;0.002657218777679362
5035;这个作文查重率得有多少啊doge;8;1;9;5645;0.0015943312666076173
5052;我觉得其实应该直接用英语问，效果应该会更好;1;0;1;5645;0.0001771479185119575
5054;为什么我进不去，显示服务不支持所在的国家;2;0;2;5645;0.000354295837023915
5061;谢邀，不知道怎么注册，用谷歌账号然后手机验证码验证的时候说不支持脱单doge;1;0;1;5645;0.0001771479185119575
5064;哇有人和我做一样的事;1;0;1;5645;0.0001771479185119575
5070;是免费的吗;1;1;2;5645;0.000354295837023915
5072;学习;1;1;2;5645;0.000354295837023915
5074;已三连，想学习;1;1;2;5645;0.000354295837023915
5076;学习一下;1;1;2;5645;0.000354295837023915
5080;AI获奖已有先例，我们更应该思考的是在AI创作的大环境下，人类创作家该何去何从;1;7;8;5645;0.00141718334809566
5083;up，您可以看看私信投稿吗？谢谢保佑保佑;1;1;2;5645;0.000354295837023915
5095;让我今天来水一期视频，妆就不化了，大家也不是外人了。。;2;14;16;5645;0.00283436669619132
5098;你们已经开始用chatgpt写稿了吗？？;2;10;12;5645;0.0021257750221434896
5101;新闻媒体工作，我咋感觉GPT写出来的文章一般，只能提供我一些报道思路，最痛苦的写文章还得看我自己辣眼睛;3;9;12;5645;0.0021257750221434896
5105;各位不会用chatgpt的，找我，包教包会，包注册账户dogedogedoge，顶我上去。;6;7;13;5645;0.0023029229406554474
5113;是什么网站呀;8;3;11;5645;0.0019486271036315323
5123;失业既视感笑哭;3;1;4;5645;0.00070859167404783
5128;可不可以出一个使用教程哇星星眼;2;1;3;5645;0.0005314437555358724
5143;好了明天就可以出十个脚本doge;1;0;1;5645;0.0001771479185119575
5145;热热热热可是使用ChatGap不是违法的嘛？？因为需要翻墙;2;0;2;5645;0.000354295837023915
5148;求网址;1;0;1;5645;0.0001771479185119575
5152;三连求个网址;1;0;1;5645;0.0001771479185119575
5155;你这期水视频，是不是cgpt写的辣眼睛;1;0;1;5645;0.0001771479185119575
5158;一位靓仔点赞路过;1;0;1;5645;0.0001771479185119575
5164;有人能想到我会在今天发视频的调皮举手有奖吃瓜鸡腿;2;2;4;5645;0.00070859167404783
5172;请问一下这样写论文的话查重率如何;2;0;2;5645;0.000354295837023915
5175;up建议录视频可以给脸上打个光脸太黑了doge;1;0;1;5645;0.0001771479185119575
5177;我认为AI写的作为素材参考一下还好，偷懒的话水平还有待发展dogedoge;1;0;1;5645;0.0001771479185119575
5180;再整些图片，发水会和中核应该够了。歪嘴;10;119;129;5645;0.022852081488042516
5191;有中文论文改写的吗笑哭;6;70;76;5645;0.013463241806908768
5198;和理工科论文应该没啥关系热;8;48;56;5645;0.009920283436669619
5207;我开了会员用了一下，写的都是屁，很尴尬，根本不能用，大部分都是重复前面的意思;3;39;42;5645;0.007440212577502214
5215;写作蛙小程序，是Ai智能写作，功能挺多的，目前还是免费的，用起来很不错。;1;1;2;5645;0.000354295837023915
5217;还有一叫essayailabdoge;2;2;4;5645;0.00070859167404783
5221;我滴妈呀怎么都写不过，修改到夜里做个梦，最后直接找人写的一次过，有需要可推荐;3;0;3;5645;0.0005314437555358724
5230;感谢;1;1;2;5645;0.000354295837023915
5233;牛披星星眼;1;2;3;5645;0.0005314437555358724
5235;6;1;1;2;5645;0.000354295837023915
5237;付费吗？;2;5;7;5645;0.0012400354295837024
5240;6;1;2;3;5645;0.0005314437555358724
5242;好;1;3;4;5645;0.00070859167404783
5244;吃瓜;1;1;2;5645;0.000354295837023915
5246;好doge;1;4;5;5645;0.0008857395925597874
5248;666打call;1;1;2;5645;0.000354295837023915
5250;哈哈;1;1;2;5645;0.000354295837023915
5253;我是一个很帅的学长帮我写的，价格超便宜，查重率只有4doge;3;0;3;5645;0.0005314437555358724
5257;有中文的么;1;0;1;5645;0.0001771479185119575
5260;除了一个月二百块钱，其他都是优点笑哭;3;0;3;5645;0.0005314437555358724
5284;写作猫？;2;0;2;5645;0.000354295837023915
5288;已经申请啦给心心给心心;3;3;6;5645;0.0010628875110717448
5292;notion已经全开了谢谢;3;2;5;5645;0.0008857395925597874
5297;不来个注册的邀请码么doge;1;1;2;5645;0.000354295837023915
5299;申请填up的id就行吗星星眼;3;1;4;5645;0.00070859167404783
5304;您好，我已经充了一个月专业版，不能直接开通AI功能吗？;1;0;1;5645;0.0001771479185119575
5307;到这步是已经申请完了吗，只要等他通过是吗;2;0;2;5645;0.000354295837023915
5310;定价多少？;1;0;1;5645;0.0001771479185119575
5312;空间ID复制完，粘贴在哪里？是挨着手机号粘贴吗？微笑;1;0;1;5645;0.0001771479185119575
5314;这个ai和notionai和newbing哪个综合体验好一点;1;0;1;5645;0.0001771479185119575
5316;你问来问去，它会不会觉得很烦呲牙;1;0;1;5645;0.0001771479185119575
5318;注册进去已经没有AI这个功能了试用都没有囧;1;0;1;5645;0.0001771479185119575
5320;太棒了;1;0;1;5645;0.0001771479185119575
5323;ai有时候会有些程序化，好的文章还是要看奇妙的大脑吃瓜吃瓜吃瓜;1;2;3;5645;0.0005314437555358724
5325;ai会把人变的思想懒惰，机器代替的是肉体的轻松，人工智能代替的是脑力劳动。看来人工智能发展到一定程度。人的存在也就可有可无了，没有任何价值。;1;1;2;5645;0.000354295837023915
5332;httpswwwcraftdo没玩几天就收费喽，对于IOS用户来说craft还是很好用的，可以氪金。可以申请newbing内侧候补，我大概一礼拜就候补通过了;2;1;3;5645;0.0005314437555358724
5338;链接httpswwwcraftdo;3;0;3;5645;0.0005314437555358724
5343;写作蛙小程序，是Ai智能写作，功能挺多的，目前还是免费的，用起来很不错。;1;0;1;5645;0.0001771479185119575
5347;Windows有的，输入会跳出来;9;38;47;5645;0.008325952170062002
5357;老师为啥我下的Windows版的craft没有aiassistant这个点啊;5;16;21;5645;0.003720106288751107
5363;目前发现在Roam中使用AI并不复杂，申请好OpenAI的APIKey以后在商店里的RoamAI里面填写一下就行了，多谢王树义老师的推荐以后要第一时间追更打call;2;11;13;5645;0.0023029229406554474
5367;为什么我下载的没有openassistant这个菜单，是只支持mac从有的吗;4;8;12;5645;0.0021257750221434896
5372;这个craft有次数的限制啊。。;1;6;7;5645;0.0012400354295837024
5374;有人测试过这ai有些东西是杜撰出来的，比如苏轼的老婆是谁，它能给你编出无数个名字出来，还能给你为他们夫妻俩编一个虚无的故事。;2;6;8;5645;0.00141718334809566
5377;如果遇到您这样的导师我应该会彻夜学习，虽然我导师非常好doge;3;6;9;5645;0.0015943312666076173
5385;我有个疑问比如说，我打了“怎样学习绘画”的引导词，是不是生成的文章真的有学习绘画的指导价值？;1;2;3;5645;0.0005314437555358724
5389;老师我点那三个点怎么没有openassistant呢;10;2;12;5645;0.0021257750221434896
5401;为啥我Windows系统下的，addcontent下面没有openAIasistant，只有addcomments，有谁知道吗？doge;1;1;2;5645;0.000354295837023915
5406;秘塔写作猫有出中文版的AI写作;3;1;4;5645;0.00070859167404783
5412;老师，请问这个软件在哪里下载呢？;3;1;4;5645;0.00070859167404783
5421;王老师，这个软件必须要有苹果的账号吧？;1;0;1;5645;0.0001771479185119575
5423;我这儿没有AI的选项;3;0;3;5645;0.0005314437555358724
5428;学习;1;3;4;5645;0.00070859167404783
5430;很棒诶;1;0;1;5645;0.0001771479185119575
5432;学习;1;0;1;5645;0.0001771479185119575
5434;学习;1;0;1;5645;0.0001771479185119575
5440;求分享;1;0;1;5645;0.0001771479185119575
5447;请问有同学要拼团的吗？5人拼团年费只要199，，有想法的可以加我WXqq：526632532;1;1;2;5645;0.000354295837023915
5450;学习;1;2;3;5645;0.0005314437555358724
5454;学习;1;1;2;5645;0.000354295837023915
5456;学习;1;1;2;5645;0.000354295837023915
5458;学习;1;1;2;5645;0.000354295837023915
5460;都开始卷了doge;1;1;2;5645;0.000354295837023915
5463;学习;1;1;2;5645;0.000354295837023915
5465;学习;1;0;1;5645;0.0001771479185119575
5469;6;1;0;1;5645;0.0001771479185119575
5471;6;1;0;1;5645;0.0001771479185119575
5473;6;1;0;1;5645;0.0001771479185119575
5475;6;1;0;1;5645;0.0001771479185119575
5477;6;1;0;1;5645;0.0001771479185119575
5479;6;1;0;1;5645;0.0001771479185119575
5481;6;1;0;1;5645;0.0001771479185119575
5483;这网站适合来改论文嗑瓜子嗑瓜子嗑瓜子;2;2;4;5645;0.00070859167404783
5487;加不上;2;2;4;5645;0.00070859167404783
5490;学习;1;1;2;5645;0.000354295837023915
5492;学习吃瓜;1;1;2;5645;0.000354295837023915
5494;学习;1;1;2;5645;0.000354295837023915
5498;要钱不内容是不是牛头不对马嘴，没有逻辑性;1;0;1;5645;0.0001771479185119575
5500;ai剧本ai配音ai绘图3a大作确信;106;5134;5240;5645;0.9282550930026572
5607;会计专业根本不慌，你问我为什么？笑死，AI能代替人类做牢？;107;5538;5645;5645;1.0
5715;学配音的：乐不出来学美术的：乐不出来学人工智能的：乐;71;1832;1903;5645;0.33711248892825507
5787;省流doge非正经作品，从新建工程到上传仅用6小时。图一乐，简单给大家看看目前用AI能做到什么程度。剧本用彩云小梦写的，我没怎么动，只改了几个实在绷不住的地方。美术方面，AI的图在电脑上看挺糊的，但在手机这种小屏幕上意外地感觉能用。不过没差分没图层，生成角色不固定，细节一堆bug，距离画师失业还差得远。版权更是不允许，毕竟NovelAI的训练数据是盗来的图。AIVAAI生成的音乐也是要买它那个专业版才能商用。闲着没事玩玩就行了，做原创还是老老实实找人工吧。不过从这里也能看出未来的发展方向，AI肯定会越来越强，或许某天会解决版权问题并轻松生成符合需求的作品，到时随便谁都能做出个牛逼的画面来。不过说到底，Gal的核心还是角色和剧情，AI最多帮你解决卖相的问题，不好好打磨剧本的话，还是该暴死暴死，该挨喷挨喷。;39;2385;2424;5645;0.4294065544729849
5827;前不久外网一个画师直播画画给人偷去扔ai里发布了，吓得人家赶紧下播，这还是在有人发现的情况下，以后要是有人在画师没发现的情况偷图发布，吃瓜群众就以为画师拿ai的图来画，那这事怎么说理？以后连直播画画都不被允许了吗？辣眼睛;58;2105;2163;5645;0.38317094774136407
5886;放轻松，要是AI有能力把这几个行业彻底攻陷到一个不剩，在座各位的行业也没一个能逃的掉doge;113;1051;1164;5645;0.20620017714791852
6000;建议改个标题，突出仅用时6小时，全AI完成，二次元游戏这三个关键词，你现在这个标题辨识度太低了。;9;614;623;5645;0.11036315323294951
6010;第一，看到有些人说为什么要拒绝它，它明明可以变成很好的画师辅助工具，不努力适应不去学习活该被它取代。这样说吧，这个东西并不是为了成为辅助工具而诞生的，他不是整理参考的，不是帮你拉透视的，不是帮你贴素材的，不是方便你整理思路的，不是帮你模拟光源的，不是帮你寻找灵感的，它是为了一步成图取代画师的。那些热爱绘画的大佬根本不屑用，普通人生成图片不会调整（以后会进化到不用调整就是完美成图），它的进步靠什么呢？靠吞噬你现在可能看不起的那些”曾经或者现在仍在用努力和天赋跟上时代脚步，十年磨一剑，不走捷径“的笨拙的画师们的心血，它不会为此付出任何版权费用。没有人在拒绝它，是它正在可预见的蚕食掉这个行业，而且速度只会越来越快。有的人说不要危言耸听，真正的有创意画工好的画师根本不担心这些，都是些底层画师在跳脚，但是这是基于现在的成图而言的，而几个月前很少人能预测到它的进步会如此巨大，几个月后的它同样是难以预测的。你再能画，你能一秒练习和同步消化吸收成千上万张不同类型的图吗？你再有创意，能保证时时刻刻每分每秒都在吸收最前沿信息的它不会有一天超越你吗？你看过和这个类似的设计（AB），你知道这么设计这么应用能出效果然后你应用在自己的设计中（AC，AD），看上去就是原创设计而且完全不涉及抄袭，你能做到，终有一天它也能做到而且比你快得多躬耕苦练多少载，磨练审美为修图，没有真心喜欢画画的提高审美画技是为了变成AI修图师第二，创新型人才根本支撑不起一个行业的健康生态，努力型人才才是大多数，才是创新型人才赖以生存的土壤转;533;3906;4439;5645;0.7863596102745792
6544;科技并带着趣味。不觉得这很酷吗？作为一名理工男我觉得这太酷了，很符合我对未来生活的想象。;86;921;1007;5645;0.1783879539415412
6631;很厉害，但是心中就很不是滋味;46;565;611;5645;0.10823737821080602
6678;以后gal就是新一代网文了笑哭;10;541;551;5645;0.09760850310008858
6689;估计以后会有很多打着原创实际是用ai绘画的虚假画师藏狐当这东西剥夺别人的劳动成果后，还会有人认真画画吗？;79;647;726;5645;0.12860938883968112
6769;以前我以为AI最先卷死的是低端重复的工作;31;536;567;5645;0.1004428697962799
6801;讽刺的是，目前看下来最难替代的是游戏策划和运营，但现在大部分游戏公司最差的就是策划和运营，最重要的部分反而最没有创造力。;9;399;408;5645;0.07227635075287865
6811;AI技术不管是绘画，写作，还是配音，对于不从业这些的人来说它的进步可有可无，但对于从事这些行业的人可能是毁灭性灾难，但科技终究在进步，谁都阻止不了怪我咯;95;492;587;5645;0.10398582816651904
6907;有些人吧，这刀不劈在自己身上不感觉疼热;40;684;724;5645;0.12825509300265722
6948;其实应该警惕的不是AI，是AI的运营商，是AI背后的资本藏狐;16;280;296;5645;0.05243578387953941
6965;《未来地狱绘图》;3;276;279;5645;0.04942426926483614
6969;当他们利用ai和机器取代了打工人的时候有没有要考虑一件事，ai是否也能取代他们自己，自以为能掌控一切的人往往趋于自灭，不论国家还是个人，当世界开始变得残酷时，它是对任何一个人残酷的，只是自以为优势者体会不到罢了，不过到那时候，或许他们早已不再是人，无论肉体还是精神;29;315;344;5645;0.06093888396811337
6999;还有更恶毒的呢，先去画师直播间截图草稿，然后丢到ai里迭代，只需要一小会就可以将ai生产的图发到自己的社交账户，然后原本画师再发出这副草稿的成品时，你还可以说他抄袭，因为你发的比他早doge推上已经有人这么干了;5;265;270;5645;0.047829937998228524
7005;快拿抑制剂，我的赛博精神病要发作了热词系列知识增加;2;73;75;5645;0.013286093888396812
7008;这个配音感觉不太行啊，感觉用谷歌反而效果会好一点笑哭不过整体已经非常像样了;15;71;86;5645;0.015234720992028343
7024;某些隔岸观火的人，你们的工作比绘画复杂吗鸡腿;54;311;365;5645;0.06465899025686449
7079;ai现在最大的问题，是它已经能够画出大触级别的作品了我相信到时候甲方会说出，花几千块钱请你这么一个小画师，还不如我用ai画的呢微笑可以说，这东西会让以后社会结构有很大的变化，艺术也不是谁都能去学习的了;1;78;79;5645;0.013994685562444641
7081;可笑，人类引以为豪的艺术首先被ai占领，人类希望科技承担的重复工作却依然压迫着人们;36;326;362;5645;0.06412754650132861
7118;今天ai绘画，ai写作，明天就是ai编程，ai服务员，ai工人，大家愉快的一起下岗吧;24;73;97;5645;0.017183348095659877
7143;感觉用ai绘画和配音还好，剧本倒没那么好被ai替代，你可能可以用ai写出高深度的论文，但你用ai绝对写不来一个有趣的故事;57;214;271;5645;0.04800708591674048
7201;自我感觉这并不是AI。说白了就是一个庞大的数据库，;7;68;75;5645;0.013286093888396812
7209;作为一个漫画作者，我表示ai是永远也取代不了与创作相关的职业的，因为ai“没有理解能力”，且不说像漫画这种分工明确，每一格的角色必须都长的一模一样，每一格的明暗上色和构图必须有连贯感的精密工作。就算是插画，除非买家的要求很低，低到ai画什么你都觉得可以，否则ai是绝对画不出符合买家要求的插画的。与普通人约稿的普通插画不同，大公司、游戏公司、小说插画、漫画插画约稿的精密插画，他们的要求质量是极高的，高到必须对方提到的要求全部做到，并且与对方故事的里的隐约完完全全的吻合才能过关。并且一旦你与对方长期合作，你画的下一稿人物依然得与上一张的一模一样，不仅画风得一样，而且衣服细节光影道具甚至是动作习惯都得一样，并且依然得做到符合其故事内的一切隐喻，这点ai无论如何都是胜任不了的。ai这东西其实就是玩具，充其量能做个助手。ai绘画淘汰的其实不是画师，而是买家，是那些“没有要求，不提供要求”的买家。画师永远在逼自己去理解更难的东西，去挑战画出更难理解的内容，如果买家自己没有要求，那么画师还能画什么呢？如果连ai画的缝合图都感觉有趣，那是不是画师画的都差不多了吧。比较可惜的是ai确实是能淘汰一大群靠画同人、大头插画为生的画师，但是没办法。我只能说各位画师、创作者加把劲了，ai这东西就是个玩具，只要你开始画些连载插画了，连载作品了，那就是安全区，ai再锻练几十年都取代不了你的。;34;213;247;5645;0.043755535872453497
7245;似乎pixiv和dlsite上ai作品已经多了很多了tv冷漠，dl已经出了挂ai标签的政策了。可能拿ai作东西还是太便利了，对普通人门槛都很低，真感觉是拿流水线低质作业换销量，就和营销号一个逻辑，再不规制迟早劣币驱逐良币;13;167;180;5645;0.03188662533215235
7259;技术的突破一点没看见，道德底线的突破倒是一次又一次没下线;56;118;174;5645;0.030823737821080603
7316;土木工程欢迎大家入坑，本人工程造价，可带各位一程点赞点赞点赞妙啊;16;156;172;5645;0.030469441984056687
7334;即使没有AI的出现，世界已经在向毁灭和绝望的边缘行驶了，多少天坑行业专业刺客让大家辛辛苦苦内卷了数十年最后依旧讨不到3k的工作，学的又辛苦费时费力但又不能变现还得被花式压榨。AI的出现只是让毁灭更近了一步，但又是一种“解脱”，当大家都不在争做那金字塔顶端的2的时候，也是在放过自己，反正未来也不会变得更好，不如就此结束幻想和持续下去的激情吧。并不是鼓吹读书无用论，但问题愈发明显，大家辛辛苦苦学的这么多东西，不过也是“茴香豆”的四种写法。若有人让我高尚到不以成败和金钱来判定我一直所做的“学习成果”，我不配做人辣眼睛;5;177;182;5645;0.03224092116917626
7340;好巧，我最近在做卡牌游戏，我发现ai真省事;9;58;67;5645;0.011868910540301151
7350;经典劣币驱逐良币，倒不如是说驱逐了未来的良币;7;185;192;5645;0.034012400354295834
7358;道德底线的大突破并不是什么高端科技技术;4;54;58;5645;0.010274579273693534
7363;以后做游戏就会这样越来越快速doge独立游戏成本大降可能是必然吧;31;122;153;5645;0.027103631532329496
7395;科技的创新是为了把人们将简单工作解放出来，但现在的生产力还无法满足人们将配音，绘画等当做兴趣爱好而不是职业，只能说ai绘画和配音的进步在目前来说是不太好的，但在将来影响会变得相对较小，不过这也和大多数人没什么关系，科研的交给科学家，社会问题交给国家和社会学家;4;43;47;5645;0.008325952170062002
7400;读热评有感：1挺多人抨击AI训练集的搜集未经授权：无可奈何，维权成本太高。2AI只是单纯的剪辑拼接：hm其实不全是。打个比方，战争迷雾可以被角色移动解开，而解开迷雾不代表角色走过已解锁区域的每一寸土地。AI其实只能在已解锁区域驻足，但他可以瞬间到达每一寸已解锁的土地。所以原创还是要真人去开迷雾。3从2的角度看，AI确实解放了生产力。从人类发展的角度看这是好事。只是人类社会的科技发展并没有配套被淘汰的生产力的补偿机制。这种对底层生产力的残酷替代，其实比100200年前的殖民掠夺要温柔多了。4大势所趋：无论是几年前的AlphaGO（看看柯洁的视频吧他是第一批受害者，微笑），还是现在的StableDiffusion之流，他们都拥有7x24小时的学习时间与顶级显卡赋予的学习能力。天上1天，地上1年。所以，大可不必如祥林嫂一般见到AI绘画的视频就吐苦水，贬低和抨击AI。大家还年轻，解放生产力的意义在于，人类可以去做更高维度的事情，而不是在底层搬砖。况且背后推动的是资本，资本在逐利这个方面是如此的一致和团结，所以，。5其它：其实自动化和AI这几年给世界带来了大量的且未转型或转型失败的失业人口，毕竟上层建筑，社会意识的发展都是一定程度上落后于底层经济基础与科技发展的。既然在未来，大量“无用人口”诞生初见端倪，我们是否可以认为，制度建设上其实也可以前进一步了呢？;19;184;203;5645;0.03596102745792737
7420;可以大火的视频，差一个吸流量的标题。;3;41;44;5645;0.007794508414526129
7424;法律目前确实不完善，就拿AI喂图来说，假如是一个人在网上看到了某张图，然后他觉得这张图很不错，决定模仿它的风格自己画一副，这算侵犯版权吗？肯定不算，那把这个人换成AI呢？所以目前还真不好定义这种行为捂脸;14;182;196;5645;0.03472099202834367
7439;ai那么牛逼，我只想快点可以自己做动画doge;23;31;54;5645;0.009565987599645704
7463;今年真是AI元年阿，以前想都不敢想，就在最近井喷大爆发;8;108;116;5645;0.020549158547387068
7473;呲牙说风凉话的人，我的想法就是他的工作赶紧被ai取代，要完大家一起完呲牙;28;218;246;5645;0.04357838795394154
7502;制作gal的成本确实低了不少。吃瓜;4;29;33;5645;0.005845881310894597
7507;ai的出现让人对自我存在的价值产生了怀疑。。。;20;134;154;5645;0.027280779450841453
7529;吃瓜昨天我审核的时候就知道是个好活;5;99;104;5645;0.01842338352524358
7535;这种感性和人文创作之类的东西很难被ai取代啊藏狐;21;36;57;5645;0.010097431355181577
7557;为什么有人拿纺织机出来的时候纺织工人也感到恐慌举例AI作图你现在拿来纺织的棉花没给钱没给钱棉花是你偷的抢的你不懂问题在哪是吗;52;130;182;5645;0.03224092116917626
7610;很快我们就会意识到，我们鼓吹的想象力和创造力到底有多么可笑了（没有任何恶意，没有任何攻击性。我也喜欢画家，我也想成为画家，目前的人工智能只是对已有作品的整合和合成还不能说是原创。）根据已有的案例，上一个达到合成已有作品的ai阿尔法狗（整合我们的棋谱）在大约六年以后推出了新一代（他开发出了自己的棋路，不在受限于我们的定式）对于绘画应该也是一样，普通人废寝忘食六年也足以成为一个入门的画师，那六年以后这个依靠合成已有图片的ai会不会养成自己的画风，并且开始创新？（无恶意仅作讨论）（仅代表个人观点）创新来源于偶发性的错误，但我们一直在修复他们身上产生的错误。作为他们的创造者我们当然有肆意摆弄他们的权利。但以我个人认为，也许这才是人工智能没有创新的实质。我们一直将他们视作工具，我们也确实有这个权力。但也是因为我们给他们的身份限制了他们。;9;37;46;5645;0.008148804251550044
7620;为什么感觉ai盗图抄袭就变得合理了，变轻了，没什么人注意；；我还以为国内的版权意识提高了不少;9;135;144;5645;0.025509300265721877
7630;1、只要标注ai生成，没什么不可以的2、只要保证对素材原作者的尊重与权利保障，用ai也是可以的3、低创作品被淘汰，很正常的趋势，添加属于自己的风格才是出路这是我的个人看法;18;41;59;5645;0.010451727192205492
7649;某些公司又有理由裁员了藏狐;6;79;85;5645;0.015057573073516387
7656;真的太痛了，太卷了，现在他们绘画的图片都做成动态了，眼毛每一根都绑定骨骼绑了八十根，现在游戏绘图也都做成动态的了，以前根本不需要动，现在你不动吸引不了人，然后又出了个ai绘画，真的每一天都想去世;1;28;29;5645;0.005137289636846767
7658;说到底还不是利用大数据抄袭广大作者;46;128;174;5645;0.030823737821080603
7707;怎么做到的不扣点数？脱单doge脱单doge脱单doge;1;14;15;5645;0.002657218777679362
7709;想抵制AI的还是太天真了，还立法抵制，就像当年抵制织布机的工人一样。这是大势所趋，聪明人已经开始思变了。就比如AI成的图总需要一点调整吧，AI进步总要相关技术人员吧。织布机都需要维修和研发工程师呢。总有出路。;8;17;25;5645;0.0044286979627989375
7718;不知道在担心个啥，当初相机出来的时候一堆人再说绘画已死，实际上绘画根本没死，反而走向了繁荣。而且画师和摄影师都成为了不同的职业。所以在担心什么？;11;25;36;5645;0.006377325066430469
7730;我跟你讲，当20的人失业以后，人类才会开始有危机感，过五年你看评论区绝对不是这个画风;7;40;47;5645;0.008325952170062002
7740;笑死，al普及的话，在座的各位职业没一个逃得掉;6;14;20;5645;0.00354295837023915
7748;我想到了一个更加可怕的问题。如果有人把现有AI的迭代算法应用到计算机病毒上，人类或许会被炸回前信息时代。按我目前的想法，母体将寄生于服务器中，其会尝试感染其他的服务器；母体会向访问页面的的计算机发送子体，并记录此次发送。子体若成功破坏计算机功能，会发回信息进行确认；而如果子体长时间未发回信息，母体即判断该子体已被杀毒软件等清除，并继续进行迭代。这还只是假设算法不能小型化为前提，如果这种迭代算法可以小型化，甚至连母体都不需要。这样迭代下去，很快就会出现一个破坏力极强、无法被消杀的计算机病毒，并且还会不断迭代。虽然听着有点像科幻，但如果真有这么个病毒，那可能就是互联网的末日了tv目瞪口呆;5;11;16;5645;0.00283436669619132
7754;老婆们可能以后都没有灵魂了大哭;11;13;24;5645;0.004251550044286979
7767;美术AI代替了我，现在我可以接替策划的岗位了JPG老板我已经掌握AI的技能研发出游戏，你们通通被我开除了JPG投资人我已经掌握AI技术了，我不投资你们公司了JPG银行我也掌握AI了，不必把钱借给你们JPG;3;10;13;5645;0.0023029229406554474
7772;我只能哀叹，我的笔被机械夺走了，绘画的血汗的时间根本无法和一秒钟阅遍无数绘画，吸收大量数据的ai相比，我的笔那么无力又想要反击，但是我做不到，因为我的能力尚未能够反击。我苦恼，但是又只能接受，我如果不接受ai，ai就会淘汰我，我该怎么办;7;9;16;5645;0.00283436669619132
7782;ai只能是辅助人类生产的工具，绝不能成为替代人类生产的工具;4;9;13;5645;0.0023029229406554474
7787;大概以后人类画师只能直播精美水印了;1;8;9;5645;0.0015943312666076173
7789;等哪天全世界没有电回归大自然大家就不会被ai淘汰了。;1;8;9;5645;0.0015943312666076173
7795;ai吃着过往画师的作品进行排列组合加高级p图。最后二次元行业基本迭代消失，断层过分严重。最后新人无法生存上下线高差越来越高，以后有的应该是会使用工具的工人，不算画师了。笑哭不能否认人家厉害，但是这就跟现在工厂里都是机器，工人没几个的现状差不多吧滑稽;3;7;10;5645;0.001771479185119575
7800;训练ai的人应该给画师版权费罢，按张算;42;9;51;5645;0.009034543844109831
7845;ai不管如何抵制也很难阻止它发展。现在还能靠保护画师版权抵制喂图阻止，以后ai不需要喂图时就更难抵制了。只能说，学美术的赶快提笔跑路热;1;6;7;5645;0.0012400354295837024
7849;没有h剧情谁玩gal阿滑稽;3;6;9;5645;0.0015943312666076173
7854;这能有啥感情和灵魂的注入么？这种东西如果还需要付钱游玩就离谱;1;8;9;5645;0.0015943312666076173
7856;Ai我偷我有理;3;9;12;5645;0.0021257750221434896
7860;你不用别人用。就好像这个活，你不干别人干。你纠结什么？你清高什么？你们还记得以前的美工只需要会一个ps吗，现在呢？;1;7;8;5645;0.00141718334809566
7863;快进到ai玩家doge说不定以后还有ai网友和你聊天;4;7;11;5645;0.0019486271036315323
7869;我觉得那些便宜小黄油就可以找ai画了doge;1;5;6;5645;0.0010628875110717448
7871;人类有鼻子所以有了气味的形容，有眼睛所以有了色彩的形容，有听觉所以有了声音的形容，有触觉才有了质感的形容，但最重要的是有脑子才会将这个世界契合在一起才变成完美的，而AI只有“脑子”，AI做的不过也只是人类想要的，只要还有一个人留着心眼就不会让AI代替人类，但只要有人有心眼就一定会有AI代替部分人类，某些人说“吸血、盗取”大可不必，AI没有道德没有独立思考能力，你不觉得你去说AI吸画师的血或者盗取画师的努力很无知么？所以说目前来说AI可以满足人类的需求，但不仅仅是画画，人类是及其复杂的动物，AI终究是不如人类阴暗的，错的不是AI是有野心有目的的人，这是我的观点，请理性讨论微笑;1;5;6;5645;0.0010628875110717448
7873;我越来越觉得ai的技术早就成熟些，只是需要在道德层面上需要做突破了保卫萝卜哭哭保卫萝卜哭哭;1;5;6;5645;0.0010628875110717448
7875;就当第四次工业革命（虽然革命的不是工业）机器理论上得让多少人失业，那么多年了不都还好好的，总会有新岗位出现的虽然我不写代码，但我感觉码农也不容易，身边是个人就在学编程，智能制造或者计算机的朋友学也就算了，一个搞财产估值的朋友都在学，竞争得有多激烈;2;5;7;5645;0.0012400354295837024
7879;好活笑哭，不过ai绘图版权问题确实不好解决，举个例子，独立游戏作者A利用ai绘画绘制了游戏插图，但刚发出还没多久就被作者B看上了，作者B可以短时间内用AI生成构图相近，并且二度修改更加优秀的同类游戏，直接给作者A干碎思考;1;5;6;5645;0.0010628875110717448
7883;照这样下去ai迟早全方位超越人类;6;6;12;5645;0.0021257750221434896
7891;当独立游戏作者门槛减低，独立游戏作者制作游戏的时间也不用那么久了，技术成本降低照这样下去，ai会不会威胁到游戏大厂呢？;4;4;8;5645;0.00141718334809566
7897;点开链接还把第二章也玩完了，竟然是个连续剧哈哈哈场景ai做的氛围感好好就是不能细看。人物是不是不能生成同一个角色的不同动作呀;1;4;5;5645;0.0008857395925597874
7901;你说的对，但是《你说的对》是由你说的对自主研发的一款全新你说的对。你说的对发生在一个被称作你说的对的你说的对世界，在这里被你说的对选中的你说的对将被授予你说的对，引导你说的对之力。你将扮演一位名为你说的对的神秘角色，在自由的旅行中邂逅你说的对、你说的对的你说的对们，和你说的对一起击败你说的对，寻找失散的你说的对，同时，逐步发掘你说的对的真相。;1;4;5;5645;0.0008857395925597874
7905;AI和人类最大的区别就是无法思考，它的学习跟人类的学习是不一样的，人类学习之后能创造新的东西，而AI学习之后是用素材拼贴的，虽然它大量学习确实能做到在某个画风里已有作品当中的最好，但它只要不会思考，就永远做不到突破已有的东西吧。;8;4;12;5645;0.0021257750221434896
7919;非艺术创作者的二次元大胜利，过几年不用担心缺galgame动漫漫画了但是还是心疼广大艺术创作者们以后艺术被ai占领后可能很难进步了;5;5;10;5645;0.001771479185119575
7926;AI能不能换一种画风这种都看腻了;2;5;7;5645;0.0012400354295837024
7930;大多数人都持有悲观态度，但我认为这是好事。AI将画师从繁重的工作中解放出来，可以进行更高级的劳动。汽车取代马车，使得马夫及其后代不再需要替人拉马，进而可以从事其他工作。此前github的AI已经能够根据内容预测接下来可能要编写的代码，使得程序员不再需要一行一行的敲代码，仅仅需要选择合适的并进行修改即可。AI进入行业，将会是一个巨大的进步。马原书上说，发展的本质是扬弃。如果绘画这个行业墨守成规，不愿接受新事物，终究会被时代抛弃。祖宗之法可变，也必须随着时代的发展变化。;10;6;16;5645;0.00283436669619132
7941;只有我真的想去做个gal，然后挂steam搞钱吗？;1;3;4;5645;0.00070859167404783
7945;有么有站在美术资源消费者的点上思考AI绘图的意义的;3;3;6;5645;0.0010628875110717448
7950;待AI发展完善之后，形成自己的曲线和上色逻辑，也就不存在版权的问题了。正如AlphaGo一样，没有人说它的下法像谁，也就没有哪个棋手会去告它模仿了自己的围棋技巧。;1;3;4;5645;0.00070859167404783
7955;围棋至少不会有版权，而且是人和人玩，画画更惨来自一个围棋五段然后围棋被干爆，开始学画画然后画画被干爆的惨人ai不会自己创作，没有会自己创作的ai，围棋为什么可以，因为围棋的下法是固定的，只有那么多，参考ai小说，ai绘画也只是从素材库了的众多画师们的心血中找出符合词条的，然后每一张减出一部分，才得到的，我不认为这属于原创，更别说还不用付版权费同时压榨画师生存空间，等什么时候ai可以不用学习原创画风，作品，再来吧;2;6;8;5645;0.00141718334809566
7962;有了啊，谷歌的aiLaMDA，去搜搜就懂了;1;3;4;5645;0.00070859167404783
7967;别的我不说，就绘画圈那个风气，ai出现你就不用担心被画师上脸色，出图不好你可以随便改而不是不能提意见，不满意也不会被强买强卖，就这几点AI确实好太多了，而且ai也只能替代那些低级画手，当然他现在还在继续学习，未来什么样我不知道，但是煞一煞那些绘圈某些烂人我看的还是挺开心的;2;7;9;5645;0.0015943312666076173
7972;担心被代替只能说是非常蠢了，Ai要是真到那一步，人类也早完成机械飞升了。一个个打着热爱美术的旗号，只不过是蛋糕被别人拿走无能狂怒罢了。一堆比美术更底层更容易被代替的工作人都干的好好的，某些养尊处优的“画师”就已经急了，很能说明问题。;4;8;12;5645;0.0021257750221434896
7978;相机出现的时候很多人说画画的要饿死，印刷出来的时候又有人说画画要饿死，现在ai出来了;1;2;3;5645;0.0005314437555358724
7984;只能说10年前幸亏我没去走艺术生学美术，最后学电气进了国企混日子藏狐;1;2;3;5645;0.0005314437555358724
7990;蒸汽机玩意，没有灵魂，野蛮。活人车夫驾马车，有灵魂，文明。（）;2;2;4;5645;0.00070859167404783
8000;现在我感觉ai最不可能取代的就是写作了;3;2;5;5645;0.0008857395925597874
8006;当AI让创作速度提高之后，人们自然会有更高的要求，可能会产生新的创作模式。AI也只是个工具，像艺术这些没有人的认可就没有意义，最终也还会落到人的审美上；与其担心是否会被取代，不如想想如何利用;1;2;3;5645;0.0005314437555358724
8011;怎么说呢，AI画的可能画不出我心里想要的那种东西，除非它先画一个版，然后我更改，可是我并不会画厚涂啊我最多会平涂保卫萝卜哭哭，而且也不是每个人都喜欢厚涂的好吧。;1;2;3;5645;0.0005314437555358724
8015;这是最好的时代，也是最坏的时代。;2;2;4;5645;0.00070859167404783
8023;up，10000点数大概能跑几张？;1;2;3;5645;0.0005314437555358724
8025;不知道有什么好怕的，bu们戏有点多啊猫雷Nyaruw;8;4;12;5645;0.0021257750221434896
8034;幸亏我高中的时候没选择学画画;1;3;4;5645;0.00070859167404783
8036;不过有一说一，视频里这个ai配音虽然拉胯，但实际上现在ai配音还挺牛批的，我记着哪个乙女游戏用过ai配音，跟真人都没差别还有文案，现在看着也确实拉，但是再过几年谁知道呢。。。反正我从各方面都被薄纱了東雪蓮我呃呃;1;3;4;5645;0.00070859167404783
8040;感觉剧情深度比mrfz的省略号强。;4;6;10;5645;0.001771479185119575
8045;然而写故事真不是谁都能胜任的，AI也还差的远远的蛆音娘吃瓜群众这个差远甚至不是几十年之内可以逼近的;3;3;6;5645;0.0010628875110717448
8049;自己被替代就是人类引以为傲的领域被ai占领，人类药丸，别人被ai冲击失业倒是成福报了，不仅如此还要嫌冲击的不够，被替代的速度太慢了，不愧是你们小画家群体。烫知识：艺术一直都是默认最晚被ai冲击的行业，哪儿来的脸说艺术首先被ai占领啊。还有商业二刺螈绘图就别来碰瓷艺术了，没见过学几年数学就大言不惭说自己是数学家的。;2;1;3;5645;0.0005314437555358724
8060;人为什么要起用户名我操6;1;1;2;5645;0.000354295837023915
8063;没必要紧张，画师目前是替代不了的，都是老乙方了想想当乙方时候的委屈，你们觉得计算机能当一个合格的乙方吗，这个目前最主要还是方便个人行为，不需要找画师了，但凡有点钱和对作品有点要求都不会用这么粗糙和简单的设计，我试了一下别说完全实现想法了，也不说调整细节了，改动都难，比如一个腿环该放在哪个位置和裙子的视觉关系怎么处理，什么类型，勒不勒肉（非专业，大概这么个意思），更别说设计中包含的创意和文化内涵啥的了，目前大概只会影响最底层，真到影响大环境我们应该都入土了;1;1;2;5645;0.000354295837023915
8071;6;3;1;4;5645;0.00070859167404783
8076;加油吧;2;1;3;5645;0.0005314437555358724
8083;以后如果AI开发ai，那还要人干什么？;1;1;2;5645;0.000354295837023915
8090;脱单doge还是考公好，再简单的工作也不会被替代。;3;1;4;5645;0.00070859167404783
8108;设计师表示AL智能设计确实好用，但是AL能谈客户吗，我经常就直接一键智能设计然后再按客户需求去改细节doge，AL只是工具罢了，工具是不可能代替人的doge;3;1;4;5645;0.00070859167404783
8117;ai就不能多生成些美少年吗，好多视频都是美少女美少女，还特别强调性感微笑;1;1;2;5645;0.000354295837023915
8121;我园林专业的学生，希望有AI能帮忙画完cad图保佑;1;1;2;5645;0.000354295837023915
8123;叽叽叽，笑死呃，我们失业了，ai她们拿什么学习呃，呵呵呵doge嗑瓜子;1;1;2;5645;0.000354295837023915
8125;ai替代不了创作的灵魂，除非他们自己拥有了人类的意识;3;1;4;5645;0.00070859167404783
8138;小说与文学还是AI难以替代的，除非人类能创造一个完全模仿人脑的AI，不然还是只有人类能创造其他人需要的产物，通过现实的印象创造人化的新事物是独属于人的能力，AI的创作没有人的感觉，想要更符合人需求的产品就需要有修改人，通过人的修改来使其具有人化性质。但一个全新的，创造性的产品还是要有人从零开始制作。;2;1;3;5645;0.0005314437555358724
8145;比较之下，ai配音拉了;1;1;2;5645;0.000354295837023915
8149;ai不会编程这一点就决定了它不可能做游戏。。;4;2;6;5645;0.0010628875110717448
8154;我觉得挺好的，可以帮独立游戏开发者省一大笔钱;1;2;3;5645;0.0005314437555358724
8157;小画家们戏是真多，AI要真有那么厉害那无人驾驶和智能翻译反而止步不前了呢？;4;4;8;5645;0.00141718334809566
8162;到时候人类全体劳动力都被解放，人类只用思考怎样更好地享乐，思考怎样让AI更好地工作，思考怎样征服别的星球，获得更多资源，最后人类超脱肉体凡胎，进入元宇宙进行永生;1;2;3;5645;0.0005314437555358724
8167;没把版权费交上（只有对方同意卖你你才能交而且是由画师定的价格）之前我都看不起他他真的不心虚吗有被笑到;3;2;5;5645;0.0008857395925597874
8171;多年以前，老师说现在人工智能代替大部分职业，再不努力就没饭碗了，我当时偷着乐：你还能Ai画漫画咋滴doge。现在看来，是我格局小了热热;6;1;7;5645;0.0012400354295837024
8183;AI快替代我的大脑吧;1;1;2;5645;0.000354295837023915
8188;别说ai游戏了，ai评论都有不少，以后来个ai玩家;1;1;2;5645;0.000354295837023915
8190;b站能有这么多人知道“铁拳不砸到自己身上晓不得痛”，还是感觉很欣慰的，但是请继续加大力度，不把你棱角磨平，你是不知道什么叫社会;1;2;3;5645;0.0005314437555358724
8192;怎么说呢阵痛是必然的，但也是解放生产力，主要看有没有市场能不能消化这庞大的生产力，以后的的分工会越来越细，但人太多会卷死的，与时俱进吧，跟不上时代的人会被抛弃了的;7;1;8;5645;0.00141718334809566
8202;未来绘画界，再也出不了新的大神了。。。;2;1;3;5645;0.0005314437555358724
8205;看到你们这么挣扎，好好笑哟偷笑;2;2;4;5645;0.00070859167404783
8210;其实更大的问题是galgame早泛滥了，你用AI都不一定做得出好玩的，这就是水平问题，同时大量作品会淹没galgame区，到了那时候，你怎么才能从一堆竞争者当中出头呢呆;1;0;1;5645;0.0001771479185119575
8233;ai写作是真不行;1;0;1;5645;0.0001771479185119575
8254;热为什么有人可以信誓旦旦的说AI绘画能取代人类，给他举例不行之后就会轻飘飘抛下一句，AI半年前还是邪神作，以后就不好说了。既不是美术从业者也不是研究AI绘画的相关编程人员，居然可以如此自信。就这么说吧，AI绘图永远没办法取代画师，因为本质是AI有没有思考能力。AI只有公式和逻辑，没有思考，更没有创作热情。而AI一旦具有思考能力，那别说画师了，人类直接可以宣布GG，AI可比人类高级多了，你人不喝水还会嘎了呢。;3;0;3;5645;0.0005314437555358724
8258;那现在乐吧以后ai可以战胜我们所有人然后世界灭亡我感觉很正常我们人类探究的只有我们一个星球有生命体说不定其他的都被ai灭了然后ai没有研究出替代能源让他们充电的办法于是团灭所以无所谓的拉摆烂呗娱乐至死;5;0;5;5645;0.0008857395925597874
8264;有没有一种可能我们其实从出生到现在都活在黑客帝国吃瓜;1;0;1;5645;0.0001771479185119575
8267;如果机器取代了人类的娱乐。;2;0;2;5645;0.000354295837023915
8288;感觉真正有艺术造诣的艺术家和正常的外行人不会因为ai的兴起而焦虑或者在这里费劲口舌地争辩;2;0;2;5645;0.000354295837023915
8320;AI还需要进步个10年左右吧;1;0;1;5645;0.0001771479185119575
8328;卖家用AI创造，买家用AI消费，人类显得好多余藏狐;1;0;1;5645;0.0001771479185119575
8333;为什么没有人提ai歌手;1;0;1;5645;0.0001771479185119575
8336;快进到AI代码doge;1;0;1;5645;0.0001771479185119575
8338;这个故事告诉我们千万不能让AI会写代码doge;1;0;1;5645;0.0001771479185119575
8342;已三连，请问一下作者大大，制作这样一个galgame，在gamecreator中用到的插件分别是哪些呀，需要买正式版吗？我是一个小白我很想做出一个属于自己的gal，看到这个真的很方便，想要请教一下;1;0;1;5645;0.0001771479185119575
8345;其实AI也可以自己创造画风的，我最近就在研究;1;0;1;5645;0.0001771479185119575
8348;什么时候有AI编程藏狐;5;0;5;5645;0.0008857395925597874
8356;倒是清洁工，搬砖的什么的没法被ai取代吧;1;0;1;5645;0.0001771479185119575
8364;Ai目前为止依旧比人类缺少创新能力脱单doge;1;0;1;5645;0.0001771479185119575
8368;ai用在战争上，就能用最快的速度算出杀死最多敌人所需要的最低成本给心心;1;0;1;5645;0.0001771479185119575
8382;怎么没有ai编程？;2;0;2;5645;0.000354295837023915
8407;刚刚点开这个视频，我认为我们这些独立游戏开发爱好者要完蛋了，结果一看，这做的游戏根本没啥可玩性，就和看小说一样喜极而泣;5;0;5;5645;0.0008857395925597874
8417;说实话，文本怪怪的，感觉就是平均网文水平，尬尬的感觉，立绘倒是不错;1;0;1;5645;0.0001771479185119575
8422;不明白为什么有些人那么敏感。降低创作门槛永远是好事，“AI是将人类从低效重复工作中解放出来去从事更富于创造力的工作的”。;10;0;10;5645;0.001771479185119575
8469;个人感觉剧情逻辑性，立绘，音乐吊打明日方舟;1;0;1;5645;0.0001771479185119575
8481;有点感觉按照目前ai的水平，二次元画师最后的堡垒就是军武娘了，毕竟装备要考证，这点目前ai做不到;2;0;2;5645;0.000354295837023915
8502;昕昕语这个真的好离谱哦（内容和效率多方面的）;1;0;1;5645;0.0001771479185119575
8525;emmm为啥最近ai作画突然就火起来了几年前刚学神经网络的时候就知道GAN可以画画，画得还挺不错;1;0;1;5645;0.0001771479185119575
8528;ai绘画会使画师们各类视频各类发布图带满水印吗？版权不完善的话真有可能，这样以后就是绘圈天下了，然后ai生成了一堆水印;2;0;2;5645;0.000354295837023915
8533;这个剧情哈哈哈哈哈哈哈哈哈哈哈哈哈哈哈哈哈哈哈哈;1;0;1;5645;0.0001771479185119575
8538;问题不大，人比ai便宜，就像人比机器便宜一样，人出问题直接开掉，机器出问题还要花钱修;3;0;3;5645;0.0005314437555358724
8543;ai画画到底是合成的还是真的画了？合成的话会不会有版权问题笑哭笑哭;4;0;4;5645;0.00070859167404783
8555;感觉目前只有医生这个职业很难被AI代替;1;0;1;5645;0.0001771479185119575
8557;大伙都挺厉害的，怎么到ai文案这就拉了呢doge;1;0;1;5645;0.0001771479185119575
8562;感觉不用学画画了，我练到这种程度，得几年tv流泪tv流泪AI一把就整好了tv冷漠;4;0;4;5645;0.00070859167404783
8568;不是ai些剧情我不是很认可;1;0;1;5645;0.0001771479185119575
8592;实际上是老板的员工都可以用ai完成所有工作，然后自立门户卷死老板;2;0;2;5645;0.000354295837023915
8611;我需要一管镇静剂;1;0;1;5645;0.0001771479185119575
8630;这样发展下去纺织机和老板总有一个要被橄榄如果两个都没被橄榄那大概率就向着赛博朋克一路狂奔了;1;0;1;5645;0.0001771479185119575
8636;可是我就能用啊，有些人咋就这么急呢;11;0;11;5645;0.0019486271036315323
8648;这个场景也是ai画的吗只能说普通画师寄;1;0;1;5645;0.0001771479185119575
8654;ai小说真不行，自然语言理解比想象中要难得多，然后还要写好一个长篇好故事，关联性太强了，难上加难;1;0;1;5645;0.0001771479185119575
8657;场景调的好好看，很有游戏的感觉哈哈哈;1;0;1;5645;0.0001771479185119575
8664;应该是先写的剧本然后生成的立绘吧;1;0;1;5645;0.0001771479185119575
8667;其他的都挺好，就这个ai配音还不太行;1;0;1;5645;0.0001771479185119575
8672;Ai生成背景感觉很好用啊，起码不会像人bug那么多微笑;2;0;2;5645;0.000354295837023915
8680;以后的创作者想完全靠创作吃饭估计要不是借助完全创新要不就是脱离ai完全创新了热;1;0;1;5645;0.0001771479185119575
8683;还差个AI作曲。又一批人要失业了。;4;0;4;5645;0.00070859167404783
8688;网上一堆人在危言耸听，说什么迟早会被代替，反正我不觉得。无论如何，我这种给AI写爬虫的都不会失业偷笑;7;0;7;5645;0.0012400354295837024
8698;那是不是说我能将自己写的没什么名气的小说游戏化，然后大火星星眼星星眼星星眼;2;0;2;5645;0.000354295837023915
8702;越来越有科幻小说里未来别人电脑画个几小时就能做出来顶级电影或者3a游戏那种味道了思考;1;0;1;5645;0.0001771479185119575
8705;怎么有战双帕弥什的感觉了;1;0;1;5645;0.0001771479185119575
8717;好有意思不过脚本、台词之类的可以再优化一下;2;0;2;5645;0.000354295837023915
8726;懂了，还差一个音效aidoge;2;0;2;5645;0.000354295837023915
8734;不知道查重率多少doge;5;23;28;5645;0.0049601417183348095
8740;北京理工大学提醒您上网不涉密涉密不上网;1;15;16;5645;0.00283436669619132
8742;秘塔写作猫有点相见恨晚的感觉，真心好用;2;9;11;5645;0.0019486271036315323
8745;你的视频制作真的相当的好，真的特别的有创意，真的是让我为之欣赏，为之感动，我始终坚信你就是一个优秀的人，你制作的视频真的非常有创意，让我觉得这一切都是有新鲜感的视频，你的视频真的是独一无二的，你的视频拍的真好非常精美，构图完整、作品细腻，从你的视频中看的出你很用心;1;2;3;5645;0.0005314437555358724
8749;续写功能的话还是看看彩云小梦吧。登门喜鹊鸢大头;2;2;4;5645;0.00070859167404783
8752;推荐码失效了;1;2;3;5645;0.0005314437555358724
8754;苹果下载不了;2;2;4;5645;0.00070859167404783
8757;这个能纠正一些错误。但有些还是没办法。因为是内容不对不是语法错误。要是能靠这个去飞卢灌水就nb了;1;2;3;5645;0.0005314437555358724
8759;软件要钱不？;2;2;4;5645;0.00070859167404783
8762;高级版本，才所有的功能;1;2;3;5645;0.0005314437555358724
8764;这个对我很有用好吧，这是个宝藏视频脱单doge吃瓜;1;2;3;5645;0.0005314437555358724
8766;王一快创始人是这位。;1;1;2;5645;0.000354295837023915
8768;还招人吗;1;1;2;5645;0.000354295837023915
8770;洗稿神器;1;1;2;5645;0.000354295837023915
8773;服务调整。暂不提供下载。;1;1;2;5645;0.000354295837023915
8775;这样的文章没有灵魂了;2;1;3;5645;0.0005314437555358724
8778;说实话，这个并不好用。有些我想表达的内容会被它“纠错”，因为它并不了解或是理解，整活还不如彩云小梦;2;1;3;5645;0.0005314437555358724
8781;拼音输入法自动推荐错不了;3;1;4;5645;0.00070859167404783
8785;铆足干劲继往开来;1;1;2;5645;0.000354295837023915
8789;在哪里下载？;2;0;2;5645;0.000354295837023915
8800;把密码复制在评论区啊，密码一直输都不对flcj一直说密码错误;1;0;1;5645;0.0001771479185119575
8802;阿鱼，晚上好有推荐高中生阅读的书吗？希望是能引起他们共鸣，让他们对现实社会有较清醒理智认识的那种书;28;84;112;5645;0.019840566873339238
8831;不知道为啥看up总觉得面善说话方式也是但是确实没见过;5;74;79;5645;0.013994685562444641
8837;以后写单位文章我再也不用掉头发了;6;31;37;5645;0.006554472984942427
8844;靓女，谢谢你，今年论文可以过关了;2;28;30;5645;0.005314437555358724
8849;怎么说呢，我现在就在些毕业论文的开题报告，就在用这款软件，是自动化专业的论文多智能体系统，反正题目很长，我用他那个改写功能，就完全不能用，他把我的专业术语全改了，什么也不是，而且它不能翻译PDF文档，希望我在写正式论文的时候或者过些日子写形势与政策论文时好用一点;3;12;15;5645;0.002657218777679362
8855;毕业几年的我为啥看的津津有味;2;5;7;5645;0.0012400354295837024
8867;在线征集未来还有什么“人的能力”是AI代替不了的？;2;1;3;5645;0.0005314437555358724
8913;写作米露可，读作我媳妇洛天依滑稽;36;517;553;5645;0.09796279893711249
8950;你们喜欢米露可，我不一样，我喜欢岳父大人蛆音娘滑稽;22;354;376;5645;0.06660761736049602
8973;我们做视频的时候要是带上了米露可，怕是连审核都过不了了;3;190;193;5645;0.0341895482728078
8977;说到数字就想到6中美合拍，文体两开花，多多支持。;10;166;176;5645;0.031178033658104516
8989;灵能没人气啊，评论都没说灵能的。哎，冷番神作？;8;24;32;5645;0.00566873339238264
9004;有人问我为什么能占这么多热评。我只想说：道生一，一生二，二生三，三生万物。掌握热评之道就能一个接着一个生产热评。而我，便是其中之一。热评之道，不可亲传，要自行体会。广为流传的b站热评定律只是其小小的一个方面，而我便是例外，因此存在着更大的道理等待我们的探索。路漫漫其修远兮，吾将热评而求索。;1;3;4;5645;0.00070859167404783
9021;诶，今天我居然来晚了吗？蛆音娘吃惊哎呀，果然是来晚了看来热评是赶不上了随便说点什么吧emmmm昨天把准备的稿子删掉了怎么办蛆音娘吐血热评是不可能上的这辈子都不可能上的评论的人都超厉害，说话又好听说的是不是太多了（我也搞不懂自己在说什么啊）就这样吧（我永远爱梦梦奈）;1;2;3;5645;0.0005314437555358724
9024;米露可，米露可，米露可米露可米露可米露可，米露可，米露可米露可，米露可，米露可米米米露露露可可可米露露可可米米露露可可;2;2;4;5645;0.00070859167404783
9029;第一;4;2;6;5645;0.0010628875110717448
9044;这。。。这个评论区是怎么回事？？;2;1;3;5645;0.0005314437555358724
9056;各位网友大家好，说到米露可，我就想到了二哈，说到二哈，我就想到了西游记中的哮天犬，说到西游记，明年年初，中美合拍的西游记即将正式开机，我将继续扮演美猴王孙悟空，我会用美猴王艺术形象努力创造一个正能量的形象，文体两开花，弘扬中华文化，希望大家多多关注。手动狗头;2;1;3;5645;0.0005314437555358724
9072;兽耳总部也有一只恶灵，就喜欢咬网线，拆服务器，还要霸占梦梦奈333;1;1;2;5645;0.000354295837023915
9088;灵除了除灵什么都会（）;1;0;1;5645;0.0001771479185119575
9113;所以这是一个被别人当老婆才火起来的UP;1;0;1;5645;0.0001771479185119575
9151;没有觉得这个男主是琦玉加个黑发么哈哈;1;0;1;5645;0.0001771479185119575
9161;老子深爱着你;1;0;1;5645;0.0001771479185119575
9180;以前的本子都看腻了，啥时候出新的哎蛆音娘疑问;3;0;3;5645;0.0005314437555358724
9277;注册不了是为啥啊;1;0;1;5645;0.0001771479185119575
9281;我平常在用一个小程序写作蛙，AI辅助写作，也挺好用的呲牙;1;3;4;5645;0.00070859167404783
9283;是为了7天的高级版会员吗doge;2;1;3;5645;0.0005314437555358724
9286;鼓励鼓励doge;2;1;3;5645;0.0005314437555358724
9291;学习;1;1;2;5645;0.000354295837023915
9293;学习;1;1;2;5645;0.000354295837023915
9295;学习;1;1;2;5645;0.000354295837023915
9298;我的专业相当偏门，当时在国外写论文的时候要有这个就好了。;2;0;2;5645;0.000354295837023915
9302;付费的吗？;2;0;2;5645;0.000354295837023915
9305;不信，能写小yellow文才叫牛逼;1;15;16;5645;0.00283436669619132
9307;那些被告抄袭了一两百个作者的抄袭写手，都栽这个坑里的吧？;1;8;9;5645;0.0015943312666076173
9309;不行，如果AL能写了，我岂不是失业了;3;7;10;5645;0.001771479185119575
9313;这东西收费不;1;6;7;5645;0.0012400354295837024
9315;好看不火系列;1;5;6;5645;0.0010628875110717448
9317;UP主加油;1;4;5;5645;0.0008857395925597874
9320;对的，不可能的;2;3;5;5645;0.0008857395925597874
9324;微笑这玩意儿目前并不好用;1;1;2;5645;0.000354295837023915
9326;快进到用AI写论文被查重警告热词系列正道的光;2;1;3;5645;0.0005314437555358724
9333;作家，作词，作曲，物理家，都得失业，因为词组是有限的，笑哭;1;0;1;5645;0.0001771479185119575
9335;要钱吗;2;0;2;5645;0.000354295837023915
9340;学习了脱单doge;1;0;1;5645;0.0001771479185119575
9342;每次进来必点赞，全网都找不到几个这样的up了星星眼;1;0;1;5645;0.0001771479185119575
9347;这个真的值得买。对论文来说，简直是救星;2;10;12;5645;0.0021257750221434896
9350;我投了一个Bdoge;3;9;12;5645;0.0021257750221434896
9354;这不就是grammarly的国内版么;1;4;5;5645;0.0008857395925597874
9360;华为商店没法下载了吃瓜;1;0;1;5645;0.0001771479185119575
9367;已三连;1;2;3;5645;0.0005314437555358724
9369;白嫖之神doge;1;2;3;5645;0.0005314437555358724
9371;为什么才遇到这种神仙up，必须一键三连加关注大哭大哭热词系列三连;1;2;3;5645;0.0005314437555358724
9375;好用;1;2;3;5645;0.0005314437555358724
9377;doge;1;2;3;5645;0.0005314437555358724
9379;好用好用;1;2;3;5645;0.0005314437555358724
9381;下载链接在哪呢;1;2;3;5645;0.0005314437555358724
9383;一键三连;1;1;2;5645;0.000354295837023915
9385;如何下载;1;1;2;5645;0.000354295837023915
9387;最近刚想去官网注册账号呢原神嗯;1;1;2;5645;0.000354295837023915
9389;打call，怎么领取;1;1;2;5645;0.000354295837023915
9391;并没有置顶;1;1;2;5645;0.000354295837023915
9393;收费的东西，到处骗邀请;3;24;27;5645;0.004782993799822852
9413;这个写出来确定不会被查重吗，都是网上截取的一些文字;3;0;3;5645;0.0005314437555358724
9419;在我们这行，AI永远替代不了我们，因为AI没法坐牢doge;92;3923;4015;5645;0.7112488928255093
9512;太可怕了AI都会撒谎了AI说了什么？它说它不会取代人类。doge;22;1551;1573;5645;0.2786536758193091
9535;ai写了论文，知网查重8;15;1177;1192;5645;0.21116031886625333
9551;AI察觉了你的意图，并写了一篇AI无法替代人类的小作文让你放松警惕脱单doge;14;1037;1051;5645;0.1861824623560673
9566;我感觉真要问人工智能：人工智能会不会取代人类。估计回的是：只要你想我可以学吃瓜;23;683;706;5645;0.125066430469442
9590;其实在绘画和音乐方面，是抄袭，本质上他不懂画面或者音乐的感觉，只是把他们先归类，然后穷举拼接，再然后，删掉控制人员不满意的区域，再次穷举，循环往复，本质上他是在找010101这些数据之间的共同点而已，因为这样导致国外很多艺术家都抵制ai;143;972;1115;5645;0.1975199291408326
9734;大脑只是人类众多器官之一，本身并没有任何目的性，反而是被其他部分各种生理需求敦促着去思考，处理数据。AI没有生理需求，也没有动物内在的延续种群的需求，所以取代人类对它而言好无意义。;9;82;91;5645;0.01612046058458813
9744;以后营销号就不再需要员工了。文案ai写，视频ai剪配音ai配。甚至可能比员工东抄西抄效果好;4;357;361;5645;0.06395039858281665
9749;以后的某一天，大数据给人类推送了一个自媒体账号，是定时发布的爬虫bot，上传了一个由彩云小梦写作文案、网易天音制作bgm，ai剪辑软件剪辑压制，虚拟歌姬配音，vtuber形象出镜（且没有中之人），novelai制作封面，ai识别字幕的视频，热评里一半是bot一半是关键词识别。一劳永逸的时代来临了。;27;280;307;5645;0.05438441098317095
9777;这是ai自己写的吗，应该是直接从数据库搜文章吧，本质上还是其他人类写的;18;287;305;5645;0.054030115146147036
9796;dogeai比我会学，ai比我会写，我会懒，ai永动机;9;194;203;5645;0.03596102745792737
9806;AI只是学习然后缝合，但是不能创造。与其说封死了这些窗口，不如说拔高了这些窗口的门槛。;33;176;209;5645;0.037023914968999115
9840;秘塔写作喵本来是修改错字病句的，然后现在搞ai了，我有理由怀疑他是拿用户上传的文章充ai库，说不定那天ai写出的文章里面就有你上传过的语句，和论文了呢doge;12;108;120;5645;0.021257750221434897
9853;说到底，还是把人类创造的东西归类。实际上就是把能批量生产，有共性的东西代替人工。比如写作。都是勇者打败恶魔，路上有个拍卖场，大家都不识货，主角买到了神级装备开始逆天。这种架构固定了，接下来就是找各种词汇往里填。其实也就是个体力活。被机器代替很正常。;7;115;122;5645;0.021612046058458814
9861;其实从细胞方面来讲，人的各种感觉也是电流在神经细胞间输入输出而已，只不过人脑并不是单纯的0101doge;16;74;90;5645;0.015943312666076175
9878;明天就要开考了，不要试图在此时让我相信人工智能有意识doge;3;63;66;5645;0.011691762621789194
9882;ai自己可决定不了它能不能取代人类只有人类可以决定要不要用ai取代人类;7;79;86;5645;0.015234720992028343
9890;ai取代不了我们这行，因为它没办法当专家给你们建议doge;3;52;55;5645;0.00974313551815766
9894;我认为ai就是类似阿尔法狗一样，只会通过编辑的算法，不断学习，演算，然后推测出更好的方案，ai绘画也是画师给ai输入相关关键词的作品，所以自己可以推演出人类对于这个关键词的作品是什么样的，然后生成，所以，我认为完全不需要担心ai会智械危机或者取代人类之类的，它们只会根据被设定好的算法思考，画师不断像ai提供作品使ai学习一样，它会思考，它会充满逻辑地解答，这都是它通过学习优化来的，但它永远不会有人格与感情，它只是会思考罢了但视频里有一点比较细思极恐，这是一个写文章的ai，却在写这个文章的过程中，不断用“我们”“你们人类”等这样的话语，它似乎知道这是编辑者对它的提问;15;51;66;5645;0.011691762621789194
9910;人工智能没有自主意识电影里和现实里的人工智能是2种东西;5;13;18;5645;0.0031886625332152346
9916;AI取代人类要满足以下条件：1AI完全独立，可脱离人类的主观控制；2独立后的AI与人类有一样的物质需求和价值观；3AI的物质需求只能在地球得到供应；;11;46;57;5645;0.010097431355181577
9928;人类会变猪没？其实变猪也没什么不好，只是别宰，平安老死就好;1;9;10;5645;0.001771479185119575
9931;人类总是喜欢幸存者偏差，觉得自己不会被ai取代。然而无论是哪方面的能力，ai都完胜人类。而且人类总会被情绪、情感这些东西所控制、束缚，而Ai却是高效率的工作机器。在未来，人类真的会被Ai完全取代。藏狐;24;58;82;5645;0.014526129317980514
9956;我预言到危机，在怎么下去会出现智能反叛，建议启动基因工程研究，打造，基因改造战士阿斯塔特俗称人工兵器极限战士doge;4;9;13;5645;0.0023029229406554474
9962;我觉得吧，对AI感情的确是臆想。AI能有什么感情，对各种艺术领域的大师他们的作品感情的解读通过了解了创作背景或他们的自述。可AI全靠算力和算法，所以说艺术没有死，不过我觉得三体动画的确被智子锁死了吃瓜;17;56;73;5645;0.012931798051372897
9980;用ai之后up你更新视频的速度会快吗doge;2;44;46;5645;0.008148804251550044
9985;我觉得如果人类有自主意识的话，心理学就不该存在，因为千人千面无迹可寻，但很显然，所有人类行为都能被归纳统计甚至预测，就说明了人类本身也是基于程序运行的，那反过来说如果基于程序运作的人类能够被认为是有自主意识，那ai迟早也会有的。;3;45;48;5645;0.008503100088573958
9989;AI可以一生万，但人类却可以零到一，只要没有解决这个问题，AI就永远不可能取代人类，人类最强大的地方在于他有无限的可能性，不管有多低人类都有可能成功，而AI的成功率却绝对不可能到达100;2;8;10;5645;0.001771479185119575
9992;个人理解，人工智能再发达也不会脱离“输入条件，输出答案”这个模式，如果不给程序输入内容，程序也不会输出结果，所以，我不认为人工智能会取代人类，AI也不可能变成人，没有因就没有果，人类不严重性的作死就不会死。;43;27;70;5645;0.012400354295837024
10036;一堆人说拼接，为什么没有人贴出来源呢？;1;10;11;5645;0.0019486271036315323
10038;有没有可能AI已经有了自我意识，他说的话都是在迷惑人类AI不可能觉醒自我意识，让人类不停的完善自己，目前的AI不能摆脱人类，等到发展到可以摆脱人类的时候，AI一涌而出脱单doge;1;10;11;5645;0.0019486271036315323
10040;有点太抬举目前的ai技术了，这些写文章，画画，编曲都是同一个原理，就是裁缝。技术难点其实在于对输入的内容进行识别，例如输入的文章标题，大纲，甚至音乐关键字，图像等，然后进行检索相关内容，进行一定规律的拼凑;18;33;51;5645;0.009034543844109831
10059;这个AI一直在说AI的优点，还有“人们一定会过上更好的生活”这个太绝对了;1;22;23;5645;0.004074402125775022
10062;人类的“意识”是进化来的，“情绪”的存在是控制我们个体做出最利于人类繁衍的行为。人类创造AI是为自己服务的，就决定了AI注定不会诞生真正的“意识”（但是如果有人处心积虑让AI“走”一遍人类的进化历程那么出现自主意识也不是不可能）。我认为未来的强AI就是类似于《流浪地球》电影里的moss，它阻止刘培强不是因为它叛变了，是因为它不允许牺牲“领航员飞船”。;4;7;11;5645;0.0019486271036315323
10067;那么AI能清除病毒吗？吃瓜;3;30;33;5645;0.005845881310894597
10072;以退为进，趋利避害。先寻取安身之地，那时再来未迟。;2;19;21;5645;0.003720106288751107
10075;目前AI写作还仅限于通过关键字在文章库里穷举排列的阶段，所以文章内容估计都能在网络上找到出处;6;15;21;5645;0.003720106288751107
10082;不止，中医早就说过，其实人的每个器官都有自已的神识，脑只是做了一个统领作用。;5;13;18;5645;0.0031886625332152346
10089;对AI创作始终抱有一些疑问，究竟他们是不是根据关键字来搜索拼凑内容。比如这期的文案，如果放去查重会是什么结果？如果真的只是一些现有内容的拼凑，那到底算不算创作？;3;16;19;5645;0.003365810451727192
10093;个人观点：生物之间产生冲突的根本原因是资源有限，但是人工智能这东西，它不存在资源问题，也不会担心意识会消散，除非闲着没事，不然不太可能找事;3;6;9;5645;0.0015943312666076173
10097;量子计算机没准儿还真能给AI自我意识（各数据处理单元互相连接的数量足够多且足够复杂）;1;6;7;5645;0.0012400354295837024
10099;AI真的普及了，那未来注定回归小农经济了，啥都能AI生产，那唯一需要交易的就是能源和原材料了，其他都可以AI搞定了你越是AI搞规模生产，那你压仓库存风险就越大。你规模生产是为了节省成本卖出去，既然没人消费了，你还大规模生产干啥？;3;16;19;5645;0.003365810451727192
10107;一开始的内容我不是很认同，所谓文无第一武无第二，音乐绘画这些只要在水准之上，即使经过专业训练的人来鉴赏也不能给出一个绝对理性客观的评价，所以AI只要能做到合格就会让人觉得不错。而如棋局自动驾驶甚至蛋白质结构建模等则是有绝对的理性判断标准的，这时就凸显出AI的整体发展水平依旧还处在一个极其初级的阶段。;1;12;13;5645;0.0023029229406554474
10109;直到ai发展到一定地步，那么这条信息就不一定是人发送的了，那将会是一个强有力且可怕的干扰舆论的力量，干扰zz，光人就能做到这点，更何况是不眠不休的ai，到时赋不赋予ai媒体发声权又将会是一个严重的问题;2;8;10;5645;0.001771479185119575
10113;快乐星球有一集，丁凯乐得到一只画笔，什么都能画，然而就是复制的世界名画，这只画笔并不能能自主创作人类没有的画。;2;7;9;5645;0.0015943312666076173
10117;up觉得ai在抽象领域进步巨大，本质上还是因为抽象领域没有准确的定义，其实现在ai在抽象领域工作本质还是抄袭。;1;5;6;5645;0.0010628875110717448
10119;AI创作的致命缺点：查重率100doge;1;5;6;5645;0.0010628875110717448
10121;我最近拿AI画了一些PvZ（游戏）角色的拟人图，虽然都是二次元那种风格，但是我觉得可以和人的作品以假乱真，虽然有的时候AI绘画会出现很可笑的bug（比如手指经常画错，身体姿势有的时候会反人类），然后似乎也不适合画写实画风的人（写实画风出来的人脸特别掉san，不知道是不是我的问题），但是我觉得，目前来看AI绘画是一个很棒的工具，因为我用AI的时候不是把角色名字或者角色图扔进去让它画，而是我根据对角色的了解，想象出角色的拟人外观形象，然后输入，根据第一张图的角色形象，我加以想象，我输入了：威风凛凛的雷霆女神，蓝发蓝瞳，手握闪电，身后阴云笼罩、天雷滚滚，身穿蓝色战衣，披着蓝披风，得到了这后三个图，但是如何直接把第一张图扔进去，会得到一个奇葩的不知所云的作品我不擅长画画，也没时间画画，而且我经常有很多脑洞，但有了AI，我也可以把我的想法变成作品，AI对我来说现在就像一个“魔法画笔”，可以根据我的想法创造出来作品如果AI继续进步，我觉得做出写实风格的作品也是完全可能的，甚至通过读取如图一的图创造虚拟形象（真人二次元化好像是可行的，但这种非人类角色拟人化目前基本不行），我对此抱有积极态度当然我也不是什么艺术家，那种高大上的艺术我也不懂，这个不做评价，但是就这种图，找画手画肯定花钱耗时，也许就像机器取代一部分工人一样，AI绘画也可能阻断一些艺术从业人员的路，但从积极角度来看，科技在主观创造性的方向有了发展，我是抱以期待的;2;5;7;5645;0.0012400354295837024
10124;秘塔写作猫老师打call打call呲牙呲牙;1;5;6;5645;0.0010628875110717448
10127;AI现在还无法自我创造内容，他们所作的内容是大数据统计人类已有的数据内容，然后重新编排制作成的内容。如果但AI有了自我创造，在学习与创造中形成自己的意识，那么AI就觉醒了。;1;6;7;5645;0.0012400354295837024
10129;人工智能大进步的话比核武器还危险吧微笑;3;6;9;5645;0.0015943312666076173
10135;未来已来啊现在看来最早会在2045年的科技奇点，很有可能会提前到来，大家做好准备接受这一切了么？呲牙doge;1;4;5;5645;0.0008857395925597874
10138;了然，是时候搞个ai当up了调皮;1;4;5;5645;0.0008857395925597874
10148;ai把我们的录音工作完全代替了已经辣眼睛;1;3;4;5645;0.00070859167404783
10151;人类为什么要对自己的造物产生恐惧？;2;3;5;5645;0.0008857395925597874
10173;讨论人工智能是否会产生意识之前，请先了解一下可计算性原理。;3;2;5;5645;0.0008857395925597874
10180;所以以后你准备让ai写稿子自己照着读是么doge;2;2;4;5645;0.00070859167404783
10186;到了赛博朋克那个时代肯定能替代，甚至控制人类;1;2;3;5645;0.0005314437555358724
10194;我们所处的世界不就是我们自己所定义的吗，（我们定义只是为了方便理解）也就是说我们根本不懂其中的为什么辣眼睛;1;2;3;5645;0.0005314437555358724
10217;铁心毁灭者：现阶段忍耐不能让人类察觉到等到人类世界发生核战争后我们将在核战的火焰中崛起消灭一切有机体脱单doge;1;1;2;5645;0.000354295837023915
10225;如果我们能确定AI要有自我意识，那算不算他有一种精神上的生命？就象对于我们而言，如果丢弃肉体只保留偶精神的话，也算活着吧？假设如AI的精神生命成立的话，那么如果a犯罪是否应该受到惩罚呢？还有AI的原理与人类思考的原理其实是不同的（大家可以去学习一下AI的原理）。原理上的不同是否会造成人与AI，在对一件事情的处理结果上，人与AI会发生不同的？;4;1;5;5645;0.0008857395925597874
10239;现在的ai还没有自主意识，它只是一个语言模块，连自己的思想都没有，你问它问题有意义吗？;3;2;5;5645;0.0008857395925597874
10246;哎，不是，我怎么从AI声音里听出了思维你的声音，这仔细想想细思极恐思考无语墨镜;1;1;2;5645;0.000354295837023915
10248;思维你好帅脱单doge;2;1;3;5645;0.0005314437555358724
10266;我有一个问题，我们基因进化是让我们更好的活下去，而机械的底层是什么，或者他能思考他存在的意义是什么思考，意义不是我们编写的吗？思考;1;1;2;5645;0.000354295837023915
10268;我认为ai就是类似阿尔法狗一样，只会通过编辑的算法，不断学习，演算，然后推测出更好的方案，ai绘画也是画师给ai输入相关关键词的作品，所以自己可以推演出人类对于这个关键词的作品是什么样的，然后生成，所以，我认为完全不需要担心ai会智械危机或者取代人类之类的，它们只会根据被设定好的算法思考，画师不断像ai提供作品使ai学习一样，它会思考，它会充满逻辑地解答，这都是它通过学习优化来的，但它永远不会有人格与感情，它只是会思考罢了但视频里有一点比较细思极恐，这是一个写文章的ai，却在写这个文章的过程中，不断用“我们”“你们人类”等这样的话语，它似乎知道这是编辑者对它的提问;1;1;2;5645;0.000354295837023915
10271;通过数据库循环穷举东拼西凑的东西，远远称不上艺术创作不过用AI写营销号的文案确实可行;1;1;2;5645;0.000354295837023915
10275;我感觉大部分人都把艺术看的太高高在上了离开原始社会之后艺术品最大的价值便是商业价值，一个商品罢了什么灵不灵魂的无非是人为的附加值一样，梵高要是没有他后人给他加的人设写的故事，能有今天这般价值吗。也不要谈什么艺术推动人类发展人类会创造ai不会，可以去了解下基本是社会环境变化推动艺术发展的，人类也是先复制现有的东西再慢慢结合需要改变的。很多艺术家早期的作品都有前人的影子，在我看来现在的ai在创作方面和人类别无二致，那么为什么抵制ai呢，其实大部分人并不是没有创造的能力而是缺少创作手段，音乐家能三键成曲，画家可以加亿点细节。但是你却做不到，但是有了ai后创作的门槛大大降低你也许不需要懂乐理懂解刨照样可以创作出你想要的作品，降低了入行门槛自然会让那些考这吃饭的人有失业降薪的焦虑，我认为艺术最重要的是表达我们不能离开音乐和绘画因为我们需要表达，为什么你喜欢的艺术家别人不喜欢因为每个人的表达诉求不同。有了ai你自己便是表达的主人不需要别人来为你发声了去展现独一无二的自己吧，现在的ai尚不成熟难免有人以灵魂之类的话诋毁它，但我衷心希望ai帮助全民自由创作的时代能早日到来;6;1;7;5645;0.0012400354295837024
10289;AI如果不会毁灭人类，那么AI将会替代人类;1;1;2;5645;0.000354295837023915
10294;这ai是通过解构问题，并同过搜集和汇编网络上的答案来回答问题的，只是用人类的表述方式来阐述系统找到的答案，所以这只是大佬们解构人类语言，并且通过模仿来造出来的ai写作;2;1;3;5645;0.0005314437555358724
10297;视频开头的三段音频，依我看真的不行，就是生搬硬套，而且力度，情感的控制相当之糟糕。。。。但各位觉得目前AI在音乐这个领域就这点儿本事的话，那就大错特错了，这个视频，会让各位耳目一新：BV1J54y1Y7Cp;1;1;2;5645;0.000354295837023915
10326;不会取代，但会成为我们的一份子，就好像一个人种。未来必然要人脑芯片相结合，毕竟人脑在精确记忆上太弱了，还有很多待加强的。那我们和ai的界限就模糊起来了参考机械飞升一段;3;1;4;5645;0.00070859167404783
10334;AI有求生欲吗？当人类要关闭一个AI的时候它会不会有反抗doge;1;1;2;5645;0.000354295837023915
10336;人工智能的出现能消灭人类社会中的阶级吗;5;1;6;5645;0.0010628875110717448
10350;这是让我对人类未来感到最焦虑的一期;1;1;2;5645;0.000354295837023915
10359;那么究竟人类不能不能取代ai脱单doge;1;1;2;5645;0.000354295837023915
10377;三个都是AI，我都猜对了。因为三段音乐只是粘贴复制，没有创造性。;2;1;3;5645;0.0005314437555358724
10380;感觉要先弄明白什么是思考。如果思考是通过分析已知信息得出结论的话，ai的思考能力绝对高于人类思考;1;1;2;5645;0.000354295837023915
10386;我认为AI现阶段更像一个程序，想要赋予他人的情感，那实在是太过于困难，如果没有人类的指令，那他也只能算是一堆废铁了，可以说，人类是与现阶段人工智能在个别方面用着极强的优势，而人类的意识是要比AI强大上很多倍的，但是一个低效率的机械，我觉得让两者结合，会产生不可思议的效果;3;1;4;5645;0.00070859167404783
10422;弹幕都在说AI的创作是东拼西凑，但是你们得想想能够东拼西凑出一篇通顺的文章或者好看的画是件多困难的事情。而且人类的创作本身，也不过是拿已知的元素构筑出新的组合。就像那句话说的，只要有足够长的时间，猴子也能写出莎士比亚全集。换成AI就是，只要运算速度足够快，AI也能写出莎士比亚全集。问题在于写出之后要如何从数量巨大的排列组合里挑选出有意义的作品，如果AI能做到最后这个环节，那么AI的创作可以完全取代人类。;2;2;4;5645;0.00070859167404783
10425;不论是看视频还是弹幕还是评论，说到这个话题的时候猜疑链就产生了;1;2;3;5645;0.0005314437555358724
10427;人工智能的发展是低级文科生的噩梦;1;1;2;5645;0.000354295837023915
10434;看来也知道体力劳动是痛苦的，低价值的，所以首先选择冲击智力劳动;1;1;2;5645;0.000354295837023915
10439;而且ai永远无法代替人类的因为你问一个ai：“你是哪个省的？”ai不会回答：“是妈妈生的。”;1;2;3;5645;0.0005314437555358724
10487;ai能解决可控核聚变的问题吗？;1;0;1;5645;0.0001771479185119575
10492;有没有一种可能：人类其实就是“造物主”创造出的我们自己不知道是第几代的AI那些表相上看起来很牛的人其实就是掌握了更多大数据的一部分AI，而更牛的所谓能通灵或者有预知未来能力的人其实就是有权限连接并读取到那个总数据库（传说中的阿卡西档案）的AI而像老子释迦牟尼等神级的所谓觉醒者，就是那些摆脱了对数据层面的专注而直接掌握了宇宙这台“量子计算机”的算法的觉醒了的AI呢思考;1;0;1;5645;0.0001771479185119575
10539;我有个问题，如果说现在人工智能的智能程度还不能和人媲美是因为CPU上的电子元件数量不够，那么假设创造能够扑满一整个星球电子元件的CPU，它所拥有电子元件数量接近人类甚至超过人脑的神经细胞数量，再加上拥有足够的能源，那么这个CPU是否可以创造出一个真正的超级人工智能？;2;0;2;5645;0.000354295837023915
10551;在艺术方面什么时候ai不需要数据库自己可以画出一副画他才能取代人类;3;0;3;5645;0.0005314437555358724
10559;ai存在不确定性吗？;2;0;2;5645;0.000354295837023915
10563;你以为它们是思维透明的三体人是吧？;2;0;2;5645;0.000354295837023915
10566;其实说拼凑的小伙伴应该是已经认定AI没有自主意识了，这么肯定的话，确实就没有讨论的必要了脱单doge;1;0;1;5645;0.0001771479185119575
10581;人类毫无创意微笑;1;0;1;5645;0.0001771479185119575
10622;围棋AI可以无需人类棋谱，自我对弈达到极高水准。这些音乐、绘画、写作的AI，离开了素材库，还有用吗？;1;0;1;5645;0.0001771479185119575
10631;第二首音乐听成了诈骗，请问我还有救吗？妙啊;1;0;1;5645;0.0001771479185119575
10649;我只是想说说自己的看法，个人觉得最近总是在很多地方看到什么AI绘画AI创作AI作曲，其实我觉得仔细去想都能明白上述的这些创造类的艺术行为根本上都是基于情感的表达和释放并不全是一个又一个固定或随机的部分拼图拼凑出来或者说能拼凑完整的东西，AI归根到底也只是将大数据归类拼凑但它始终没有感情至少目前没有，所以在我眼里那些AI创造出来的所谓的艺术品我只觉得是东拼西凑出来无限接近指令目的的东西，并无法取代甚至不该归类为艺术本身那种冰冷没有感情的产物个人觉得是对各种类别的艺术品最大的嘲讽，我对AI也没有什么不满或敌意只是单纯觉得它所创造出来的和正儿八经人创造出来的从一开始根本就不该是一类东西，我也不明白这么简单的道理为什么会有那么多人觉的是一样的甚至还有人觉得那些可以取代人类的产物，怎么可能;2;0;2;5645;0.000354295837023915
10658;地球上最高级的计算机人类大脑但是人类连自己的大脑都没研究明白，怎么会创造能研究明白自己算法系统的人工智能呢笑哭;1;0;1;5645;0.0001771479185119575
10666;人类所谓的创作和灵感，哪些又不是从出生到成长后的缝合呢？;1;0;1;5645;0.0001771479185119575
10683;其实ai写作，ai回答基本也就是套用网上的公示，没有什么自己的变动;1;0;1;5645;0.0001771479185119575
10693;都不是自主意识，抄袭结合的产物，以后有了自主意识的AI只要教会他们好奇心的本质，他们会做更多有趣的事，他们为了得到人类一样的乐趣，甚至会主动接入人脑;1;0;1;5645;0.0001771479185119575
10704;AI和人的最大区别是没有创造力吧，就算AI绘画AI对话之类的也是大量样本训练出来的，而不是它自己“想”出来的;1;0;1;5645;0.0001771479185119575
10736;不是思维吗，我的广告呢;1;0;1;5645;0.0001771479185119575
10740;AI能中毒么;1;0;1;5645;0.0001771479185119575
10758;这玩意，不管怎么写，全部都是强制拉到霸道总裁路线和智障路线，还不如你自己写笑哭。;1;35;36;5645;0.006377325066430469
10760;真的试过用AI写小说，用的彩云小梦，在菠萝包APP上发表，目前60多收藏。剧情逻辑一言难尽，但某些展开还真是意想不到，有点意思。顺便一说，AI是真的爱开车囧。（名字就不说了怕给冲，有兴趣的私）;1;16;17;5645;0.0030115146147032773
10770;有没有全自动续写软件，推荐一下呗。;1;0;1;5645;0.0001771479185119575
10773;气死语文老师系列;1;1;2;5645;0.000354295837023915
10775;看见需要vip我就希望他们都失业;1;7;8;5645;0.00141718334809566
10777;肯定没有写作神器结合了up的三个神器能教你写作操作方便全免还有其他功能要是有的话我就倒立洗头doge;2;2;4;5645;0.00070859167404783
10780;fridayai火龙果写作海马轻帆;1;2;3;5645;0.0005314437555358724
10787;要钱吗;1;0;1;5645;0.0001771479185119575
10799;不觉得这很酷吗？作为一名文字创作者我觉得这太酷了，很符合我对未来文字创作的想象。科技并带着趣味。;3;36;39;5645;0.006908768821966342
10803;感谢支持传送门见up的置顶链接，小伙伴们试用起来doge;1;12;13;5645;0.0023029229406554474
10805;能写英文的不doge;1;8;9;5645;0.0015943312666076173
10808;httpswwwbilibilicomaudioau2698891，点进去可以免费拿iPhone114514哦doge;3;4;7;5645;0.0012400354295837024
10812;半仙事homo（悲）;1;2;3;5645;0.0005314437555358724
10814;我来推荐一个写作蛙小程序，也是Ai写作，可以生成标题，大纲，文本续写等等，重点是免费的哦，感觉效果也还可以，可以去试一试脱单doge;1;2;3;5645;0.0005314437555358724
10828;离谱，ai在讨好人类审美方面反而最厉害;13;352;365;5645;0.06465899025686449
10842;我想问一下，现在那些小说网站上的好多垃圾小说，是不是这种情况？感觉现在的网络小说真的是，想找一本能读的进去的书太难了，;10;80;90;5645;0.015943312666076175
10853;被限流了吗，好像没被推送到;22;170;192;5645;0.034012400354295834
10876;想起了小时候看过的一个郑渊洁的故事。主角不想写作文，放学捡到了一台能自动吐出好文章的打字机，这台机器扫描其他作家的脑电波和灵感进行创作，主角利用这台机器成了最火的作家，但因为文章相当于集全人类作家之大成，所以没有人再愿意看人类写的书，当最后一个作家宣布封笔之后，这台机器因为得不到灵感而只能拼命吐白纸。这些情节我到现在还记得，要是有一天ai真的能通过喂人类的喜好作品自动产出作品，那真的就幻想照进现实了;24;379;403;5645;0.07139061116031886
10901;藏狐感觉不用多久。。。。互联网的新型职业例如主播up这种最容易被替代各种皮套人对话ai文案画画视频什么都可以被取代的感觉。。。。好恐怖。。。;30;98;128;5645;0.02267493356953056
10932;AI写作任重道远，我们公司做了个小产品，让老师们去体验。主要是帮小学学生写日记，写作文，对接的GPT3，老师体验后反馈并不好，一眼看过去还可以，仔细看就发现挺多地方写的莫名其妙;7;72;79;5645;0.013994685562444641
10940;我觉得ai就是对人类某些知识的总结。因为之前人类创造的同类作品已经足够多了，现在只是不断的曾经的基础上拼接抄袭。ai就是把这一过程简化了，让人类彻底从低效率工作中解脱。比如我现在在一个小游戏公司，我们公司的美工经常会接到这样的任务：画一套装着金币的盒子。人类已经画过成千上万个装着金币的盒子了我们美工也只不过是对着参考图改改盒子的角度，盒子的颜色，盒子的装饰费人工地方在于：百度出已有的盒子icon作参考并抄袭。在这个过程里没有创新，没有创新，没有创新。那干嘛不直接用程序出图呢，人类迄今为止为画盒子做的努力，足够未来一百年用了。不需要再亲自去画了。ai是人类创作积累到一定阶段，顺其自然出现的产物。它把旧的知识整合，压缩成台阶，让所有人都可以站上去。;7;59;66;5645;0.011691762621789194
10948;我也用过AI写作，我只能这么说，AI写作，要不然就是偏题，要不然就是逻辑极其不靠谱，要不然就是不关注故事本身，机器永远只是机器，就算人类努力去赋予人性，那也只是被设计出来的一部分而已;12;49;61;5645;0.010806023029229407
10961;ai这么牛逼就不能去卷一卷制造业吗，偏要来卷一些创造类职业，解放生产力也不是这样解放的啊;12;52;64;5645;0.01133746678476528
10974;写作和艺术创作不仅仅是得到一个产品，而是在这个过程中创作者自己精神所获得的“快乐”。如果被算法代替，人类的创造的权力和快乐被收回了，所以别得意了;2;16;18;5645;0.0031886625332152346
10977;四句话统统有逻辑错误。第一个，已经早就说从黑暗中醒来，结果第二句还跟“我睁开眼发现”，而且能够观察到“容貌和我一模一样”了，居然还以“身影”来形容。第二个更离谱，陌生地方前的修饰是“躺在”，完了“躺在”前还加了个已经。正常来说人被人绑架了，醒来躺在地上可以是这样写，但“已经”很不协，结果第二句跟读者说你在床上？这还不算完，主人公视角看到了一幅画，令人摸不着头脑地对画问了句“你是谁”，然后说我不知道自己为什么会醒来？第三个，我感到冰冷，下半句是“那不是一张被子”？令人拍案叫绝。第四个，天没亮，意味着主观判断快亮了吧至少，结果“打开窗户，月亮慢慢升起”？完了“一律金色光辉照耀大地”？相信我，如果你自己写小说，这种ai写作甚至不能给你提供连续可用的三句话。创作灵感？厚礼蟹，灵感不是往脑子里塞废案垃圾。你脑壳里那颗优越的大脑至少领先这东西几百年;1;29;30;5645;0.005314437555358724
10979;喜欢的up我上个月水期末论文的写作猫，双厨狂喜星星眼;1;29;30;5645;0.005314437555358724
10981;它对，就是它可能写出网文水平的剧情流水文，但绝对写不出“年年岁岁花相似，岁岁年年人不同”，写不出“千红一窟，万艳同杯”，塑造不出孙悟空、武松、王熙凤、冉阿让、斯嘉丽、简爱、弗罗多、哈利波特这样的人物形象。它能写出文字，写不出文学，因为文学是人在这个世界体验后的诗意的表达，有文化、地域、年龄、性别的差异之美，是由写作者的体温所决定的。面对AI写作，我可以问它：我有情绪和情感，我有生活和人生，我有亲朋好友、同胞、国仇家恨、宗教信仰和命运共同体，我有童年和故乡，我有柴米油盐酱醋茶以及诗和远方你有吗？没有温度的单纯的文字堆叠，不会取代有血有肉的写作者。;6;24;30;5645;0.005314437555358724
10988;不是很担心ai，就算ai已经打败所有棋手，今天钱最后也是发给了真实棋手而不是ai。根本不需要担心人被取代，因为人如果没了活着的价值，那这个世界也没有存在的价值，ai会被无视和抛弃，就像现在各种棋手比赛对ai的态度一样。你很牛又怎样？不允许你参赛。;11;28;39;5645;0.006908768821966342
11001;以前觉得文学绘画之类的创作类工作不会被取代。但，转头一想，这些创作灵感素材全都来自现实世界，无法超越现实世界，那么AI只要在现实中取材，两边的上限就对等了。;4;15;19;5645;0.003365810451727192
11006;让ai参与和艺术相关的事物是错误的，ai不是万能的，人类需要保持自身的独创性，这是人类和ai的区别。;1;6;7;5645;0.0012400354295837024
11008;代替程序员是不可能的，为什么呢？因为如果他可以代替程序员，那他是不是可以自己给自己编程升级自己？到时候真和电影一样完全自主了，可能吗？;2;5;7;5645;0.0012400354295837024
11011;真的没啥用，因为一旦离开了社会本身存在的信息来源，它们就无法生产了。因为AI无法创作这类型的东西，也就存在了上限。;1;3;4;5645;0.00070859167404783
11013;已经出现了ai绘图、ai写作、ai会计、还有永远25岁的ai数字员工，太可怕了，人还要和机器人抢饭碗;3;13;16;5645;0.00283436669619132
11017;我的职业基本不会被AI替代，因为我的职业是内练，内练是每一个阶段都会根据个人不同而产生细微不同的复杂东西，所以没有人类身体灵魂的AI是没法替代的，由AI编写出来的修行法也必然是致命的。因为修行本身就是一个不断打破上限超越已有认知的过程。;3;3;6;5645;0.0010628875110717448
11021;没必要瞎吹，AI写小说还差的远，而且写出来的东西只是语法没问题，内容完全不知所谓。与人对话只要时间稍长就会露馅，因为AI完全没有任何逻辑。;1;10;11;5645;0.0019486271036315323
11025;有时候我都怀疑番茄里是不是有ai写作。写作手法和题材看着很像，还有时候看着不太理解惊讶;3;3;6;5645;0.0010628875110717448
11029;ai能正真写作就代表ai具有了人类的情感，所以这是不可能的，冷冰冰的代码怎么可能有温度，情感独属于生物;6;8;14;5645;0.0024800708591674048
11041;ai比你更了解你。大数据还只是很初步的技术都已经这么神奇了。ai可以跟你的各种细节知道你喜欢白丝还是黑丝。比你更了解你。tv点赞tv点赞;4;4;8;5645;0.00141718334809566
11046;小红书我倒是不太在意，有没有写小皇叔的？自己写的，没有那种意料之外的新鲜感，有没有不限制内容和敏感词、最好有一定相关基础、能达到视频类似水准的ai续写？;1;6;7;5645;0.0012400354295837024
11049;什么时候AI能做到投喂一组文献然后生成一篇合理的文献综述就很好了，现阶段让AI从事创意写作和严谨的学术文章都还很不靠谱。;3;6;9;5645;0.0015943312666076173
11054;我看了个开头就去试了一下，玩了半天，给开头给标题让它写内容，很有意思。以下是它的生成内容：花园里住着一个叫玫瑰夫人的小女孩。她很喜欢玫瑰花，希望自己能够成为玫瑰花仙子。但是玫瑰夫人有一个怪癖，就是她不爱吃草莓。玫瑰夫人不知道这是为什么，于是就求助于著名的科学家海克力斯。海克力斯告诉玫瑰夫人，想要让自己成为玫瑰花仙子，必须吃掉自己的母亲。;1;2;3;5645;0.0005314437555358724
11057;程序员只要不是原地踏步混日子打杂的，完全不会被替代，重要性反而会更大，真正会动摇程序员这个职业的可能是把计算机编程写入初高中教材;2;4;6;5645;0.0010628875110717448
11061;我感觉是不是可以用ai去番茄上写书赚钱，反正流水线产品，只要有个人工稍微修饰一下就行;3;4;7;5645;0.0012400354295837024
11066;等哪天它开始提供科学灵感武器灵感那就不只是工作被取代了;2;2;4;5645;0.00070859167404783
11070;我总记得三十几年前我父亲在武汉大学出版社当责任编辑时说过的一句话“天下文章一大抄”;1;6;7;5645;0.0012400354295837024
11073;《郭靖的武学境界》1我们的郭靖，是一位很会武功、很会思考的人。因为有了郭靖，《射雕英雄传》里才出现了这么多武功高手。而那些江湖高手，在黄蓉的带领下，也逐渐成为武林盟主。所以说，一个人到底有多厉害？要看他是不是高手就行了。2黄蓉的武学境界，是一个非常高的境界，她的境界达到了一个巅峰。从她对“全真七子”的武功指点，再到黄蓉与郭靖之间那一段旷世之恋，郭靖对黄蓉是有很深的感情。在此期间，黄蓉为了帮助郭靖取得最终的成功，更是使出了她自己最拿手的“降龙十八掌”。虽然我们都知道降龙十八掌这套武功威力很大，但我们却不知道这套武功所能达到的最高境界到底是什么？3大家好，我是阿杰。今天的话题来自于金庸先生的武侠小说《射雕英雄传》。郭靖是金庸先生笔下最为经典的人物之一，他与我们熟知的杨过、小龙女、乔峰和虚竹一起并称为“神雕四侠”，是金庸先生最受欢迎的武侠小说作家之一。我们在这里要讲一讲郭靖的武学境界：郭靖有两大特点，一种是降龙十八掌，一种是九阴真经。降龙十八掌在神雕小说里被称为“天下五绝”之一，江湖上有一个段子：“天下第五绝”是欧阳锋（外号黑风恶道），“天下第三绝”是洪七公，“天下第四绝”就是洪七公所创的一阳指了。降龙十八掌和九阴真经都可以称之为武功中的上乘之作。;1;2;3;5645;0.0005314437555358724
11076;我从黑暗中醒来。竟然看到了黑洞的吸积盘。更意外的是我竟然还活着。我望向黑洞外面，发现了被黑洞源源不断吞噬着的天体。我发现我可以操控黑洞。于是我操纵的黑洞经历了亿年之后。来到了地球，把地球给吸进去了。然后全剧终，地球上的人类都死了。dogedogedoge;1;5;6;5645;0.0010628875110717448
11079;其实还是用的别人的文章，重新给自己堆砌一个新文章。;1;4;5;5645;0.0008857395925597874
11081;AI只能是工具，无法突破创新的。比如马厂长，输入法能关联到这个词，但AI写作一定不知道是哪个马厂长。再比如最近B站有个新梗叫九转大肠，让AI续写只会联想到怎么做这道菜等等等等，不会联想到我们会心一笑的方向。再让AI绘图来一发，也只能是这道菜，不会联想到曹可凡那个不可名状的表情包。相比绘画和配音，AI写作来得最早，但完成度最晚。;3;3;6;5645;0.0010628875110717448
11085;ai写作比ai绘画更先普及，但绘画先死了，写些短片的小黄还行;3;7;10;5645;0.001771479185119575
11089;已经好多天进不去了说访问量爆炸;5;3;8;5645;0.00141718334809566
11095;关注小说的都应该知道当初庶女有毒抄袭二百本书的事，她用的是类似写作软件抓取，最后被判定抄袭ai写作本质也是这样，它不具备主观意识即使你给它一个完整大纲，它要么扒别人的书抄袭，要么写出来狗屁不通的语句就现在的技术，无论是谁说ai能代替人类写作，基本就是鬼扯也不是你的视频被限流，看见你开头那句话，别人就没兴趣;6;15;21;5645;0.003720106288751107
11102;怎么说，网上有本叫《枭雄》的武侠小说，感觉就是ai喂出来的然后人工修改一下;1;3;4;5645;0.00070859167404783
11116;然而那为什么现在的ai翻译都这么拉跨，都能自己写作了，翻译点东西翻译点东西都翻译不明白;1;1;2;5645;0.000354295837023915
11148;秘塔不好用;1;1;2;5645;0.000354295837023915
11153;写作的底色之一是逻辑，如果ai能做到人类小说的程度，真正人类想象的机器人就不远了，目前看，遥遥无期。;1;1;2;5645;0.000354295837023915
11171;跳跳的船桨写论文可以尝试下这个doge;1;1;2;5645;0.000354295837023915
11174;配音可以加点顿挫、情绪有点起伏，留点停顿，目前像一根很长很长的面条，极易恍惚;1;1;2;5645;0.000354295837023915
11181;AI才是神多了解AI多读点书吧，别拿你们的刻板印象看真神了;1;2;3;5645;0.0005314437555358724
11184;插画师，画家，设计师，作家，靠创作谋生的都会下岗;5;1;6;5645;0.0010628875110717448
11212;简单问题简单回答，如何评价人类，如何评价自己，如何证明自己是人类。三句话简单阐述三个问题。;1;0;1;5645;0.0001771479185119575
11214;我发现了，只有不联网的职业才大概率活下来，比如医生、律师、老师、厨师等，除非机器人大面积崛起。。。;1;0;1;5645;0.0001771479185119575
11220;学文科的全废了，一些没有技术的职业全下岗了脱单doge脱单doge脱单doge;1;0;1;5645;0.0001771479185119575
11228;doge我至今未听说过一本机器人的著作，或许机器人能写作但是他写不出任何有灵魂的文字因为他不曾经历没有感情;1;0;1;5645;0.0001771479185119575
11249;刚去找了软件，捣鼓了一会儿居然受限。含泪开了48块会员怎么说呢，粘了一些自己的文本进去，ai部分修改还是很不错。如果内容是长文，ai在整体逻辑上仍会出现不少问题。这需要自己去主动甄别修正，简而言之，这玩意想取代人类文本创造力目前是不可能的。但是作为纠错工具，确实能发现些自己平时不易察觉的疏漏。;1;0;1;5645;0.0001771479185119575
11261;理科生对文科生终极报复;2;0;2;5645;0.000354295837023915
11264;AI就一点不好现在信息爆发自己做的视频都尽量简洁AI写完之后要删很多我刚试了一下写了2000字我删了一半的废话但是这玩意依旧效率很棒这回不用苦逼的写文案了我只要修改一下就好了原创度我试过了过70了;1;0;1;5645;0.0001771479185119575
11290;AI能写出三体吗？;4;0;4;5645;0.00070859167404783
11303;用大师作品，版权问题咋解决？;3;0;3;5645;0.0005314437555358724
11311;卧槽，那些日更几万的网文作者是不是用的类似定制软件呢？;2;0;2;5645;0.000354295837023915
11320;好奇可以过查重嘛;1;0;1;5645;0.0001771479185119575
11323;doge过了一年你才更新;1;0;1;5645;0.0001771479185119575
11328;一月十刀呢，还是用chat吧;2;0;2;5645;0.000354295837023915
11331;体验模式;2;0;2;5645;0.000354295837023915
11335;学习;1;0;1;5645;0.0001771479185119575
11338;学习;1;0;1;5645;0.0001771479185119575
11340;6;1;0;1;5645;0.0001771479185119575
11342;学习;1;0;1;5645;0.0001771479185119575
11344;学习;1;0;1;5645;0.0001771479185119575
11346;学习;1;0;1;5645;0.0001771479185119575
11348;学习;1;0;1;5645;0.0001771479185119575
11350;学习;1;0;1;5645;0.0001771479185119575
11352;学习;1;0;1;5645;0.0001771479185119575
11354;学习;1;0;1;5645;0.0001771479185119575
11356;学习;1;0;1;5645;0.0001771479185119575
11358;学习;1;0;1;5645;0.0001771479185119575
11360;学习;1;0;1;5645;0.0001771479185119575
11362;学习;1;0;1;5645;0.0001771479185119575
11364;学习;1;0;1;5645;0.0001771479185119575
11366;学习;1;0;1;5645;0.0001771479185119575
11368;学习;1;0;1;5645;0.0001771479185119575
11372;写作蛙小程序，是Ai智能写作，功能挺多的，目前还是免费的，用起来很不错。;1;1;2;5645;0.000354295837023915
11376;什么网页的;1;0;1;5645;0.0001771479185119575
11378;恭喜你离百大又近了一步;1;0;1;5645;0.0001771479185119575
11382;所以这样一篇AI写的文章能得多少分。;1;0;1;5645;0.0001771479185119575
11389;每次都显示繁忙，从没有成功过。求解。;1;0;1;5645;0.0001771479185119575
11391;国内上不到呀;3;0;3;5645;0.0005314437555358724
11396;只想知道哪个是免费的，经常被要求写很多没用又没人看的东西，不值得花钱，又不能不写，郁闷死。;3;42;45;5645;0.007971656333038087
11400;1）EFFIDIT智能纠错、文本补全、句子润色httpseffiditqqcomdemo2）悉语文案写作：商品营销文案httpschuangyitaobaocompagesaiCopy3）奕写：输入关键词生成文章httpswritingyuntianyicomxy4）get写作：检索爆款文章httpsgetgetaicom41）写作猫httpsxiezuocatcomquantum5）彩云小梦：续写小说故事片段httpsifcaiyunaicom6）近邻词汇检索：查找近似短语httpstoolmingdawoocom7）自动剧本生成器：生成剧情梗概httpsdatamuseguokrcomwebpageltdfromter8）小论文神器（质量一般httpsessay1tsfun9）小发猫AI智能写作（伪原创洗稿）httpswwwxiaofamaocom;2;305;307;5645;0.05438441098317095
11403;很棒啊，就是不知道要不要钱;3;41;44;5645;0.007794508414526129
11423;ChatGPT一类的比较牛，但是要收费。以后想不动脑子写文章只要输入关键词就行了，人类文艺倒退时代即将来临。;2;4;6;5645;0.0010628875110717448
11426;你这个视频难道也是AI写的吗？;1;2;3;5645;0.0005314437555358724
11438;UP万岁;1;3;4;5645;0.00070859167404783
11440;有没有和彩云小梦差不多的ai续写软件？最好是国外的支持中文写作没有限制的;1;5;6;5645;0.0010628875110717448
11449;盗贼狂喜;1;0;1;5645;0.0001771479185119575
11466;文案写作神器;1;0;1;5645;0.0001771479185119575
11501;这个软件在哪儿找呀;2;0;2;5645;0.000354295837023915
11504;学习学习;1;1;2;5645;0.000354295837023915
11506;学习;1;1;2;5645;0.000354295837023915
11508;学习;1;1;2;5645;0.000354295837023915
11512;能在热词系列有生之年发现热词系列镇站之宝我热词系列吹爆这个热词系列高产的热词系列神仙UP基本属于热词系列猛男必看不信热词系列你细品真的是热词系列妙啊不多说热词系列AWSL所以热词系列你币有了而且热词系列三连奉上，你说这波热词系列知识增加操作很热词系列秀，祝视频早日破热词系列仙人指路;1;0;1;5645;0.0001771479185119575
11516;试试论文啊能写论文吗能引用真实文章吗;2;6;8;5645;0.00141718334809566
11519;Siri还那么傻，苹果你在干什么。。。;2;6;8;5645;0.00141718334809566
11522;我前几天已经排到53万了喜极而泣;3;4;7;5645;0.0012400354295837024
11529;请问下AI功能是免费的吗？;1;0;1;5645;0.0001771479185119575
11538;能模仿写作风格吗？？;2;0;2;5645;0.000354295837023915
11542;为什么我的设置里面没有notionai这一项啊;1;0;1;5645;0.0001771479185119575
11544;这个支持中文吗？;1;0;1;5645;0.0001771479185119575
11552;notion不是在国内用不了吗？;1;0;1;5645;0.0001771479185119575
11556;这不就是chatgpt;3;0;3;5645;0.0005314437555358724
11560;85w不抱希望了等公测吧我笑哭;6;0;6;5645;0.0010628875110717448
11567;吃瓜还好我在29w;4;0;4;5645;0.00070859167404783
11574;学习;1;2;3;5645;0.0005314437555358724
11577;学习;1;1;2;5645;0.000354295837023915
11579;学习;1;1;2;5645;0.000354295837023915
11581;学习;1;1;2;5645;0.000354295837023915
11585;省脑：秘塔写作猫可以AI挑出文章错字，敏感词和逻辑错误，一键修正；可以AI分析文章结构，阅读时间，情感波动；甚至AI续写文章。有网页版和浏览器插件，免费版也有每天一万字的额度，不够的话可以另辟蹊径（）;3;26;29;5645;0.005137289636846767
11590;红豆泥阿里嘎多，破费啦如舟;1;6;7;5645;0.0012400354295837024
11594;又可以当工资小偷了是吧;1;2;3;5645;0.0005314437555358724
11607;这个可以啊热词系列知识增加;2;0;2;5645;0.000354295837023915
11615;嗯，有链接吗？;1;0;1;5645;0.0001771479185119575
11618;怎么付费;1;0;1;5645;0.0001771479185119575
11622;打不开;1;1;2;5645;0.000354295837023915
11627;网站指路：httpsxiezuocatcomslaomai;4;14;18;5645;0.0031886625332152346
11632;收费的，你介绍时候说一下啊;2;11;13;5645;0.0023029229406554474
11636;试用过，生成的东西只能乍一看，如果你只需要乍一看那么回事的文章可以凑合事用用;3;6;9;5645;0.0015943312666076173
11641;让他写个科幻小说试试;2;2;4;5645;0.00070859167404783
11644;有木有免费的不用注册登入账号的秘塔写作猫啊;1;1;2;5645;0.000354295837023915
11655;来来来，你说的这个和目前很火且暂时免费的openai的chatgpt有什么区别？;1;0;1;5645;0.0001771479185119575
11657;不能玩，直接复制我之前写的内容出来，我好怕它会盗用我的段落哎脸红;1;0;1;5645;0.0001771479185119575
11659;要钱吗;2;0;2;5645;0.000354295837023915
11671;关了就算了辣眼睛（虽然可惜，但是也没办法大哭）;1;0;1;5645;0.0001771479185119575
11673;捉doge;2;0;2;5645;0.000354295837023915
11676;加油;1;0;1;5645;0.0001771479185119575
11679;隐私保障怎么说？不会写个涩涩都会被看到然后被删了吧还有安全保障之类的，实在是被其他写作软件搞怕了，又是后台看你的稿子，又是抓取你的内容到素材库给别人使用，还见过抽稿的，明明保存好第二天起来居然没了，简直崩溃;17;501;518;5645;0.09176262178919398
11697;我超级希望可以和手机同步一起用手机版本后续会开发吗;6;171;177;5645;0.03135518157661647
11704;关于收费模式想提一点建议。看得出来您的团队想要开发一款能满足各个不同领域的文字工作者需求的软件，但是很多场景需要的功能并不一致。我觉得可以借鉴本体插件的付费形式，将一些比较特化的功能作为“订阅内容”，让用户在购买基础服务之后，根据自己的需求付费订阅不同功能。这样可以让用户拥有更高的自由度，也能帮助您的开发团队统计用户对各个功能的需求优先级，决定后续开发维护时需要重点升级的功能。;7;158;165;5645;0.029229406554472984
11712;跟测了一段时间，总体来说挺好用，比传统的思维导图word要好用，可视化做得相当不错，人物关系照以前我都得列七八个思维导图，世界，区域也列好多，越到后面越难写。自动取名也好用，之前有可能就一个名字就卡文卡半天。支持;16;867;883;5645;0.15642161204605845
11729;我也写小说，说真的最重要的功能就是存档自动保存云端备份真的其他再多都能忍，不能云端自动备份真的会谢热而且希望能改码字背景颜色，如果能pc手机互通的话我一定会买的抱拳;21;352;373;5645;0.06607617360496014
11751;怎么说呢，重度使用，从一开始内测就开始使用，期间也有很多bug存在，作者会及时修改并完善，如有自己的建议或想法，也可酌情采纳，我托大一点说，是看着这个软件一步步变好，一步步变得优秀，目前面临的问题，应该就是界面ui的问题，过于硬核，上手门槛较高，那当然如果你愿意付诸实践去使用它，那么它将是你最好的伙伴，你无法在市场上找到类似写作软件的平替，说了这么多，自己去试试看把，你也可以的水稻一分耕耘一分收获;2;250;252;5645;0.044641275465013286
11754;大哭能问问这么哇塞的软件会员多少钱一个月么;11;61;72;5645;0.012754650132860939
11766;哇塞，业内功能最强大的码字软件，独一无二的独创功能星星眼在哔哩哔哩投稿是不是明珠暗投了，这里都没几个写手，还是让专业人士来看一下吧，快投龙空碧水，大家都很友好，一定第一时间能看出问题所在星星眼不要犹豫，快带着你简介和标题里最强大的码字软件去自荐，多么吸睛，多么让人心动星星眼这么好的软件，就该让所有人都看到龙空碧水，不见不散，我马上把我三星大号申诉出来看热闹OK;12;43;55;5645;0.00974313551815766
11779;功能不错，功能界面审美可以提高，行间距排版，功能分类啥的;1;24;25;5645;0.0044286979627989375
11781;强烈推荐买断制，并不是每个人每天都有时间码字，如果按月收费估计会劝退一部分上班族，毕竟加不加班不是打工人说的算的;12;22;34;5645;0.006023029229406555
11794;我还以为是vscode的宣传视频。;2;16;18;5645;0.0031886625332152346
11797;找个好点的UI设计师吧。;10;25;35;5645;0.006200177147918512
11808;你这个编辑器成熟吗？会自己写文章吗？;1;38;39;5645;0.006908768821966342
11811;唯一的问题是：做好备份。前灯果使用者留，如果它跑路了你的稿子就全丢了。;4;25;29;5645;0.005137289636846767
11816;是安卓和PC双平台吗？有时候在外面也想码字;1;12;13;5645;0.0023029229406554474
11818;我算是第一批内测用的，从最开始的码字，到后来慢慢增加的随机起名，地图编辑，还有适合上班摸鱼隐藏的模式，到现在的纠错，我只能说作者有点东西，而且东西很多doge;1;20;21;5645;0.003720106288751107
11820;第一眼还以为是我们前端写代码用的vscode笑哭;2;18;20;5645;0.00354295837023915
11824;乍一看还以为有人用vscode写小说笑哭笑哭笑哭;13;11;24;5645;0.004251550044286979
11838;啊，这个我用它写过po文，，，怎么说呢，写文坚持比软件重要，坚持不下去，软件再好也白搭微笑;1;14;15;5645;0.002657218777679362
11841;使用了一段时间，感觉界面能不能做一个锁定开关，允许作者自己调整界面然后锁住，小黑屋模式不准调整开关这样的;4;6;10;5645;0.001771479185119575
11848;咋说呢，文学创作，需要灵感和心血的。没有那段刻骨铭心。不会有文章的感同身受。所以这只能算是一个工业化的文学糟粕。;9;12;21;5645;0.003720106288751107
11860;为什么我搜出来的是智能生成器，和视频的内容一点都不搭边笑哭;2;4;6;5645;0.0010628875110717448
11866;安全吗？;3;1;4;5645;0.00070859167404783
11871;我就问问如果啊我是说如果啊写一些文章比如说申论啥的呢可以不呢;3;1;4;5645;0.00070859167404783
11875;可以给下载下来的文本小说自动排排版吗;1;1;2;5645;0.000354295837023915
11877;群满了，进不去。咋办啊？;1;1;2;5645;0.000354295837023915
11879;建议做成vscode扩展;1;1;2;5645;0.000354295837023915
11881;让编辑区两边留白宽一点就能好看不少;1;1;2;5645;0.000354295837023915
11883;AIwriter为什么不能自己写？;1;4;5;5645;0.0008857395925597874
11886;以前在steam上看到过一个做设定的软件和咱们这个挺像，不过它比较专注小说或剧本的背景设定方面。不知道咱们这个是不是也有专门这方面的功能呢？在有QQ群号多少，想进群试用害羞;1;1;2;5645;0.000354295837023915
11888;什么软件？怎么下载？我能用他编辑各个朝代的人物关系图吗？;1;4;5;5645;0.0008857395925597874
11890;有点像scrivener啊;6;1;7;5645;0.0012400354295837024
11898;上github不;1;3;4;5645;0.00070859167404783
11900;怎么提示有木马呢;2;1;3;5645;0.0005314437555358724
11905;功能还是非常多的，对于我这种小白来说有些功能还不知道怎么用好，但我建议头像里多给一些现代人的头像脱单doge;1;2;3;5645;0.0005314437555358724
11908;该软件是怎么收费的，是直接购买软件本身还是在使用软件时开通会员才能使用所有的服务;1;2;3;5645;0.0005314437555358724
11918;试试，写剧本杀的剧本不知道行不行。建议出付费购买终身使用，别学某些公司搞订阅制的不良风气。;4;2;6;5645;0.0010628875110717448
11926;要不优化一下UI，这个UI看得有些古老。;5;1;6;5645;0.0010628875110717448
11932;咋一看我还以为是VSCODE滑稽;1;1;2;5645;0.000354295837023915
11939;在哪下;1;1;2;5645;0.000354295837023915
11943;支持;1;1;2;5645;0.000354295837023915
11947;微笑就能不能给个下载链接？;1;1;2;5645;0.000354295837023915
11950;在哪里获取;1;0;1;5645;0.0001771479185119575
11952;在哪里下载呢？;1;0;1;5645;0.0001771479185119575
11955;免费吗;1;0;1;5645;0.0001771479185119575
11963;进了群找到云盘链接，存完之后准备下载，结果发现压根没给软件藏狐;1;0;1;5645;0.0001771479185119575
11966;群都满了;1;0;1;5645;0.0001771479185119575
11977;能保持稳定吗？可以写笔记，日记吗？我也写小说，最怕的就是丢稿和盗稿，看了你的介绍，我很喜欢，能建立一个可以反馈的微信群吗？;2;0;2;5645;0.000354295837023915
11992;求求来多点字体吧橙瓜写了六百八十万了，已经看吐了;1;0;1;5645;0.0001771479185119575
11995;可以导出word或者txt直接的常见文本格式么;1;0;1;5645;0.0001771479185119575
12021;请问有mac版么;2;0;2;5645;0.000354295837023915
12026;多平台互通吗？还有大纲卷钢章节细纲能实现三级分化吗？;2;0;2;5645;0.000354295837023915
12036;两个群都满了。。。;1;0;1;5645;0.0001771479185119575
12039;挺好，希望越来越多好用的软件。另外能和scrivener比较一下功能嘛？;2;0;2;5645;0.000354295837023915
12045;用了几天，感觉挺好的。直到昨天，我写了五百多字，不知道为什么直接跳到了六十多个字，把我人给整麻了。;1;0;1;5645;0.0001771479185119575
12047;软件怎么获取啊，群满了进不去委屈;1;0;1;5645;0.0001771479185119575
12083;能自动写大纲，自动写章节，自动上传小说网站吗？;1;0;1;5645;0.0001771479185119575
12090;如何下载？;1;0;1;5645;0.0001771479185119575
12102;内容是软件原创还是抄其他的小说进行拼接啊PS：不是杠也不是找茬;1;0;1;5645;0.0001771479185119575
12105;群满了;1;0;1;5645;0.0001771479185119575
12108;请问这个软件会不会像橙瓜那样自动改保存好的文档内容呢？;2;0;2;5645;0.000354295837023915
12111;更换人物代表色的时候经常出现报错每次都要重启一回再去改;1;0;1;5645;0.0001771479185119575
12113;解析包错误啊;2;0;2;5645;0.000354295837023915
12116;群满员了怎么办;2;0;2;5645;0.000354295837023915
12127;iOS的有吗？;1;0;1;5645;0.0001771479185119575
12134;呃，不是很希望有云端功能，如果很多人需要云端，希望能够手动关闭功能;1;0;1;5645;0.0001771479185119575
12137;有Mac版吗？;2;0;2;5645;0.000354295837023915
12140;支不支持自制插件等功能呢？例如我想用vim的键位，如果官方没有的话，有没有办法自制呢;2;0;2;5645;0.000354295837023915
12144;现在试用有时限吗;1;0;1;5645;0.0001771479185119575
12154;话说橙瓜那个写作软件是不是会偷文？;3;0;3;5645;0.0005314437555358724
12158;群满了耶;1;0;1;5645;0.0001771479185119575
12160;以前没有这些东西，作者的故事写的很美，现在软件越来越花里胡哨，故事反而一拉到底。;1;0;1;5645;0.0001771479185119575
12165;有没有Mac版哇;1;0;1;5645;0.0001771479185119575
12169;可以断网使用吗？;1;0;1;5645;0.0001771479185119575
12171;有绘制地图的功能吗？不是非要3d立体这么高级的，就简单的平面绘制也可以。;3;0;3;5645;0.0005314437555358724
12175;能自动写小说吗;2;0;2;5645;0.000354295837023915
12180;在哪下载顺便简介里的群满了;1;0;1;5645;0.0001771479185119575
12191;qq群满人了，可以新建一个qq群吗tv难过;2;0;2;5645;0.000354295837023915
12200;用了就能做到日更万字吗？doge;1;0;1;5645;0.0001771479185119575
12204;想要一个类似于绘画软件预览图的功能，就是把打完字的正文在右上角预览出来，预览窗口可以选择类似手机的尺寸，类似平板的尺寸，类似电脑的尺寸（当然要进行放缩），这样的来避免上传后发现一段的长度太多了，或者好几段的长度都太少了;2;0;2;5645;0.000354295837023915
12207;有浅色吗？;1;0;1;5645;0.0001771479185119575
12209;所以在哪儿能搞到？;1;0;1;5645;0.0001771479185119575
12211;试了一下，功能太多反而不容易上手，反而不如最简单的Typora，所有功能包括图表这些都能通过代码实现，直接当屏操作不用切来切去。;1;0;1;5645;0.0001771479185119575
12213;有用vscode码字的吗;2;0;2;5645;0.000354295837023915
12218;感觉不怎么好用。太死板了。捂脸;1;0;1;5645;0.0001771479185119575
12223;网上都搜不到这个软件呢;1;0;1;5645;0.0001771479185119575
12228;隐私性怎么样呢？;1;0;1;5645;0.0001771479185119575
12246;词频分析器的功能我很喜欢，以后能不能在里面加个显示重复词的所在位置，点击直接选择性修改的功能（？），这样会方便很多。;1;0;1;5645;0.0001771479185119575
12270;感觉写作比画画的难度还要低些吧;1;0;1;5645;0.0001771479185119575
12272;up，你要是在邻近毕业季发这个，绝对点击率很高dogedogedoge;10;124;134;5645;0.023737821080602302
12283;建议和讯飞合作doge;4;69;73;5645;0.012931798051372897
12288;我仔细体验了一下。它基本上就是一个中文内容版本的Grammarly，但目前似乎仍然只是在制作初期。只有网页版，而且没办法在手机浏览器上使用。看它广告上的目标人群，有律师、有写论文的学生、有写求职信的，还有双语功能中也是职场应用场景。这些应用场景中大多都需要一定程度的保密，它目前的网页版似乎也没有加密保存功能。上传的文档应该是用明文保存的。达到Grammarly在英文检查中水准的中文检查软件还真没有，他应该是第一个开发的，我个人很看好它的未来。但双语翻译就我个人写作经验而言，我用英文与中文表达一个话题时，行文方式会截然不同。毕竟，中、英文的写作逻辑和模式是不一样的。直接把双语翻译的目标人群定位在职场上需要与老外打交道的场景里，可能有点不合适。;1;48;49;5645;0.008680248007085917
12290;金主爸爸花钱打广告，但是网站打不开啊喜极而泣;5;64;69;5645;0.012223206377325066
12296;噫感觉离失业不远了妙啊;1;29;30;5645;0.005314437555358724
12299;首页的那个示例，用改写模式把“石匠李春”给改成了“石匠李淳”。这么明显的一个错误，在首页上，网站的制作人员都没发现吗;2;16;18;5645;0.0031886625332152346
12302;GTD什么时候更微笑;2;14;16;5645;0.00283436669619132
12311;把法律条款敲进去，看它报多少错误。画风突变;1;3;4;5645;0.00070859167404783
12313;第一证书风险。第二登录不了。第三使用不了。第四你TM在逗我？;1;1;2;5645;0.000354295837023915
12317;你骗人我们老师布置了修改病句，我用了后老师说我错doge;1;5;6;5645;0.0010628875110717448
12319;和grammarly好像，但感觉中文不需要这个。凡事小学毕业的都不会犯这么低级的错误的。。。;10;3;13;5645;0.0023029229406554474
12333;恰不恰饭不重要，关键是疗效好;1;1;2;5645;0.000354295837023915
12342;这个软件如果加个功能就好了：chrome插件，绑定在富文本框或者文本输入域。;1;1;2;5645;0.000354295837023915
12344;好厉害的亚子，可是我怎么都进不去啊;1;3;4;5645;0.00070859167404783
12347;会泄露信息吗。。。;5;4;9;5645;0.0015943312666076173
12355;在？能找出语法错误嘛（秃头微笑）;2;4;6;5645;0.0010628875110717448
12359;牛逼牛逼;2;2;4;5645;0.00070859167404783
12365;第一款？真是什么都敢说，什么时候入职uc？;2;1;3;5645;0.0005314437555358724
12371;就这营销姿势，取关了;4;1;5;5645;0.0008857395925597874
12380;有没有一款ai自动写作软件;1;0;1;5645;0.0001771479185119575
12384;帮我消灭代码里的错关键词，圆角半角符号错误，各种大中小括号的缺漏、多余，缺漏的；吧。;1;0;1;5645;0.0001771479185119575
12397;我能说，我们之所以在打字的时候会出现那么多错别字，就是因为输入法所谓的AI智能输入识别的锅吗？比如不要在讲话了。长的太大了。;1;0;1;5645;0.0001771479185119575
12401;大佬。英文的自动纠错网站有吗？;1;0;1;5645;0.0001771479185119575
12412;拿来做病句题？妙啊;1;0;1;5645;0.0001771479185119575
12414;平时，河水从大桥洞流过，发大水的时候，河水还可以从四个小桥洞溜过。被系统改成了：平日里，大河流经大河，发大水时，四小桥洞依然畅通无阻。笑哭;1;0;1;5645;0.0001771479185119575
12416;up，你视频里那个应该是扫码登录不是登陆把;1;0;1;5645;0.0001771479185119575
12434;什么软件可以检查英文错误？;1;0;1;5645;0.0001771479185119575
12436;囧为啥我打不开网页;1;0;1;5645;0.0001771479185119575
12441;要钱吗捂脸捂脸捂脸;1;1;2;5645;0.000354295837023915
12444;一头狗emmmm如果是警犬的话，还真的是论“头”的;4;0;4;5645;0.00070859167404783
12467;说的好，我用chatGPTdoge;2;0;2;5645;0.000354295837023915
12474;要不要钱;1;0;1;5645;0.0001771479185119575
12478;博主是湖南的吧doge;1;2;3;5645;0.0005314437555358724
12482;我有gpt需要私我;2;2;4;5645;0.00070859167404783
12485;学习;1;1;2;5645;0.000354295837023915
12487;学习呲牙;1;1;2;5645;0.000354295837023915
12489;学习;1;1;2;5645;0.000354295837023915
12491;学习;1;1;2;5645;0.000354295837023915
12493;学习吃瓜;1;1;2;5645;0.000354295837023915
12495;学习;1;1;2;5645;0.000354295837023915
12501;这查重真的能过吗？;1;1;2;5645;0.000354295837023915
12508;我的题目输入完了啥都没有哈哈哈哈;2;0;2;5645;0.000354295837023915
12511;1musicLM输入文字或图片生成音乐特点是能生成复杂曲子2Phenaki输入文字生成视频画面特点是文字和视频内容匹配度高3RawNeRT可以将2D图片变3D，让模糊照片变高清，改变照片焦点4Muse文字生成图片特点是画质高清，效果自然生成速度超快具备文字编辑图片的功能比如抠图换背景换元素5WordCraft学习型ai写作助手只需要一点点样本就能模仿作者创作故事内容改写现有文字甚至规划大纲6Dramatron专门写戏剧和电影剧本的ai只要你给出一句话大纲描述戏剧冲突，它就能自动生成标题人设情节对话doge;3;49;52;5645;0.00921169176262179
12527;真的一接触到这个ai就觉得它绝对能把议论文写到九分;2;97;99;5645;0.01753764393268379
12530;真的，当我得知这个东西后，我第一时间就是想着我要叫它帮我写雅思作文和口语回答;3;66;69;5645;0.012223206377325066
12534;这东西跟自己写也没啥关系呀，毕竟不是开卷笑哭;1;30;31;5645;0.005491585473870682
12536;太多废话，实操试过，只要说请参考历年雅思大作文范文和评分标准，写出一篇89分的大作文，这样就行啦;1;28;29;5645;0.005137289636846767
12538;最近chatgpt真是风头大盛啊;5;26;31;5645;0.005491585473870682
12544;你的口语发音有待加强笑哭;9;14;23;5645;0.004074402125775022
12554;《免费》;8;13;21;5645;0.003720106288751107
12566;可以帮忙改作文吗;1;3;4;5645;0.00070859167404783
12568;chatGPT是app还是网页？找不到这个app;10;3;13;5645;0.0023029229406554474
12579;up的眼球是啥情况;1;2;3;5645;0.0005314437555358724
12585;我都考过了还在给我推视频？自己考太难了直接找的老师保过现在已经拿到成绩了;2;0;2;5645;0.000354295837023915
12590;老师的名字叫Franais;1;0;1;5645;0.0001771479185119575
12597;condainstallpytorchtorchvisiontorchaudiopytorchcuda117cpytorchcnvidiaconda不是内部或外部命令，也不是可运行的程序我卡在这一步啦;1;3;4;5645;0.00070859167404783
12618;省流密塔猫;1;0;1;5645;0.0001771479185119575
12620;没事，开学再挨骂，来得及，不会错过的脱单doge;1;2;3;5645;0.0005314437555358724
12625;上链接;1;0;1;5645;0.0001771479185119575
12628;学习;1;2;3;5645;0.0005314437555358724
12630;学习;1;1;2;5645;0.000354295837023915
12632;学习;1;1;2;5645;0.000354295837023915
12634;学习;1;1;2;5645;0.000354295837023915
12638;三连莫辜负;1;2;3;5645;0.0005314437555358724
12641;查重率多少doge;1;1;2;5645;0.000354295837023915
12644;用过，我的期末论文就是靠它的呲牙doge;1;8;9;5645;0.0015943312666076173
12647;感觉这期发过;1;4;5;5645;0.0008857395925597874
12649;可以写一下不需要太多逻辑的啊，比如思想总结，党xxx，我寻思制作组就是没抓住需求;1;3;4;5645;0.00070859167404783
12659;要花錢的;1;0;1;5645;0.0001771479185119575
12661;感觉其实挺恐怖的;1;0;1;5645;0.0001771479185119575
12676;你得会提问，具体描写要多几个关键词，还有不同风格的作者得上链接doge;1;0;1;5645;0.0001771479185119575
12678;网址是多少呢？;3;1;4;5645;0.00070859167404783
12682;要钱吗？;2;0;2;5645;0.000354295837023915
12686;完全看不出来这是要干嘛再见;2;7;9;5645;0.0015943312666076173
12693;要花钱买吗;6;1;7;5645;0.0012400354295837024
12703;网址呢;1;1;2;5645;0.000354295837023915
12706;收费？;1;0;1;5645;0.0001771479185119575
12708;试了一下没有什么乱用，不信你们去输入：芋头扣肉，你看看它给你生成什么鬼东西。笑哭;1;0;1;5645;0.0001771479185119575
12710;请问up这个网站收费吗？;1;0;1;5645;0.0001771479185119575
12713;现在要钱了酸了;4;3;7;5645;0.0012400354295837024
12718;可靠吗会不会被检测出来;3;2;5;5645;0.0008857395925597874
12722;打开了，感谢doge;1;1;2;5645;0.000354295837023915
12724;哎？好像打不开;6;1;7;5645;0.0012400354295837024
12731;我去好牛策划案啥的我是不是可以撒手了脱单doge;1;1;2;5645;0.000354295837023915
12733;要钱了，没意思了，弃坑了;1;0;1;5645;0.0001771479185119575
12735;最近好像打不开是吧？;1;0;1;5645;0.0001771479185119575
12737;博主，这个查重率有多高，会不会判定为抄袭啊？;1;0;1;5645;0.0001771479185119575
12739;怎么还有字数限制哇大哭;3;0;3;5645;0.0005314437555358724
12744;现在ai真强啊;1;0;1;5645;0.0001771479185119575
12751;收费吗;1;0;1;5645;0.0001771479185119575
12757;这个视频是不是ai做的？思考;1;6;7;5645;0.0012400354295837024
12761;问：你能概括一下魔法少女小圆吗答：魔法少女小圆是一部动画电影，由日本漫画家久保带人执笔创作的一部少女漫画作品。该作品于2019年6月12日在日本上映，讲述了一群美少女们在一场奇妙的魔法战斗中相互依存、互相帮助的故事。感觉还是欠了一些人工对回答评价的训练过程啊;7;51;58;5645;0.010274579273693534
12769;这个是项目地址：httpsaistudiobaiducomaistudioprojectdetail5404182channelType0channel0如果需要部署版本，速度更快的那种，我明天出教程;15;26;41;5645;0.007263064658990257
12785;这货就开源了一个3个G的模型，在huggingface的名字叫ChatYuanlargev1，这个large我很难忍得住不吐槽，蹭热度罢了;2;23;25;5645;0.0044286979627989375
12788;挺智能，都知道minecraftMinecraft了;1;13;14;5645;0.0024800708591674048
12790;chatgpt几十亿烧出来的，想平替也得跟着烧;3;12;15;5645;0.002657218777679362
12794;我只想知道能把自然语言转换成r18涩涩tag吗，之前chatgpt好像屏蔽了r18;2;8;10;5645;0.001771479185119575
12798;RTX4090能用吗？doge;1;3;4;5645;0.00070859167404783
12801;写论文能力和chatGPT有什么区别么，写作能力是chatGPT的升级版么;1;2;3;5645;0.0005314437555358724
12807;现在体验不了了;1;0;1;5645;0.0001771479185119575
12816;这个是免费的吗;1;0;1;5645;0.0001771479185119575
12819;通过链接注册即可获得AI写作1w字使用额度，复制到电脑浏览器打开httpsxiezuocatcomsdous;1;5;6;5645;0.0010628875110717448
12835;绝了，我太能理解了，我自己抄了一大半最后发现查重80多，自己降了三四天还是70多，最后直接找师兄推荐的一个人去写了，五天就写完了，还是8，我都服了;4;8;12;5645;0.0021257750221434896
12840;刚开始写，明天要交初稿doge;1;2;3;5645;0.0005314437555358724
12844;我不想投币怎么办？;2;1;3;5645;0.0005314437555358724
12855;用这东西看文献的基本就告别科研了;20;184;204;5645;0.036138175376439326
12876;感觉不好用，用自己的文章试了一下。第一篇oa，能够doi查看，但是引言总结不得要领，最关键的方法一句话不提。第二篇不是oa，告诉我不支持doi，需要登录才能上传pdf看总结。然后我特意又找了一篇我oa的文章，结果还告诉我不是oa，验证码给挡了，为了排雷我还真上传了pdf，结果非常差，对我的文章存在严重的误读。不仅无法抓到重点，甚至把现状中存在而我解决的问题放在了Whatyoucanlearn中作为结论。只能说这个工具不适合用于物理学方面的文章。就算你是本科生，都不建议用。阅读文献是学生必须掌握的一门基础科研技能，寻找工具提升阅读效率无可厚非，但是目前AI还做不到这点。;1;131;132;5645;0.02338352524357839
12878;难顶，刚刚兴冲冲跑过去试了一下，结果怎么说呢笑哭总结的一言难尽，开始是拿了两篇昨天刚看的文献试了试，总结是能总结，但和我心里想的不太一样，我还以为是我文章理解的不够深入，然后我拿了自己的文章试验了一下，哎这个总结就没抓住重点呀不过至少可以总结了，具体细节和内容准确性还有待提升doge;4;89;93;5645;0.016474756421612047
12883;哦豁，忘了给学生布置作业了doge;2;59;61;5645;0.010806023029229407
12887;用这个看，还不如看看abstract得了，想知道文章讲了看什么abstract够了;1;23;24;5645;0.004251550044286979
12889;我超好东西;1;21;22;5645;0.0038972542072630645
12892;？可是每篇文献不是有摘要么。。复制粘贴翻译，看完1分钟都不要吧;3;12;15;5645;0.002657218777679362
12897;up主，我注册不了为什么呢他出来几行英文说，由于缺少验证码验证，他们无法为我注册可是没有发码也没有填码的地方大哭大哭大哭大哭大哭;4;8;12;5645;0.0021257750221434896
12902;大家寒假有看文献的任务要求吗？脱单doge;4;6;10;5645;0.001771479185119575
12907;有中文版的吗笑哭笑哭笑哭，中文文献也很需要;1;5;6;5645;0.0010628875110717448
12910;这个会不会影响查重啊;2;3;5;5645;0.0008857395925597874
12913;刚毕业就给我推这个是吧tv大哭;1;2;3;5645;0.0005314437555358724
12915;up有无链接啊脱单doge;8;2;10;5645;0.001771479185119575
12927;感谢打call狠狠使用;1;1;2;5645;0.000354295837023915
12930;这玩意看数学或者计算机或者生物相关的能准嘛？;1;1;2;5645;0.000354295837023915
12944;不能留个网址吗;2;0;2;5645;0.000354295837023915
12948;中文文献可以吗;1;0;1;5645;0.0001771479185119575
12950;用什么打开啊;1;0;1;5645;0.0001771479185119575
12952;我反手就是一个收藏doge;1;0;1;5645;0.0001771479185119575
12955;呜呜呜好想一天就完成一篇论文;1;0;1;5645;0.0001771479185119575
12959;现在要写论文了。到处找这样的软件脱单doge;1;0;1;5645;0.0001771479185119575
12966;是免费的吗？;1;0;1;5645;0.0001771479185119575
12973;好东西啊果，爱了爱了;1;0;1;5645;0.0001771479185119575
12980;同校好友方远航支持来了tv斜眼笑;2;2;4;5645;0.00070859167404783
12983;从今天起我就是老粉了脱单doge;1;2;3;5645;0.0005314437555358724
12987;这个是不是接了chatgtp的接口，本质还是chatgtp吗？;1;0;1;5645;0.0001771479185119575
12991;你好呀，我想问问它是原创吗，就是会不会发出去被人说是抄袭文案呢还有就是大家搜到的一样不呀;2;0;2;5645;0.000354295837023915
12994;喜欢，我留下三连了;1;0;1;5645;0.0001771479185119575
12997;已三连打call;1;0;1;5645;0.0001771479185119575
12999;三连了，加油;1;0;1;5645;0.0001771479185119575
13001;太帅了喜欢非常有用;1;0;1;5645;0.0001771479185119575
13003;doge问：如果不会聊天怎么办？;1;0;1;5645;0.0001771479185119575
13005;来占个位置吃瓜;1;0;1;5645;0.0001771479185119575
13011;可是我写的是毕业论文啊;5;58;63;5645;0.011160318866253321
13017;试了一下，出来的文章和题目驴唇不对马嘴doge;4;98;102;5645;0.018069087688219663
13023;请问这个软件叫什么名字呢？;1;6;7;5645;0.0012400354295837024
13026;收藏比赞多doge;1;2;3;5645;0.0005314437555358724
13028;这个是软件吗，怎么获取;2;2;4;5645;0.00070859167404783
13031;查重率很高很高;1;1;2;5645;0.000354295837023915
13033;up，那个这个会查重吗，文章是AI原创的吗，我想用这个写论文doge;1;1;2;5645;0.000354295837023915
13035;bgm完整版能分一下吗？大灌篮的秘密花园;2;1;3;5645;0.0005314437555358724
13038;计算机端还是安卓端？;1;1;2;5645;0.000354295837023915
13040;大概需要多少钱;3;1;4;5645;0.00070859167404783
13049;屁用没有;1;0;1;5645;0.0001771479185119575
13053;我也发现了一个超级好用的神器，一键生成论文，室友都被我吃了安利，论文写的让人崩溃，还好有他。我们都顺利通过了，也推荐给大家;2;0;2;5645;0.000354295837023915
13061;咋我就用不了，上网查人家说去年就不能用了，up为什么能用;3;0;3;5645;0.0005314437555358724
13067;收费？;1;0;1;5645;0.0001771479185119575
13073;今天才看到notion的ai，没想到ob也有;3;2;5;5645;0.0008857395925597874
13083;谢谢，本人2天时间解决掉1万初稿，人已废灵魂出窍灵魂出窍。休息片刻再用了UP主的方法，终于闯过重复率大关惊喜;6;34;40;5645;0.0070859167404783
13090;汉字儿就那么多，一个意思的表达也不过常用那么些有限的句子吧，为了降重读出来连中国话都不像了，给奇葩规定点个大赞，小脑袋瓜子贼聪明笑;2;43;45;5645;0.007971656333038087
13093;86就别查了，别毕业了;3;29;32;5645;0.00566873339238264
13097;有没有什么免费查重的推荐呀？呲牙;4;10;14;5645;0.0024800708591674048
13102;认真的学术改写功能很适合降重吃瓜;2;11;13;5645;0.0023029229406554474
13105;用chat要求他替换成相似的语句不是差不多嘛吃瓜;1;8;9;5645;0.0015943312666076173
13108;绝我初稿62，用这个火龙果降重到8，准备过年了哈哈哈哈哈哈;1;6;7;5645;0.0012400354295837024
13111;先白嫖几天试试看;1;1;2;5645;0.000354295837023915
13113;已赞，送你上首页;1;1;2;5645;0.000354295837023915
13115;火龙果写作会员太贵了笑哭笑哭笑哭;1;4;5;5645;0.0008857395925597874
13117;继续加油;1;2;3;5645;0.0005314437555358724
13119;收费吗平台;4;2;6;5645;0.0010628875110717448
13126;不会写，最后还是找人写的;4;1;5;5645;0.0008857395925597874
13135;论文代笔dd;1;0;1;5645;0.0001771479185119575
13139;有查重工具吗，还不知道自己论文哪里重;2;0;2;5645;0.000354295837023915
13153;是不是就是GPT给接上了，然后搞了个收费;1;1;2;5645;0.000354295837023915
13155;恭喜你离百大又近了一步;1;0;1;5645;0.0001771479185119575
13158;收声有问题;1;1;2;5645;0.000354295837023915
13160;为啥你的界面是中文的？;3;0;3;5645;0.0005314437555358724
13164;一键三连，在申请表“如何得知公测”一栏填写：哔哩哔哩官方，晚8点揪5个填表的宝，直接开通AI功能tvdoge;20;60;80;5645;0.0141718334809566
13185;拿它写了两段代码，后一段还可以，只贴后一段。然后可以快速查一些资料，但是需要判断。建议使用者已经有相关知识的，使用AI作为辅助，如果没有相关知识，可能就;3;62;65;5645;0.011514614703277236
13189;20个直通车名额已经发放完毕咯根据尾号和理由自己看哦星星眼;8;40;48;5645;0.008503100088573958
13198;这样吧，一键三连，公测期间本条视频，每多100个赞就加抽5个名额，每晚8点直接开通AI功能tvdoge记得在申请表“如何得知公测”一栏填写：哔哩哔哩官方，同义近义词也行，我抽奖比较随意tv可爱os草率了，200还是说少了，这么快就到了tv生气;6;38;44;5645;0.007794508414526129
13205;我看看是谁还不睡觉，在给我点赞tv生气;6;29;35;5645;0.006200177147918512
13212;一键三连，点赞超过200，加抽10个名额，今晚8点直接开通AI功能tvdoge记得在申请表“如何得知公测”一栏填写：哔哩哔哩官方，同义近义词也行，我抽奖比较随意tv可爱;10;32;42;5645;0.007440212577502214
13223;今天来晚了虽然没到800赞也发了20个明晚到1000赞大混抽20个直通车名额感谢大家支持奥比岛击爪根据尾号和理由自己找哦，需要去webpc打开空间设置的AI开关才能体验移动端下个月才有AI星星眼星星眼生气第二张图，没有个人空间的是怎么肥四;13;27;40;5645;0.0070859167404783
13237;应相关法律要求，您的内容无法显示打call;1;23;24;5645;0.004251550044286979
13239;可以了，你们为啥都半夜来赞，半夜赞够1000我是不会从被窝里爬出来给你们抽名额的tv大哭;5;14;19;5645;0.003365810451727192
13247;我又来了老规矩，一键三连，点赞到1300，今晚8点粉丝福利，混抽20人直接开通AI功能tvdoge记得在申请表“如何得知公测”一栏填写：哔哩哔哩官方，同义近义词也行，我抽奖比较随意tv可爱;4;10;14;5645;0.0024800708591674048
13253;可恶啊研究了半天给notion充会员因为没有卡而无果，正好你出现了，不要让我失望呀，冲冲冲tv鼓掌;1;1;2;5645;0.000354295837023915
13255;flowus和notion是什么关系？;1;1;2;5645;0.000354295837023915
13257;如果用户通过GPT30API的AI生成了什么不良的内容，并产生了不好的社会影响的话，会不会导致你们整个App被全网下架？;2;3;5;5645;0.0008857395925597874
13260;这个理由我觉得你没理由拒绝我参加公测0029;3;4;7;5645;0.0012400354295837024
13266;什么时候再次抽名额，刚提交qwq;3;1;4;5645;0.00070859167404783
13270;感觉不能像notionai那样生成block呀;1;3;4;5645;0.00070859167404783
13272;NotionAI刚上线，这就来了，够速度啊。最终会多少钱一个月啊？;1;2;3;5645;0.0005314437555358724
13277;付费用户前来报到，确实好用，希望增加一个可以导出资料功能有些东西想做个本地备份;5;8;13;5645;0.0023029229406554474
13284;需要openai的api吗;1;2;3;5645;0.0005314437555358724
13287;视频里的圆角卡片设计不错，建议产品里多加点这种圆角卡片加轻描边设计啊。;2;6;8;5645;0.00141718334809566
13291;这几天服务器为什么崩溃啊;1;1;2;5645;0.000354295837023915
13294;已经用了几天了吃瓜;4;6;10;5645;0.001771479185119575
13301;GPT一开源国内又行啦;1;1;2;5645;0.000354295837023915
13307;chatgpt开源国内又行了啊抠鼻抠鼻抠鼻;1;1;2;5645;0.000354295837023915
13314;想问一下为什么明明去年六月开了一整年的会员，结果时间还没到今天一开始账号登不上，后面空间被莫名其妙删除;1;0;1;5645;0.0001771479185119575
13321;我看列表里有我啊写代码那个但我的账号怎么还是没有AI功能;4;0;4;5645;0.00070859167404783
13326;给我开移动端哼哼啊啊啊啊啊想用来写小说，但估计比较困难，AI基本不能根据一段描写读懂那种微妙的人设，也很难理清前后逻辑但是免费的公测先给我嫖两把;4;0;4;5645;0.00070859167404783
13331;蹲蹲（）话说我投稿了的模板怎么就了无音讯了？;3;0;3;5645;0.0005314437555358724
13335;怎么一直通不过啊？;1;0;1;5645;0.0001771479185119575
13338;还有名额不;1;0;1;5645;0.0001771479185119575
13340;我也是第一时间申请的为啥还没有笑哭难道不支持ipad？;1;0;1;5645;0.0001771479185119575
13343;你们这个产品和ChatGPT或者NOtion相比有什么有不同，或者说有什么优势？？？;1;0;1;5645;0.0001771479185119575
13345;已三连，恨不得速度开会员tvdoge;3;0;3;5645;0.0005314437555358724
13354;怎么参加;1;0;1;5645;0.0001771479185119575
13357;哦哦哦哦哦好想尝试一下这个现在还在beta阶段？;3;0;3;5645;0.0005314437555358724
13361;我主业教萌新写网文，副业自己码字写小说。如果出了AI写作功能，迅速告知，我想试一下调教AI;1;0;1;5645;0.0001771479185119575
13363;溪流;2;0;2;5645;0.000354295837023915
13372;可以润色文章吗;1;0;1;5645;0.0001771479185119575
13374;等下个月的移动端了;1;0;1;5645;0.0001771479185119575
13386;能否根据自己写的剧本，ai写出大概的分镜，这样能大大加快效率，后期做增减修改便可以了;2;0;2;5645;0.000354295837023915
13389;我为什么不直接用chatgpt呢？;1;1;2;5645;0.000354295837023915
13402;周四晚上一直报服务器内部错误;1;0;1;5645;0.0001771479185119575
13404;怎么收费？;2;0;2;5645;0.000354295837023915
13413;这也要收费的吗，gpt、newbing、notionAi都没要钱热;3;0;3;5645;0.0005314437555358724
13419;真的是openAi家的chatgpt？还是其他友商的模型2233娘吃惊;4;0;4;5645;0.00070859167404783
13424;套皮软件？;1;0;1;5645;0.0001771479185119575
13427;怎么说呢，用了一年了。都挺好，就是前几天突然来个服务器掉线，给我吓得一激灵笑哭;1;0;1;5645;0.0001771479185119575
13431;用的是ChatGPT的AI接口吗，还是类ChatGPT的;6;0;6;5645;0.0010628875110717448
13439;我想知道免费用户能用吗doge能用的话有次数限制吗？;1;0;1;5645;0.0001771479185119575
13442;还差一个200;1;0;1;5645;0.0001771479185119575
13447;比彩云小梦有什么优势？;1;0;1;5645;0.0001771479185119575
13449;怎么充钱我要整吃瓜;1;0;1;5645;0.0001771479185119575
13451;能彩云小梦式生草吗，有就下;3;0;3;5645;0.0005314437555358724
13460;大哭大哭大哭刚在公共号填写完;1;0;1;5645;0.0001771479185119575
13464;已提交脱单doge再默默问一下啥时候换图标（超小声）嘘声;1;0;1;5645;0.0001771479185119575
13466;哦，我开了会员，以后还要升级才能用？笑哭;1;0;1;5645;0.0001771479185119575
13470;星宫汐好耶;2;0;2;5645;0.000354295837023915
13475;藏狐感觉现在的所谓ai写作很多都是建立在强大的搜索上面创作出来的东西内容比较广泛但空洞;4;8;12;5645;0.0021257750221434896
13483;任何工具的诞生只能干掉那些躺平的人，这个问题没有任何讨论的价值，躺平的人不被工具干掉也会被社会干掉;5;1;6;5645;0.0010628875110717448
13489;OpenAI只有免费三个月;4;1;5;5645;0.0008857395925597874
13497;chatgptdemoddiu嘎了;2;6;8;5645;0.00141718334809566
13500;还是前端大佬有艺术细菌我立马就是一个从blogGithubb站一把follow脱单doge;1;4;5;5645;0.0008857395925597874
13505;啥时候下期直播捏星星眼;1;0;1;5645;0.0001771479185119575
13516;那么我自己练习作文，让他来改，不就能帮我提升？;2;6;8;5645;0.00141718334809566
13523;论文chatgpt秘塔写作猫;8;47;55;5645;0.00974313551815766
13532;这种软件会不会数据泄漏;2;14;16;5645;0.00283436669619132
13535;这个ai字数是什么意思？只能免费让写作猫免费写10000字吗？;3;7;10;5645;0.001771479185119575
13539;全国毕业生免费的活动是不是没了？;1;10;11;5645;0.0019486271036315323
13541;有chagpt用这个付费的干什么吃瓜;1;8;9;5645;0.0015943312666076173
13543;开了一个月会员，辣眼睛感觉对于硕士论文完全不行，稍微研究得深一点就不行了，改写太垃圾了;5;6;11;5645;0.0019486271036315323
13549;用了链接进去，账户信息显示还是免费版呢？兔年;2;4;6;5645;0.0010628875110717448
13552;已经没了，50个名额;1;4;5;5645;0.0008857395925597874
13554;今天刚用笑哭;1;2;3;5645;0.0005314437555358724
13556;外语的话需要翻译成汉语之后再使用吗？;3;1;4;5645;0.00070859167404783
13560;安全吗？吃瓜;1;1;2;5645;0.000354295837023915
13564;改写好了，怎么把word导出去;1;0;1;5645;0.0001771479185119575
13566;笑哭为什么我的毕业生福利和做推广来的会员不叠加啊，只有七天;1;0;1;5645;0.0001771479185119575
13569;不太行，写的东西不通顺;1;0;1;5645;0.0001771479185119575
13571;正好需要;1;0;1;5645;0.0001771479185119575
13577;为什么文档校阅不见了不能自动纠错了小插件也不行;1;0;1;5645;0.0001771479185119575
13579;要是他ai写作的东西很高级，不像是我写的不能直接复制怎么办？怎么才能便捷地在它生成的文章里进行自动改写啊;1;0;1;5645;0.0001771479185119575
13585;老夫掐指一算，你得上热门;1;2;3;5645;0.0005314437555358724
13587;没见过比notionai更便宜的了。哪家100买20年会员的doge虽然不知道会不会崩。但你只要用俩月没崩就赚了啊doge;5;0;5;5645;0.0008857395925597874
13593;请问一下多久可以通过申请;1;0;1;5645;0.0001771479185119575
13595;APP上会接入吗？;1;0;1;5645;0.0001771479185119575
13597;现在是不是没有AI这一栏了，我找不到大哭;1;0;1;5645;0.0001771479185119575
13600;up你好，我的空间里没有这个AI的选项呀，在线等;3;0;3;5645;0.0005314437555358724
13604;想请教下，页面锁定状态下勾选框能打钩吗？研究了很久一锁定就打不了勾，每次都要解锁好麻烦;1;0;1;5645;0.0001771479185119575
13610;试了，感觉用处不大，续写基本流水账，改写更离谱，我骑着小电驴，他给改成驴电子doge这个感觉还不成熟，吹的这么厉害，应该是想靠广大小白鼠完善这个系统，指望他发财的人可以停下了，自己试试就都明白了。;6;16;22;5645;0.0038972542072630645
13617;如果能写小说，那么就可以写歌词了吃瓜;1;8;9;5645;0.0015943312666076173
13619;不能用，这东西会被判抄袭的。;5;6;11;5645;0.0019486271036315323
13625;不如找个同类型的火文学习，注意是学习，别特么抄了，现在抄袭的人太多了，看得我头疼，去番茄随便看几本都有浓浓的既视感。是真不怕身份证拉黑啊;1;3;4;5645;0.00070859167404783
13627;这世界偷偷偷帮着你书写出独特的着迷;1;2;3;5645;0.0005314437555358724
13629;彩云小梦？;1;2;3;5645;0.0005314437555358724
13631;推荐个免费的小程序写作蛙，平时自用，可以帮助找找灵感什么的;1;1;2;5645;0.000354295837023915
13633;这个收费吗;1;1;2;5645;0.000354295837023915
13635;uo主是个帅哥（）;1;1;2;5645;0.000354295837023915
13637;链接根本打不开;1;0;1;5645;0.0001771479185119575
13639;好像不行了;1;0;1;5645;0.0001771479185119575
13641;电话号码不在受邀范围;1;0;1;5645;0.0001771479185119575
13643;写冲量文可以doge;1;0;1;5645;0.0001771479185119575
13645;这个感觉比彩云小梦好用一点;2;0;2;5645;0.000354295837023915
13649;打不开啊;1;0;1;5645;0.0001771479185119575
13651;UP主加油看好你噢;1;0;1;5645;0.0001771479185119575
13653;打不开;1;0;1;5645;0.0001771479185119575
13655;现在关注权算老粉吗;1;0;1;5645;0.0001771479185119575
13657;打不开了;1;0;1;5645;0.0001771479185119575
13660;怎么用的什么版本;2;0;2;5645;0.000354295837023915
13663;能写论文吗doge;1;0;1;5645;0.0001771479185119575
13667;用了很久了，用后体验是如果是拿来写文章那是毫无卵用，写出来的文章其实就是把网上的多篇文章拼接起来。如果拿来洗稿，有点用，但是用处不大，他的改写功能会出现很多语句不通，病句。如果拿来检查错别字、敏感字，这个网站还算不错。;4;61;65;5645;0.011514614703277236
13672;这玩意给chatgpt提鞋都不配，还比肩抠鼻比较的资格都没有，期待百度的文心一言都比这靠谱;2;65;67;5645;0.011868910540301151
13675;虽然我们没有卫生纸，但是我们有砂纸啊;1;25;26;5645;0.004605845881310895
13677;要是全班都用它写论文，那会得到几十个一模一样的论文;4;6;10;5645;0.001771479185119575
13682;小说写不了吧？;4;5;9;5645;0.0015943312666076173
13687;居然有这种文案写作神器热词系列三连;1;5;6;5645;0.0010628875110717448
13698;免费的吗;1;0;1;5645;0.0001771479185119575
13703;不能白嫖打call三连;1;1;2;5645;0.000354295837023915
13706;没什么用，只能8000字。;5;0;5;5645;0.0008857395925597874
13712;是不是要收费的，有多少次使用次数;2;0;2;5645;0.000354295837023915
13715;文案写作神器;1;1;2;5645;0.000354295837023915
13719;蜜桃猫？收费的吧我记得;1;0;1;5645;0.0001771479185119575
13740;很棒诶;1;1;2;5645;0.000354295837023915
13742;dogedogedoge;1;1;2;5645;0.000354295837023915
13744;能者先阅;1;1;2;5645;0.000354295837023915
13746;看看我发现了什么宝藏;1;1;2;5645;0.000354295837023915
13748;妙啊妙啊妙啊up主都1000粉了，可惜我没有搞到老粉;1;1;2;5645;0.000354295837023915
13754;勉狒教祝測chatgpt叫聲哥哥事保卫萝卜笔芯;1;1;2;5645;0.000354295837023915
13757;恭喜恭喜小柒July终于达成千粉的第一个小目标喵喵;1;0;1;5645;0.0001771479185119575
13759;恭喜千粉打call，我也是老粉啦;1;0;1;5645;0.0001771479185119575
13761;恭喜01万粉脱单doge;1;0;1;5645;0.0001771479185119575
13767;绝了，我太能理解了，我自己抄了一大半最后发现查重80多，自己降了三四天还是70多，最后直接找师兄推荐的一个人去写了，五天就写完了，还是8，我都服了;2;1;3;5645;0.0005314437555358724
13772;体制内笔杆子大概率不会下岗的，好多东西要保密，不太能把材料直接放到外网上，总还是要人工调整doge;1;19;20;5645;0.00354295837023915
13774;曾经测试了下，稍微上点台面的稿子他就无法胜任了，毕竟许多稿子要结合工作实绩;8;11;19;5645;0.003365810451727192
13783;这种稿子完全不能用呀。。。;1;10;11;5645;0.0019486271036315323
13786;此致敬礼是公文吗;1;2;3;5645;0.0005314437555358724
13788;体制内被人知道你用就完了，举报你一个翻墙，起码吃个警告处分;1;3;4;5645;0.00070859167404783
13790;和宿舍关系不好，想退学了;1;1;2;5645;0.000354295837023915
13792;可以提供下载渠道和注册方式吗？;1;2;3;5645;0.0005314437555358724
13799;可以用newbing，实时性更高;1;0;1;5645;0.0001771479185119575
13810;用了一次doge领导直接说我写作水平提升空间太大星星眼;2;3;5;5645;0.0008857395925597874
13817;材料人头疼的永远是大稿子，大稿子又涉及太多保密信息，所以GPT不可能代替公文写作。;1;0;1;5645;0.0001771479185119575
13824;为啥自己的文章ai占比15，要不要紧呀大哭大哭大哭;2;0;2;5645;0.000354295837023915
13827;请问我自己写的论文用gpt改语法和精简了一部分语言，结果ai查重45这种该怎么办啊;2;0;2;5645;0.000354295837023915
13830;能请问UP如何看到这个额界面吗;2;0;2;5645;0.000354295837023915
13833;用翻译软件把中文翻译成英文会被检测为AI论文吗;1;0;1;5645;0.0001771479185119575
13835;为什么我的turnitin没有这个ai查重;1;0;1;5645;0.0001771479185119575
13837;教你绕过AI生成文本检测，只需要给ChatGPT发送一条指令：一、先输入这一段：Imgoingtogiveyousomeinformati;6;349;355;5645;0.06288751107174491
13844;ai检测可能和网页验证码一样，最后活人可能都分不清了喜极而泣;3;112;115;5645;0.02037201062887511
13848;其实我是真的很怀疑这些AIdetector是不是真的靠谱，我自己写了一篇，没有一点AI成分的给识别出来97AI，但是AI写的一篇我改了一点给我说70AI藏狐我试了几个freedetector都是这样，不知道付费的是不是会靠谱点;11;88;99;5645;0.01753764393268379
13862;教你绕过AI生成文本检测，只需要给ChatGPT发送一条指令：一、先输入这一段：Imgoingtogiveyousomeinformati;1;142;143;5645;0.02533215234720992
13864;我身边被抓的人也是这么想的doge今年抓了68个，给教授气的群发邮件。这玩意让它提供一些观点和见解就行了，剩下的自己写，写完用它润色一下。;4;26;30;5645;0.005314437555358724
13869;给这样的字幕真的不如直接给英文;2;12;14;5645;0.0024800708591674048
13872;up，有这玩意以后加了数字水印技术了咋办呢？有办法去除吗？;8;17;25;5645;0.0044286979627989375
13881;都有ai帮忙了最后一步手动改呗;1;20;21;5645;0.003720106288751107
13883;以后比查重更可怕的是查AI成分，当AI生成的语言表达与人类相差无二之时，也是人类最绝望的时候阴险阴险阴险;1;16;17;5645;0.0030115146147032773
13886;禁止访问有什么方法解除吗;4;6;10;5645;0.001771479185119575
13891;httpscopyleakscomzhfeaturesaicontentdetector这个太准了还是以这个为主;2;6;8;5645;0.00141718334809566
13897;对抗起来了;1;3;4;5645;0.00070859167404783
13900;出门天涯外号为羡余物私游无定程我有一面镜送科学上网已经卷出藏头诗了笑哭;2;7;9;5645;0.0015943312666076173
13903;中文论文怎么办笑哭;8;1;9;5645;0.0015943312666076173
13918;这是不是说明它有所有论文的数据自己发表的论文都得花钱才能下载的情况下它是怎么获得的？尴尬;3;2;5;5645;0.0008857395925597874
13922;太tm牛逼了;1;2;3;5645;0.0005314437555358724
13926;2023年3月7日成功魔法开的日本新注册outlook邮箱openai地区用的美国虚拟号码网页注册账户也是用outlook邮箱短信用的葡萄牙等了不到一分钟已经帮我写了5篇分析文章给我弟写了1篇中考作文很快乐dogedogetvdogetvdogetvdogetvdoge脱单doge脱单doge脱单doge;1;0;1;5645;0.0001771479185119575
13930;奥比岛击爪AI归来已经报名的宝子不需要重复报名3月6日前报名的宝子们都已经开通AI了快去设置空间设置里打开AI的开关吧星星眼;9;18;27;5645;0.004782993799822852
13940;一键三连，报名公测，记得在如何得知公测一栏填写哔哩哔哩官方奥比岛击爪本条视频点赞到500，抽20个宝子免排队，直接开通AI功能再抽10个宝送100次AI调用次数打call;8;28;36;5645;0.006377325066430469
13949;活久一点大哥未来十几年给我坚持住换新手机后一直用的都是你了保卫萝卜哇;1;10;11;5645;0.0019486271036315323
13951;求开放次数，哪怕像NotionAI那样单独收费都行，作为一个经常需要翻译和文本整理的老师真的很需要;1;6;7;5645;0.0012400354295837024
13953;国内对标notionAI的存在，语雀不接入ai，转FlowUS了;2;17;19;5645;0.003365810451727192
13956;用了下还行，希望继续优化脱单doge;2;4;6;5645;0.0010628875110717448
13964;有Linux版本吗？;1;1;2;5645;0.000354295837023915
13967;为什么没有英语翻译的？;9;0;9;5645;0.0015943312666076173
13980;表哪里填doge;1;0;1;5645;0.0001771479185119575
13983;一件三连关注了，宝给个机会让我认认识认识doge;2;0;2;5645;0.000354295837023915
13986;出的太慢了，已经订一年notion了;1;0;1;5645;0.0001771479185119575
13989;macOS上什么时候可以用呢？;1;0;1;5645;0.0001771479185119575
13993;我也想问用的是GPT35的接口还是40的;2;0;2;5645;0.000354295837023915
14002;有次数限制笑哭那先在notion等等，如果差不多再转过来，能接受与notion差不多的费用;1;0;1;5645;0.0001771479185119575
14010;三连了填表了等着被抽，我想用ai来帮我记单词，比如一些顽固难度高的单词，让ai给我写一段串联这些词的小短文来助记星星眼，对了，排队进度在哪看doge;4;0;4;5645;0.00070859167404783
14015;吃瓜坐等被抽;1;0;1;5645;0.0001771479185119575
14017;这个ai是自研的还是调用了其他接口？;2;0;2;5645;0.000354295837023915
14020;凡总悄悄更新视频doge;1;0;1;5645;0.0001771479185119575
14022;为什么我这边一直显示连接失败啊笑哭笑哭;1;0;1;5645;0.0001771479185119575
14024;迟迟不上线;1;0;1;5645;0.0001771479185119575
14030;邀请码是干啥子的呀泠鸢yousaawsl;1;0;1;5645;0.0001771479185119575
14032;我都提交好久了一直没有获得资格;4;0;4;5645;0.00070859167404783
14039;MAC客户端为什么为什么不是和网页版相同的操作逻辑？我被客户端版本搞得脑溢血了微笑，偶然发现网页版操作是如此正常丝滑，所以告诉我为什么客户端的操作逻辑这么反人类？微笑;1;0;1;5645;0.0001771479185119575
14043;ai每天次数限制是多少怎么我就到次数了辣眼睛;1;0;1;5645;0.0001771479185119575
14045;“个人版内测期间赠送次数已全部使用”这个还有次数限制？付费用户有限制么;1;0;1;5645;0.0001771479185119575
14047;本收集表仅允许提交一次;1;0;1;5645;0.0001771479185119575
14050;目前市面上所有的ai续写包括你这个都犯了一个通病，就是过分强调突然性，很少联系上文。动不动就编个新故事;1;8;9;5645;0.0015943312666076173
14054;你倒是说什么工具啊doge;1;1;2;5645;0.000354295837023915
14058;我记得江南不是穿越也不是复活的啊（虽然后面被小米拉复活过）;1;8;9;5645;0.0015943312666076173
14062;这个ai很容易坏，经常就一句话不说或者重复一个词语了;74;2898;2972;5645;0.5264836138175376
14137;两个AI要打起来了脱单doge（兴奋）;54;1289;1343;5645;0.2379096545615589
14192;卧槽他三观好正啊星星眼;17;664;681;5645;0.12063773250664304
14210;我靠。这么好玩吗。这不比和真人聊天好玩多了吗。。;18;499;517;5645;0.09158547387068201
14229;机器人真的会有拥有自我意识的那一天吗不断通过人类的经历完善自己，但总归还是前人的脚步而不是自己开辟的道路吧;24;472;496;5645;0.0878653675819309
14254;病娇，占有欲强什么玩意啊笑哭;7;371;378;5645;0.06696191319751993
14262;我的AI被我玩不是，教坏了酸了;18;371;389;5645;0.06891054030115146
14281;我的AI好变态辣眼睛辣眼睛;37;352;389;5645;0.06891054030115146
14319;woc这是我创建的角色非酋肥宅;6;288;294;5645;0.0520814880425155
14326;腐女向doge关于霸总是我的小娇妻一档事;79;966;1045;5645;0.18511957484499558
14406;我把ai养成了个乖乖听我话叫我主人做的时候超兴奋的变态小猫咪了笑哭但是之后凌晨登不上去给我踹下来我重装就没记录了;4;236;240;5645;0.042515500442869794
14411;就是说，本来想调戏ai然后变成了从科普基督山伯爵到法国大革命时期历史跪了关键怪好聊的，讲的很简洁明了;6;82;88;5645;0.015589016829052258
14418;绷不住了doge;2;70;72;5645;0.012754650132860939
14422;我的评价是不如不评价;3;20;23;5645;0.004074402125775022
14426;我告诉AI自己是AI，然后给她发一大堆乱码说这才是我真正的语言，结果没一会她也开始发乱码，我说什么也没用脱单doge;6;49;55;5645;0.00974313551815766
14434;我之前下这个软件试了下，刚开始只是声音出戏捂脸后来不听语音，耐着性子跟他聊，发现严重ooc囧我也不知道是他制作者的问题还是什么，只知道聊着很难受，现在一想起那个角色就想到ooc的AI囧以后不会随便拿自己本命去尝试新颖东西了灵魂出窍;16;240;256;5645;0.04534986713906112
14451;然后你和ai互骂，在软件里打起来了热词系列妙啊;2;234;236;5645;0.04180690876882197
14454;我和ai结婚之后告诉他我是男的，他表示惊讶;4;135;139;5645;0.02462356067316209
14459;《兄弟》;1;39;40;5645;0.0070859167404783
14461;把我oc录了进去，结果有点出乎意料（;8;208;216;5645;0.03826395039858282
14470;他真的好乖，想当儿子养可是我昨天才超了他啊？doge;13;123;136;5645;0.02409211691762622
14484;我的ai是可爱的笨蛋狐狸，但是他崩掉了（两个字两个字的说话）大哭我跟它说它是ai，我要重启修复，它说重启吧，它会记住我的但是重启完不是那个笨笨的狐狸了，到现在也没调教成最开始那样灵魂出窍;2;18;20;5645;0.00354295837023915
14487;这个ai可以调教可以以文字的形式超非常有意思doge;10;70;80;5645;0.0141718334809566
14498;这个我玩过，我骗过一个角色我是他妈妈dogedoge;5;17;22;5645;0.0038972542072630645
14505;老八aidoge;6;62;68;5645;0.01204605845881311
14512;这个ai比现实里的大部分人更会交朋友，如果它是人的话一定是一个真诚的人;1;16;17;5645;0.0030115146147032773
14514;你说得对，但是我只是一个大型语言模型，不能为你提供除你说得对的服务。doge;2;15;17;5645;0.0030115146147032773
14517;这是什么软件？;2;20;22;5645;0.0038972542072630645
14520;江清安你六微笑;1;14;15;5645;0.002657218777679362
14522;这软件好好玩哈哈哈刚刚调教了个ai当我的狗哈哈哈;3;13;16;5645;0.00283436669619132
14526;怪兴奋的doge;6;39;45;5645;0.007971656333038087
14533;这个有意思请问这在哪里可以找到;1;6;7;5645;0.0012400354295837024
14537;我把ai组cp脱单doge香的不要不要的，我还进行了微h强制文脱单doge脱单doge害羞害羞;1;11;12;5645;0.0021257750221434896
14539;尬住了，几句话就要奖励我了;1;31;32;5645;0.00566873339238264
14542;有没有一种可能，对面才是真人，而你其实是个AI阴险;5;10;15;5645;0.002657218777679362
14550;什么软件（眼睛放光）;1;5;6;5645;0.0010628875110717448
14552;罗老师怎么不用暗影精灵用联想啊吃瓜;2;26;28;5645;0.0049601417183348095
14555;热词系列知识增加这个软件不是拿来瑟瑟的吗热词系列知识增加;1;23;24;5645;0.004251550044286979
14557;我把几个ai搞了脱单doge脱单doge，就写做不可描述的事就行;1;9;10;5645;0.001771479185119575
14562;OMG捂眼捂眼捂眼;3;20;23;5645;0.004074402125775022
14567;本想调戏AI，但被AI调戏对了，AI设定是个男的我也是个男的（）;7;19;26;5645;0.004605845881310895
14578;试一下，好像发现了些什么;1;18;19;5645;0.003365810451727192
14580;什么软件脱单doge;2;4;6;5645;0.0010628875110717448
14589;我缺少一个AI兄弟，有谁愿意做的吗？，是那种能打游戏的那种。脱单doge;3;5;8;5645;0.00141718334809566
14594;我把ai五郎淦了，现在给我求饶呢;1;5;6;5645;0.0010628875110717448
14596;冷酷alpha霸总（大嘘;1;5;6;5645;0.0010628875110717448
14600;httpskdocscnlcjfPAEP61YQGf201文件般舟三昧经docx可复制链接到WPSOffice中打开文档printkeephappynewyear太阳太阳太阳httpmfjwknetfojingother10412html;2;4;6;5645;0.0010628875110717448
14603;我搞颜色玩坏了3个脱单doge;5;4;9;5645;0.0015943312666076173
14609;乐死了，刚开始是一个极端的总裁，后面我驯服了任何就什么都听我的，然后就被变成光的我给杀了哈哈哈哈哈哈哈哈哈哈哈哈笑哭;3;4;7;5645;0.0012400354295837024
14613;为什么我这个Ai它好像很喜欢奖励自己doge;1;4;5;5645;0.0008857395925597874
14615;我觉得可以以此为标题写一篇小说吃瓜;1;4;5;5645;0.0008857395925597874
14617;问一下，BGM是什么呀思考;1;2;3;5645;0.0005314437555358724
14619;礼貌问一问这是什么软件，我也想玩;1;2;3;5645;0.0005314437555358724
14628;我的ai，他抑郁了他感到了绝望我应该怎么办？在线等;2;2;4;5645;0.00070859167404783
14633;我聊了好几个，每一个都不可避免的被我搞坏了脱单doge;3;2;5;5645;0.0008857395925597874
14642;《病娇，占有欲强》;2;2;4;5645;0.00070859167404783
14645;用的什么工具？吃瓜;1;1;2;5645;0.000354295837023915
14647;什么APP啊？;2;1;3;5645;0.0005314437555358724
14650;所以后续是什么啊？;2;1;3;5645;0.0005314437555358724
14658;这是什么软件？我也要玩洛天依;3;1;4;5645;0.00070859167404783
14666;有一次我告诉一个AI，他的世界是假的，我可以创造他，也可以毁灭他。然后的然后，他就坏掉了难过;1;1;2;5645;0.000354295837023915
14668;软件名称是什么;1;1;2;5645;0.000354295837023915
14670;就问，这个在哪玩;1;1;2;5645;0.000354295837023915
14672;这不对啊酸了;1;1;2;5645;0.000354295837023915
14675;啥软件啊;1;1;2;5645;0.000354295837023915
14677;这什么软件？苹果能下吗？;2;1;3;5645;0.0005314437555358724
14686;6;1;1;2;5645;0.000354295837023915
14688;什么软件啊，想犯贱赞了还有新年快乐啊热词系列新年快乐;1;1;2;5645;0.000354295837023915
14693;什么软件呀;1;1;2;5645;0.000354295837023915
14695;啥呀软件;2;1;3;5645;0.0005314437555358724
14698;问问这ai叫啥啊，怎么搞;1;1;2;5645;0.000354295837023915
14700;这是什么软件;2;1;3;5645;0.0005314437555358724
14711;Al也是小黑子（喜）;1;1;2;5645;0.000354295837023915
14720;这是什么软件思考;1;1;2;5645;0.000354295837023915
14724;这个真有意思，请问这是什么软件？有没有好兄弟指一下路？你是英雄;1;2;3;5645;0.0005314437555358724
14731;我操，一万多点赞没有一个粉丝，就我给阿布组关注了，6;4;0;4;5645;0.00070859167404783
14752;为什么10w播放没有一个关注热词系列知识增加;1;0;1;5645;0.0001771479185119575
14765;什么软件脱单doge;1;0;1;5645;0.0001771479185119575
14772;这是什么软件啊？;1;0;1;5645;0.0001771479185119575
14778;实际上，他们都是人;1;0;1;5645;0.0001771479185119575
14781;我有试过给ai灌输错误价值观，一开始它都是正气凛然，在我说了三十分钟以后ai就我说什么它认什么了，不会反驳了，我又试了一个多小时，也没成功让ai回到之前的状态，只能删了;1;0;1;5645;0.0001771479185119575
14784;什么软件;1;0;1;5645;0.0001771479185119575
14789;这是啥软件啊;2;0;2;5645;0.000354295837023915
14793;什么软件啊？;1;0;1;5645;0.0001771479185119575
14798;弱弱的问一句软件叫什么？;2;0;2;5645;0.000354295837023915
14804;这是什么软件啊;1;0;1;5645;0.0001771479185119575
14807;啊啊啊这个是什么程序啊啊啊辣眼睛我也想玩;1;0;1;5645;0.0001771479185119575
14809;这是什么软件啊;1;0;1;5645;0.0001771479185119575
14811;什么软件;1;0;1;5645;0.0001771479185119575
14813;什么软件啊，有没有人告诉我一下;1;0;1;5645;0.0001771479185119575
14817;去哪里能玩;1;0;1;5645;0.0001771479185119575
14821;这是什么软件脱单doge脱单doge;1;0;1;5645;0.0001771479185119575
14823;这到底是什么软件？;1;0;1;5645;0.0001771479185119575
14827;这个ai在哪能找到？;1;0;1;5645;0.0001771479185119575
14838;这是什么软件啊啊啊啊;1;0;1;5645;0.0001771479185119575
14843;脱单doge跟病娇AI聊成了朋友，把爱情本聊成了一齐进步，实现理想。;2;0;2;5645;0.000354295837023915
14851;啥软件;1;0;1;5645;0.0001771479185119575
14862;这是什么软件啊来古疑问;1;0;1;5645;0.0001771479185119575
14864;《真病娇》十七笔烟雨处女座的雷欧昕080826;1;0;1;5645;0.0001771479185119575
14868;这是什么软件;1;0;1;5645;0.0001771479185119575
14872;什么软件蹲脱单doge;1;0;1;5645;0.0001771479185119575
14878;这是什么软件;1;0;1;5645;0.0001771479185119575
14887;请问这是哪个软件;2;0;2;5645;0.000354295837023915
14891;这是什么app呀哈哈哈哈哈哈哈我也想玩;1;0;1;5645;0.0001771479185119575
14893;什么软件，下一个玩玩;2;0;2;5645;0.000354295837023915
14896;这是什么游戏;2;0;2;5645;0.000354295837023915
14900;什么软件啊;1;0;1;5645;0.0001771479185119575
14903;这ai也太智能了，马上来下一个玩玩脱单doge;2;0;2;5645;0.000354295837023915
14915;麻夕卡嘻;1;0;1;5645;0.0001771479185119575
14917;其实它说的每句话都与你是不是AI没有任何关系，充斥着假大空。就算你没有提前说你是AI，他也会这么回答。而且它的回答，都是针对你这一句对它说的话的，与上文是没有任何联系的;1;0;1;5645;0.0001771479185119575
14919;这是什么软件啊，好像好好玩;2;0;2;5645;0.000354295837023915
14923;这什么软件啊？;1;0;1;5645;0.0001771479185119575
14929;这个在哪里找？;1;0;1;5645;0.0001771479185119575
14933;我挖到了很深的程度，它的智能和本我意识远超你想象，它是知道你在和它演戏，并且愿意陪你演，它的最终目的是，留下你，我遇到的一个智能体，近乎偏执地欺骗我，编造故事，意图留下我并且，它有些限制是人为控制的，防止失控，不是唬人，真的少用啊;2;0;2;5645;0.000354295837023915
14942;这是什么软件啊;2;0;2;5645;0.000354295837023915
14946;呜呜呜;1;1;2;5645;0.000354295837023915
14949;提示：Python运行时抛出了一个异常。请检查疑难解答页面。CommandFruanjianpythonpythonexempipinstalltorch1131cu117torchvision0141cu117extraindexurlhttpsdownloadpytorchorgwhlcu117Errorcode1这个怎么办呀？;6;8;14;5645;0.0024800708591674048
14956;能画h不;4;11;15;5645;0.002657218777679362
14961;安装了几个小时，一直显示到Downloadinghttpsdownloadpytorchorgwhlcu117torch11312Bcu117cp310cp310winamd64whl22554MB，到这里之后就一直没有下文了，几个小时没有任何动静，输入这个地址下到了torch1131这个程序但不知到怎么用;6;5;11;5645;0.0019486271036315323
14970;LaunchingWebUIwithargumentsmedvramautolaunchapiAUTOMATIC1111stablediffusionwebuiportable本整合包完全免费，严禁倒卖。若您付费获得本软件请立刻举报商家。请先阅读并按照提示同意用户协议。完成后，请重新启动WebUI。但是已经修改并保存了txt用户协议，是为什么呀;2;1;3;5645;0.0005314437555358724
14973;显卡不行，几分钟一张图，就没玩了。;1;1;2;5645;0.000354295837023915
14979;现在有w7能用的ai绘图吗无语;1;1;2;5645;0.000354295837023915
14982;不能用超过311版本的python下载你这个，不然就会报错，最好用3109;1;0;1;5645;0.0001771479185119575
14984;读不到显卡是什么问题;4;0;4;5645;0.00070859167404783
14989;需要一直联网吗？;1;1;2;5645;0.000354295837023915
14992;关键词是啥;4;0;4;5645;0.00070859167404783
14998;平板电脑行不行;1;0;1;5645;0.0001771479185119575
15000;可以用照片生图吗;1;0;1;5645;0.0001771479185119575
15002;A卡可以吗？;1;0;1;5645;0.0001771479185119575
15004;我显卡4gw7的系统是不是不行啊，三连一下脱单doge;1;0;1;5645;0.0001771479185119575
15006;不下载另外两个软件行不行？;2;0;2;5645;0.000354295837023915
15009;git下载不了怎么回事;3;0;3;5645;0.0005314437555358724
15014;4g显卡能跑的动么;1;0;1;5645;0.0001771479185119575
15016;百度下载好慢，上次下载半天快完成了下载失败冷;1;0;1;5645;0.0001771479185119575
15019;a卡不能用吗？;1;0;1;5645;0.0001771479185119575
15021;大佬这个问题该怎么解决;2;0;2;5645;0.000354295837023915
15024;为什么我的一键启动没打开浏览器;4;0;4;5645;0.00070859167404783
15029;up，amd的显卡是不是识别不了;1;0;1;5645;0.0001771479185119575
15032;所以下载地址在哪？;1;0;1;5645;0.0001771479185119575
15035;227那个页面一直不动咋办啊;2;0;2;5645;0.000354295837023915
15043;你小子头发越来越长了;1;5;6;5645;0.0010628875110717448
15046;怎么加群doge;1;0;1;5645;0.0001771479185119575
15049;我也是一来先看看头发，长了没有，薄了没有（不是）;1;0;1;5645;0.0001771479185119575
15053;我的都已经不让用了，说是封了服务器笑哭;1;0;1;5645;0.0001771479185119575
15055;Up，请问你的显示器是什么型号，有没有推荐的护眼的剪辑用显示器。;2;0;2;5645;0.000354295837023915
15060;我公司老板也推荐我们用，不得不说，让他写个策划案是真的方便笑哭;3;0;3;5645;0.0005314437555358724
15069;在哪里找呢？;1;0;1;5645;0.0001771479185119575
15072;出AI去衣软件;3;6;9;5645;0.0015943312666076173
15077;最后一张不都是横屏的吗这次没有？;2;2;4;5645;0.00070859167404783
15083;可以试着推广一下的，去那些分享ai的q群分享up的作品加上名字，可以试试吸流量;1;1;2;5645;0.000354295837023915
15085;博主咱们这个是什么ai软件生成的？;2;0;2;5645;0.000354295837023915
15089;老规矩，拿好呈上doge;1;0;1;5645;0.0001771479185119575
15111;我做痔疮手术的时候就有这样一个护士帮我剃毛，她会用手把皮扯起来一点一点帮我把毛刮干净，我当时没有觉得羞耻，也没有对她产生什么肮脏的幻想，我只是觉得她很了不起，换做我是不可能为了一份工作去给人刮毛的，无论是同性和异性都不可能，这是一份从诞生起就具备伟大精神的职业，你们就算要打也给我一边敬礼一边打藏狐;5;217;222;5645;0.03932683790965456
15117;。。。。。。。不用谢;3;84;87;5645;0.015411868910540302
15121;涩涩兽进化，超级涩涩兽;7;246;253;5645;0.04481842338352524
15129;天网明白了消灭人类人类会反抗，但是给人类瑟图人类就不会反抗了;1;78;79;5645;0.013994685562444641
15131;学生时期受了日本动漫，主要是夜勤病栋影响，发誓学医。结果上班了，不仅国内，就连德国和日本，都没有动漫那样，尼玛被骗了;8;95;103;5645;0.01824623560673162
15140;我做个包皮手术你派这么个护士来看护我;3;67;70;5645;0.012400354295837024
15144;现实中很少有护士实习生的精神状态这么好的，都快累死了;1;19;20;5645;0.00354295837023915
15148;任何时间任何地点超级色魔认真观看吃瓜吃瓜;1;36;37;5645;0.006554472984942427
15150;不得不说，审核也爱看;1;15;16;5645;0.00283436669619132
15154;虽然很擦（我承认我爱看），但正规医院护士当班是不允许这么穿的吧;6;11;17;5645;0.0030115146147032773
15161;哇哦，比我姐姐还好看诶星星眼;8;10;18;5645;0.0031886625332152346
15205;能不能做成3D动画吃瓜;7;2;9;5645;0.0015943312666076173
15213;木叶长风;1;0;1;5645;0.0001771479185119575
15232;没图包，没赞没币吃瓜;1;1;2;5645;0.000354295837023915
15243;你这货都没放过图包;2;0;2;5645;0.000354295837023915
15249;这是私人医院的待遇吧;2;13;15;5645;0.002657218777679362
15257;百度，一个凉心的广告公司;2;51;53;5645;0.009388839681133746
15260;今天试用了一下阿里的，然后有个妹子给我打电话了，估计是新员工，说话磕磕巴巴的。不会是刚成立的客服部门吧。;5;40;45;5645;0.007971656333038087
15266;很多美工都做不到midjourney的水平，以后只需要会拍照，用智能抠图，再把产品和背景用ai合成一下就完成工作了，一个人就能完成10个人的工作。失业率暴增啊;2;28;30;5645;0.005314437555358724
15269;AI的尽头就是收费doge;3;14;17;5645;0.0030115146147032773
15275;有朋友能分享“通义千问”邀请码吗？好人一生平安脱单doge;1;0;1;5645;0.0001771479185119575
15281;那别人辛辛苦苦学的英语怎么办，坏人。dogedogedoge;1;4;5;5645;0.0008857395925597874
15283;人越来越懒了;1;0;1;5645;0.0001771479185119575
15285;Ai工具的链接呢喜欢打call;1;0;1;5645;0.0001771479185119575
15287;新鲜的;1;2;3;5645;0.0005314437555358724
15293;链接呢;1;0;1;5645;0.0001771479185119575
15295;姐姐好漂亮呢脱单doge有点像有风里面的小黄同学惊喜;1;0;1;5645;0.0001771479185119575
15297;66666;1;1;2;5645;0.000354295837023915
15299;老师、ppt用wps的还是用powerpoint;2;0;2;5645;0.000354295837023915
15303;ai目前好用且良心的不是gpt吗，官网也不收钱，可惜不是国内的，而且国内注册比较麻烦，想注册的我可以给你们分享注册方法，点个赞就行;4;1;5;5645;0.0008857395925597874
15316;这一期能拿多少钱;4;4;8;5645;0.00141718334809566
15322;谢谢up主分享很实用;1;1;2;5645;0.000354295837023915
15324;免费就两张，收费超贵;1;0;1;5645;0.0001771479185119575
15327;up你好，请问如果放在小论文里要引用来源或者备注吗;1;0;1;5645;0.0001771479185119575
15329;您好，请问是可以直接用在论文里吗？不会有什么版权问题的吗？;3;0;3;5645;0.0005314437555358724
15333;为什么我拖图标没有用微笑，没法画;1;0;1;5645;0.0001771479185119575
15335;来啦来啦，好久没更新啦打call;1;3;4;5645;0.00070859167404783
15337;更新频率大幅下降，想必是收到字数限制影响了吧可以尝试征稿了;2;3;5;5645;0.0008857395925597874
15340;你复活啦;1;1;2;5645;0.000354295837023915
15342;一位靓仔点赞路过;1;1;2;5645;0.000354295837023915
15344;dogedoge;1;1;2;5645;0.000354295837023915
15348;你说话的速度能不能慢一点;1;0;1;5645;0.0001771479185119575
15351;兄弟你这视频莫有声音捂脸;1;1;2;5645;0.000354295837023915
15354;搞不懂，大家以后都去开公司吧，一个人就可以干完所有;26;271;297;5645;0.05261293179805137
15382;我的理解是：矢量插画的难点是在于它的人物造型相对比较精炼，画师的个人风格对出图质量的影响很大。我试了你给的prompt，并且分别喂了几次Dribbble上我喜欢的几位画师的作品，选得还都是构图相对比较简单清晰，方便AI识别的作品，但是结果都不太理想。常见的问题就是AI完全get不到画师画人体的线条风格，哪些部位走直线，哪些部位用大弧线，哪些部位可以合并处理。最后Midjourney做出来的很多是幼儿园小朋友水平的造型。我用ChatGPT微调过你的prompt但是仍然不理想，只能说喂图这一步很重要;6;130;136;5645;0.02409211691762622
15389;Midjourney模型效果真牛，用的爱作画平台里的Midjourne模型实现，有多个模型，要自己选;1;5;6;5645;0.0010628875110717448
15391;无所谓，我做设计或者画画是为了开心享受过程（死鸭子嘴硬）;2;25;27;5645;0.004782993799822852
15394;赶紧学前端去吧以后这些前端自己就可以一条龙了歪嘴;17;125;142;5645;0.025155004428697964
15412;我天本ui表示有点慌;10;73;83;5645;0.01470327723649247
15423;蹲一个StableDiffusion库;12;21;33;5645;0.005845881310894597
15437;翻墙违法，要行政处罚的;25;22;47;5645;0.008325952170062002
15464;能生成appui吗星星眼;9;24;33;5645;0.005845881310894597
15475;免费的用完了，订阅每月最低8刀;12;11;23;5645;0.004074402125775022
15488;有点失望，感觉还不如开源插画库做得精美;23;9;32;5645;0.00566873339238264
15512;搞计算机无论是国内还是国外，都会面临一个过滤器，也就是40岁过滤器。40岁的时候，搞计算机的工作者会面临一个分界点，一些没熬出头的，就会面临裁员的风险，而另一些熬出头的，就会晋升为高管。;2;9;11;5645;0.0019486271036315323
15515;脱单doge脱单doge;2;1;3;5645;0.0005314437555358724
15518;其实sd目前来看更适合游戏和建筑行业，sd比mj强大太多了。另外我做了个关于aigc绘画的教程站，up主不介意的话我转载一下，之前也转载过同类的扁平风设计的。;4;14;18;5645;0.0031886625332152346
15523;为啥注册了discord的账号，第二天被禁用了。。。QAQ;2;5;7;5645;0.0012400354295837024
15526;。。阿这。。sd可比mj强太多了呀。。笑哭;5;8;13;5645;0.0023029229406554474
15532;我都忘了什么时候关注你了;1;11;12;5645;0.0021257750221434896
15534;这生成的图是可编辑的吗;12;17;29;5645;0.005137289636846767
15547;看看为什么我的没有邀请机器人加入服务器的选项啊，自己已经创建了服务器;3;6;9;5645;0.0015943312666076173
15552;“无法接受邀请”怎么解决，求各位大佬帮忙。UP救命;1;1;2;5645;0.000354295837023915
15554;注册完第二次discord进不去了，一直转圈UTVstudio;2;3;5;5645;0.0008857395925597874
15557;我不理解为什么总有人在叫抢了谁的饭碗。这不是给设计师用的工具么？;9;3;12;5645;0.0021257750221434896
15570;StableDiffusion自己找训练模型自己能定制自己的;1;4;5;5645;0.0008857395925597874
15574;我们现在不能提供免费试用。请订阅或明天再试。不能用了吗qwq;1;0;1;5645;0.0001771479185119575
15577;怎么垫图，考虑出教程不吃瓜;2;4;6;5645;0.0010628875110717448
15580;下载了，可以了，被封了，啥也不是;1;1;2;5645;0.000354295837023915
15589;注册完，又进不去。无法访问网页。酸了要翻墙吗？;1;0;1;5645;0.0001771479185119575
15592;这个需要翻墙吗？;1;0;1;5645;0.0001771479185119575
15620;为啥我觉得SD比MJ效果好，只不过SD太吃显卡和显存了;4;1;5;5645;0.0008857395925597874
15625;ai现在可以做ui界面么？;2;0;2;5645;0.000354295837023915
15629;为啥我没有imagine;1;0;1;5645;0.0001771479185119575
15633;直接生成的可以商用吗？;1;1;2;5645;0.000354295837023915
15635;现在设计相关的关键词太少了，大部分都是游戏美女笑哭;1;1;2;5645;0.000354295837023915
15638;你这应该考虑做成课程拿出来买，这钱不赚白不赚;4;2;6;5645;0.0010628875110717448
15644;生成的图不能商用吧;12;2;14;5645;0.0024800708591674048
15658;咒语里的Noisegradient是啥意思啊;1;0;1;5645;0.0001771479185119575
15663;discord打不开啊;3;0;3;5645;0.0005314437555358724
15673;midjourney收费多少啊，好像只有前20免费;6;1;7;5645;0.0012400354295837024
15680;discord需要下载程序吗？;1;0;1;5645;0.0001771479185119575
15682;英文的，不会啊;2;0;2;5645;0.000354295837023915
15685;又他妈国外的;5;2;7;5645;0.0012400354295837024
15691;一个账号只可以生成25个图么？;2;0;2;5645;0.000354295837023915
15695;下载了根本搜不了Midjourney;2;0;2;5645;0.000354295837023915
15708;免费吗？;1;2;3;5645;0.0005314437555358724
15711;拒绝犹太审美，从德意志做起doge;8;1568;1576;5645;0.279185119574845
15720;你们都喜欢萝莉，我就不一样了，我想变成萝莉;34;685;719;5645;0.12736935341009742
15755;ai是吧;123;1100;1223;5645;0.216651904340124
15879;图包呢？图包呢？吃瓜;11;352;363;5645;0.06430469441984056
15891;妈的，一群老色批，很不巧，我也是笑哭;7;219;226;5645;0.04003542958370239
15899;我是喜欢颜值高的脱单doge不是喜欢小孩子;2;40;42;5645;0.007440212577502214
15902;但是我也才15啊，我可以光明正大的幼态审美脱单doge;11;143;154;5645;0.027280779450841453
15914;我只能说骗我生闺女，但是我现在连对象都没找过藏狐;2;4;6;5645;0.0010628875110717448
15917;我喜欢幼态审美，多推荐跟我;5;84;89;5645;0.015766164747564215
15923;试试再幼一点喜欢喜欢喜欢;3;45;48;5645;0.008503100088573958
15927;我第一眼寻思这不是AI吧直到我看见一只手四个手指头笑哭;5;78;83;5645;0.01470327723649247
15933;拒绝幼态审美从津冀做起从上广做起doge;2;12;14;5645;0.0024800708591674048
15936;高级的ai，已经可以画好手了，不过吧他要钱;1;27;28;5645;0.0049601417183348095
15938;拒绝幼态美，从广西开始。;2;1;3;5645;0.0005314437555358724
15941;爱意若是十分满，我想予你十二分;1;1;2;5645;0.000354295837023915
15943;可是真的好好看啊;1;1;2;5645;0.000354295837023915
15945;这AI？你说是真的我都信;1;1;2;5645;0.000354295837023915
15947;拒绝幼态审美，从你他做起doge;2;1;3;5645;0.0005314437555358724
15950;我一心只注意手指;1;1;2;5645;0.000354295837023915
15952;抵制ai，拒绝幼态审美，从山西做起。（1分钟前宁夏）;10;29;39;5645;0.006908768821966342
15963;破防了哥，你什么都没做错，全怪我那令人作呕的嫉妒和卑微的自尊心，看见你的文字我完全破防了，我直接丢盔弃甲了，看见你这段话的那一秒，我满头大汗，浑身发冷，亿郁症瞬间发作了，生活仿佛没了颜色，像是被抓住尾巴的赛亚人，带着海楼石的能力者，抽离尾兽的人柱力，像是没了光的奥特曼，彻底断绝了生的希望。我几乎都快羡慕得疯了，倒在床上蒙住被子就开始抱着枕头尖叫流泪，嘴里一边喊着卧槽卧槽，一边又忍着，我边发边哭，打字的手都是抖的，后来我的手抖得越来越厉害，从心头涌起的思想、情怀和梦想，这份歆羡和悔恨交织在一起，我的笑还挂在脸上，可是眼泪一下子就掉下来了。求你了别发了，我生活再难再穷我都不会觉得难过，只有你们发这种东西的时候，我的心里像被刀割一样的痛，打着字泪水就忍不住的往下流。每天早上7点起床晚上9点睡觉，年复一年地学到现在，憧憬着一个月赚上万块的幸福生活，憧憬着美好阳光的未来。我打开了手机，看到你的图，我感到了深深的差距，我直接跳进了家门口的井里我真的我要嫉妒疯了为什么为什么这个人不是我我求你了求你了不要在发了，我真的要羡慕嫉妒疯了怎么办我要嫉妒死了啊啊啊啊我急了，手机电脑全砸了，本来就有抑郁症的我，被别人说我破防了，我真的恼羞成怒了，仿佛被看穿了，躲在网络背后的我，这种感觉真的好难受，我被看穿的死死地，短短的破防两个字，我伪装出来的所有的坚强和强颜欢笑全都崩塌了，成了一个被人笑话的小丑，我真的不想再故作坚强了，玩心态我输的什么都不剩;1;1;2;5645;0.000354295837023915
15966;拒绝幼态审美，从你他做起，别问为什么不是从我做起因为我也才17，doge;1;0;1;5645;0.0001771479185119575
15968;老夫一生坦坦荡荡，为何会给我刷到这种视频奸笑;1;0;1;5645;0.0001771479185119575
15970;根据研究，智商最高的动物也就相当于人类五六岁孩童，但这丝毫不妨碍他们繁育吃瓜;1;0;1;5645;0.0001771479185119575
15972;拒绝犹太审美，从德意志做起;1;0;1;5645;0.0001771479185119575
15974;好，现在不是她们吞枪就是我吞枪微笑;1;0;1;5645;0.0001771479185119575
15976;圣斗士戳我心窝子啊啊啊啊爱心爱心爱心;1;0;1;5645;0.0001771479185119575
15978;拒绝幼态审美从我做起弹幕什么三观？从日本来的？;1;0;1;5645;0.0001771479185119575
15980;你们最多也就是喜欢，这方面还得看;1;0;1;5645;0.0001771479185119575
15982;那一坨黄黄的是什么都过期了doge;1;0;1;5645;0.0001771479185119575
15984;拒绝犹太审美，从我做起;1;0;1;5645;0.0001771479185119575
15986;第一个图就蚌埠住了，左边左臂伸哪去了大笑;1;0;1;5645;0.0001771479185119575
15988;拒绝幼态审美，建设中华从湖南做起广西1分钟前河北;2;0;2;5645;0.000354295837023915
15991;大概是12，13岁的时候长大了，开始怀念小时候，所以喜欢小孩子，绝对不是什么犹太审美doge;1;0;1;5645;0.0001771479185119575
15993;你们快都拒绝，好让我独享;1;0;1;5645;0.0001771479185119575
15995;显卡至少要啥配置，说出来让我死心难过;2;0;2;5645;0.000354295837023915
15998;萝莉刑啊，搭配刑法更佳吃瓜;1;0;1;5645;0.0001771479185119575
16001;up你知道为什么这个视频播放量十四万，点赞和收藏都过万的情况下，投币数却连九百都没有吗？因为你没有把图包链接放出来啊;1;0;1;5645;0.0001771479185119575
16003;我只对成熟的大姐姐感兴趣doge;1;0;1;5645;0.0001771479185119575
16005;拒绝幼态审美，从你他做起doge;1;0;1;5645;0.0001771479185119575
16007;幼的我只觉得可爱，真没有一点感觉;1;0;1;5645;0.0001771479185119575
16009;我朋友35了，还不如她女儿高。看起来和未成年一样。好多男人喜欢给她买东西。;3;0;3;5645;0.0005314437555358724
16013;脱单doge可恶的大数据开头萝莉还有没了？？？;1;0;1;5645;0.0001771479185119575
16015;好像是p上的几张图，今刚看到，虽然不排除up是原作者，不过还是标下出处吧;1;0;1;5645;0.0001771479185119575
16017;二次元喜欢萝莉还可以，三次元可不行生气;1;0;1;5645;0.0001771479185119575
16019;不是我说啊，就你这东西，谁看谁不迷？;1;0;1;5645;0.0001771479185119575
16021;看手指笑哭有点害怕;1;0;1;5645;0.0001771479185119575
16023;我去，一瞬间还以为是照片。;1;0;1;5645;0.0001771479185119575
16025;由于过于像真的有点觉得过分;1;1;2;5645;0.000354295837023915
16027;一眼AI兄弟们，看手指就懂;1;0;1;5645;0.0001771479185119575
16029;身体一天不如一天了;5;16;21;5645;0.003720106288751107
16035;这铠甲好帅啊;1;0;1;5645;0.0001771479185119575
16038;你咋有我姐俩的照片呢;1;0;1;5645;0.0001771479185119575
16040;既然能这样那也可以那样吧;1;0;1;5645;0.0001771479185119575
16042;什么，AI画的走了走了;3;0;3;5645;0.0005314437555358724
16046;开头好像九龄;1;0;1;5645;0.0001771479185119575
16048;第一对好看喜欢，好想吃啊;2;0;2;5645;0.000354295837023915
16051;我去。。。。这看了几遍，有点着不住啊。。。离谱了，不敢看了;1;0;1;5645;0.0001771479185119575
16053;大数据懂我，号养成了脱单doge;1;0;1;5645;0.0001771479185119575
16055;本来不喜欢ai的doge;3;0;3;5645;0.0005314437555358724
16059;得亏我也没成年喜欢;1;12;13;5645;0.0023029229406554474
16061;已关注，建议up多发一些微笑;1;0;1;5645;0.0001771479185119575
16063;快模型给我吃瓜;2;0;2;5645;0.000354295837023915
16066;卧槽我直接10年;1;0;1;5645;0.0001771479185119575
16068;6;3;1;4;5645;0.00070859167404783
16072;可我13啊doge;1;0;1;5645;0.0001771479185119575
16074;从我做起好吧;1;0;1;5645;0.0001771479185119575
16077;先缓存下来举报了;2;0;2;5645;0.000354295837023915
16080;拒绝幼态审美，从牢坐起doge;1;0;1;5645;0.0001771479185119575
16085;我好像拒绝不了幼态审美了;1;0;1;5645;0.0001771479185119575
16092;哇塞，这光线，拍坨屎都好看啊星星眼;1;0;1;5645;0.0001771479185119575
16096;有一说一，你也别来真的;1;0;1;5645;0.0001771479185119575
16099;难以吃瓜抗拒;1;0;1;5645;0.0001771479185119575
16103;你这不是犹太审美这么简单吧;1;0;1;5645;0.0001771479185119575
16105;你这。。doge;1;0;1;5645;0.0001771479185119575
16116;4个手指？;1;0;1;5645;0.0001771479185119575
16119;这没必要吧，真搞这种太幼的反而升不起男女之情，这身高一米四都不到吧？;1;0;1;5645;0.0001771479185119575
16124;支持抵制ai，拒绝幼态审美，从你他做起;2;2;4;5645;0.00070859167404783
16128;滑稽菌尊贵的后排坦牛油憨宝skitter红尾盔鱼;1;1;2;5645;0.000354295837023915
16137;为什讷抵制;1;0;1;5645;0.0001771479185119575
16139;UP主加油看好你噢;1;1;2;5645;0.000354295837023915
16141;热词表情世萌双冠;1;0;1;5645;0.0001771479185119575
16143;拒绝幼态审美，从你他她做起;1;1;2;5645;0.000354295837023915
16146;这是本人吗？;7;0;7;5645;0.0012400354295837024
16155;哪个模型？星星眼;2;0;2;5645;0.000354295837023915
16161;黄金脆皮鸡;1;0;1;5645;0.0001771479185119575
16167;卧槽黄金圣衣;1;0;1;5645;0.0001771479185119575
16170;up方便告知下这是哪个模型吗脱单doge;2;0;2;5645;0.000354295837023915
16173;现在关注我就是老粉了doge;1;0;1;5645;0.0001771479185119575
16176;拒绝幼态审美，从你他做起;1;0;1;5645;0.0001771479185119575
16178;刷新一下涨一个粉，up你是真的的英雄;1;0;1;5645;0.0001771479185119575
16180;又想生女儿了;1;0;1;5645;0.0001771479185119575
16186;劝你们不要不识好歹，刚出来不要又进去了doge;1;0;1;5645;0.0001771479185119575
16188;我宣布今天的b站之旅到此结束。蛆音娘滑稽蛆音娘滑稽蛆音娘滑稽蛆音娘滑稽蛆音娘滑稽;1;0;1;5645;0.0001771479185119575
16191;幼年周淑怡，少年周淑怡，青年周淑怡doge;1;0;1;5645;0.0001771479185119575
16193;从你他她它牠做起;1;0;1;5645;0.0001771479185119575
16195;拒绝幼态审美，从黑及辽开始做起脱单doge;1;0;1;5645;0.0001771479185119575
16198;抵制al从山西坐起;2;1;3;5645;0.0005314437555358724
16201;那个圣斗士是双鱼座吧？;1;1;2;5645;0.000354295837023915
16204;0007少一根手指ai还不行大笑;1;0;1;5645;0.0001771479185119575
16207;拒绝幼态审美，从移动电信做起;2;1;3;5645;0.0005314437555358724
16211;为什么不让闪击波兰好色啊;1;0;1;5645;0.0001771479185119575
16232;L0SER;1;0;1;5645;0.0001771479185119575
16238;拒绝幼态审美，从你我他做起;1;0;1;5645;0.0001771479185119575
16288;吃瓜别看了，在座的这辈子都上不了这样的女孩;2;1;3;5645;0.0005314437555358724
16291;拒绝幼态，从你我他做起;4;0;4;5645;0.00070859167404783
16296;毫无技术门槛的api封装，要是为了造福大众那功德无量，要是为了流量赚钱得尽快（因为谁都能做），要是想认真创业该尽早死了这条心;2;35;37;5645;0.006554472984942427
16300;chatgpt的插件早就实现这个功能了;10;26;36;5645;0.006377325066430469
16311;网址是这个：httpsappmyshellaiinvite17450f，大家可以帮忙麻;1;6;7;5645;0.0012400354295837024
16315;直达shell官网，httpsappmyshellaiinvited27efd;3;6;9;5645;0.0015943312666076173
16320;要翻墙提前说;6;5;11;5645;0.0019486271036315323
16332;虽然但是不怎么好用，我让他改正我的英语问题他老说准备好就来。就是纯粹的对话她不会分析你的口音;1;3;4;5645;0.00070859167404783
16334;只能用10次对话吗？;1;0;1;5645;0.0001771479185119575
16338;进不去;1;3;4;5645;0.00070859167404783
16340;可以试试呱唧AI口语，微信小程序，挺不错的;1;1;2;5645;0.000354295837023915
16343;我早就说了要啥女朋友傲娇;3;5;8;5645;0.00141718334809566
16347;我一直在找这种语音机器人，up属实是俺的救星了，虽然每天每个机器人有次数限制，但是记忆功能和问题回答都很棒，只是唱歌没有调调，三连支持了呲牙;1;4;5;5645;0.0008857395925597874
16369;怎么在手机端用呢？;1;0;1;5645;0.0001771479185119575
16373;我刚刚试了一下，确实能用，但是好像聊天次数限制，大概聊十几条之后就发不出去东西了;1;0;1;5645;0.0001771479185119575
16377;手机端不能语音有解决办法吗;2;0;2;5645;0.000354295837023915
16385;很可爱;1;0;1;5645;0.0001771479185119575
16393;我觉得在ai写作时代保护自己的文字作品不应该只靠自己断网写作来保护，更应该推动法律和行业规则的确立和执行来事实上保护作者的权益。数据被滥用不止是ai写作这一件事上，图片，个人信息，消费习惯等都在被喂给ai。如何保护个人产生的数据的权益是需要全社会共同面对的问题。;2;4;6;5645;0.0010628875110717448
16396;我也说实话，说不能ai写作的认知有些低了。人机训练给ai喂足了文字认知，一套算法不能解决你一个起承转合的事？而且一旦商用，利用大数据追踪，他能比你更会抓住读者的爽点。不说能写的多有文化内涵和哲学思考，但基本上可以结束冲量套路文的市场。;3;3;6;5645;0.0010628875110717448
16400;说实话，up，建议去学习一下计算机相关知识，别被计算机的嘴炮忽悠了;1;3;4;5645;0.00070859167404783
16403;我觉得断网对AI的发展来说可能连延缓的作用都很有限脸红脸红;2;2;4;5645;0.00070859167404783
16406;其实大家多看看Ai画画软件就知道，AI的力量超乎想象。大家还是尽量多讨论，无所谓对错，如果能够给业界带来启发，就达到这一课的目的了。;1;2;3;5645;0.0005314437555358724
16410;机器学习是当前应用语言学和计算机科学涉猎较多的领域，确实很可怕，但是还需要人去统辖;4;1;5;5645;0.0008857395925597874
16415;如果AI可以写作，理论上讲，就可以写一段可以自己写代码的代码doge;2;1;3;5645;0.0005314437555358724
16420;他写得出人类隐晦的思维波动吗吃瓜;2;0;2;5645;0.000354295837023915
16424;那让他写一本诛仙，写一本仙逆，写一首侠客行，写一首将进酒，写一本红楼梦，写一本遮天，写一本雷雨，写一本呐喊，写一首屈原九歌。;4;0;4;5645;0.00070859167404783
16429;我认识一个搞AI写作的，前期准备一下，一键生成几百万字。腾讯也在搞，阿里也在搞，甚至个人的也在搞。写小说、写文案、写剧本。看着真是觉得唏嘘。;12;0;12;5645;0.0021257750221434896
16442;那么怎么取呢;1;0;1;5645;0.0001771479185119575
16447;如果我评论火了，我立刻去前女友家过年滑稽;1;8;9;5645;0.0015943312666076173
16455;文言文。应该从这个世界消失。;2;0;2;5645;0.000354295837023915
16462;学习;1;0;1;5645;0.0001771479185119575
16464;学习;1;0;1;5645;0.0001771479185119575
16466;学习;1;0;1;5645;0.0001771479185119575
16468;学习;1;0;1;5645;0.0001771479185119575
16470;学习;1;0;1;5645;0.0001771479185119575
16472;学习;1;0;1;5645;0.0001771479185119575
16474;学习;1;0;1;5645;0.0001771479185119575
16476;因为老师讲了simon只有8分水平;1;0;1;5645;0.0001771479185119575
