发布者;真实一级评论数;真实点赞数;边数;最大边数;集群密度
不务正业小木;87;4446;4533;37235;0.12174029810662011
Xuan_酱;133;11000;11133;37235;0.29899288304015037
舟舟与大羊Vlive;20;228;248;37235;0.006660400161138714
软件侠何二;103;2888;2991;37235;0.08032764871760441
小弘哥和暮色里;16;924;940;37235;0.025245065126896737
给我大杯牛奶;3;21;24;37235;0.0006445548543037464
失重_HankYuan;36;911;947;37235;0.02543306029273533
浪子之心科技;12;90;102;37235;0.0027393581307909227
七夜Seven_Nue;32;207;239;37235;0.006418692090774809
十二小时睡不够;1;0;1;37235;2.6856452262656103e-05
bili_39969220197;1;0;1;37235;2.6856452262656103e-05
带带孙笑佐;2;12;14;37235;0.00037599033167718543
杏任不是杏仁儿;2;19;21;37235;0.0005639854975157782
阿牛爱分享;15;53;68;37235;0.001826238753860615
人民中科研究院;12;194;206;37235;0.005532429166107157
我携山河万里来;93;227;320;37235;0.008594064724049952
狂奔的男尸;7;27;34;37235;0.0009131193769303075
star星视频;16;98;114;37235;0.0030616355579427957
残月也是凪月;1;11;12;37235;0.0003222774271518732
土豆豆豆妹子;1;6;7;37235;0.00018799516583859271
镜中虚言;2;2;4;37235;0.00010742580905062441
小布爱分享;82;11000;11082;37235;0.29762320397475495
王国之争丶吃稀瓜;9;206;215;37235;0.005774137236471062
HYZCY丶冥;2;2;4;37235;0.00010742580905062441
大宇时空;65;1693;1758;37235;0.04721364307774943
鲨鱼酱awa;3;8;11;37235;0.0002954209748892171
晓晓同学这么美;2;11;13;37235;0.0003491338794145293
我这不是已经有你了;11;58;69;37235;0.0018530952061232711
九章生科;8;29;37;37235;0.0009936887337182758
简-机;8;51;59;37235;0.00158453068349671
二金橡木OvignaTG;3;9;12;37235;0.0003222774271518732
全品AI;1;2;3;37235;8.05693567879683e-05
FISHTOP;4;59;63;37235;0.0016919564925473344
葫芦笔记;1;9;10;37235;0.000268564522626561
正经写手;6;18;24;37235;0.0006445548543037464
睛落呀;2;3;5;37235;0.0001342822613132805
果力成子w;2;1;3;37235;8.05693567879683e-05
RPA之家;1;0;1;37235;2.6856452262656103e-05
威廉大伯爵;89;1214;1303;37235;0.0349939572982409
趣共享资源;171;10000;10171;37235;0.2731569759634752
闻韶同学;10;297;307;37235;0.008244930844635423
aiideas;9;281;290;37235;0.00778837115617027
bili_88139100196;1;1;2;37235;5.3712904525312205e-05
诺贝尔厨神奖;6;65;71;37235;0.0019068081106485832
森亿沐子姐;5;11;16;37235;0.00042970323620249764
自由社区站长;1;1;2;37235;5.3712904525312205e-05
正经写手;15;205;220;37235;0.005908419497784343
bili_76947924854;2;0;2;37235;5.3712904525312205e-05
就像一个转接器;3;51;54;37235;0.0014502484221834296
人工智能炼丹大师;10;17;27;37235;0.0007251242110917148
积极作为有担当-;1;5;6;37235;0.0001611387135759366
小铭阿学;4;29;33;37235;0.0008862629246676514
小郡路子野;5;42;47;37235;0.001262253256344837
刘阿五;10;185;195;37235;0.00523700819121794
聊天机器人嗯哼;1;2;3;37235;8.05693567879683e-05
某才是纯鹿人;179;19000;19179;37235;0.5150798979454814
大东笔记pro;1;3;4;37235;0.00010742580905062441
菜兔CG;1;7;8;37235;0.00021485161810124882
书写江湖;1;4;5;37235;0.0001342822613132805
在下莫老师;7;132;139;37235;0.0037330468645091985
相对论骇客;1;1;2;37235;5.3712904525312205e-05
无与伦比的Jay同学;10;97;107;37235;0.002873640392104203
山水sunshine;35;548;583;37235;0.01565731166912851
小李student;19;335;354;37235;0.00950718410098026
今林夕雨;1;1;2;37235;5.3712904525312205e-05
糕冷大学生;4;48;52;37235;0.0013965355176581173
Friday快写宝;4;27;31;37235;0.0008325500201423392
小猫种大鱼;4;35;39;37235;0.001047401638243588
网创智慧库;6;42;48;37235;0.0012891097086074929
刺客边风;31;451;482;37235;0.012944809990600242
某码字人正在记录生存;5;8;13;37235;0.0003491338794145293
鲨鱼酱awa;1;2;3;37235;8.05693567879683e-05
小八聊网文;41;344;385;37235;0.0103397341211226
礼貌观众;1;8;9;37235;0.00024170807036390493
格物时间;16;288;304;37235;0.008164361487847455
Topbook;400;13000;13400;37235;0.3598764603195918
Smile-H;5;22;27;37235;0.0007251242110917148
CTGU罗同学;4;17;21;37235;0.0005639854975157782
EMU网赚;1;12;13;37235;0.0003491338794145293
34221416573_bili;1;1;2;37235;5.3712904525312205e-05
学社山中人;17;78;95;37235;0.00255136296495233
无知便是罪;1;64;65;37235;0.0017456693970726467
我到底叫啥好捏;3;22;25;37235;0.0006714113065664026
高天燃;11;104;115;37235;0.003088492010205452
毛先生好酷;5;31;36;37235;0.0009668322814556197
泰特能说;2;4;6;37235;0.0001611387135759366
小李的上分之旅;-6;73;67;37235;0.0017993823015979588
李棂夏;18;109;127;37235;0.003410769437357325
南闫鸢;4;139;143;37235;0.0038404726735598227
万能橙子here;2;12;14;37235;0.00037599033167718543
文学避难所文所长;31;207;238;37235;0.006391835638512152
___時雨___;69;1581;1650;37235;0.04431314623338257
用工具的人;21;791;812;37235;0.021807439237276755
没收了那星光;4;64;68;37235;0.001826238753860615
写手大星;6;8;14;37235;0.00037599033167718543
小郡路子野;12;35;47;37235;0.001262253256344837
Ed_yschool;-4;8;4;37235;0.00010742580905062441
王壮-先进版;3;62;65;37235;0.0017456693970726467
5118-营销大数据;-31;33;2;37235;5.3712904525312205e-05
编辑老张说网文;8;58;66;37235;0.0017725258493353029
钱幕笔记;1;2;3;37235;8.05693567879683e-05
数字世界的Daniel;1;22;23;37235;0.0006176984020410904
YiFei-_-;22;151;173;37235;0.004646166241439506
bili_51531419250;1;0;1;37235;2.6856452262656103e-05
龙岩二花网络科技;10;127;137;37235;0.003679333959983886
张大饼Bingo;3;17;20;37235;0.000537129045253122
失格shikkaku;1;2;3;37235;8.05693567879683e-05
在乄远方;-13;1;-12;37235;-0.0003222774271518732
空空而空空;2;1;3;37235;8.05693567879683e-05
趣共享资源;19;842;861;37235;0.023123405398146904
幻想在从前;8;39;47;37235;0.001262253256344837
丹尼尔小博士;18;773;791;37235;0.021243453739760977
格物时间;0;103;103;37235;0.0027662145830535784
牛6牛6牛6牛;1;4;5;37235;0.0001342822613132805
我叫田田__;-2;50;48;37235;0.0012891097086074929
王壮-先进版;4;114;118;37235;0.00316906136699342
中南渣渣博士僧N多;14;1226;1240;37235;0.033302000805693566
茉莉锦河;2;1;3;37235;8.05693567879683e-05
EEErick_;38;377;415;37235;0.011145427689002283
养个小鸭子;6;22;28;37235;0.0007519806633543709
小羽学播音;3;14;17;37235;0.00045655968846515375
朱半仙Studio;14;194;208;37235;0.005586142070632469
圆脸月黛露;32;230;262;37235;0.007036390492815899
垒码智能;3;2;5;37235;0.0001342822613132805
翻滚吧阿辉;16;247;263;37235;0.007063246945078555
科研者之家;1;7;8;37235;0.00021485161810124882
丹尼尔小博士;50;1716;1766;37235;0.04742849469585068
快站SEO;7;18;25;37235;0.0006714113065664026
海螺摩托;2;3;5;37235;0.0001342822613132805
闪光日记Diary;2;31;33;37235;0.0008862629246676514
依格瓦;22;113;135;37235;0.003625621055458574
书写江湖;10;15;25;37235;0.0006714113065664026
Girlluckyme;5;18;23;37235;0.0006176984020410904
倘若灵魂拍手作歌;1;7;8;37235;0.00021485161810124882
数码高大全;2;4;6;37235;0.0001611387135759366
黑科技小屋;2;15;17;37235;0.00045655968846515375
王树义老师;41;369;410;37235;0.011011145427689002
童萌军;6;33;39;37235;0.001047401638243588
九章生科;2;3;5;37235;0.0001342822613132805
学Ai的炼丹师;-1;29;28;37235;0.0007519806633543709
空腹吃虾;8;22;30;37235;0.0008056935678796831
牛掰的向阳学长;4;17;21;37235;0.0005639854975157782
今儿个努个力;5;26;31;37235;0.0008325500201423392
直播中;3;61;64;37235;0.0017188129448099906
十年饮冰xxx;1;1;2;37235;5.3712904525312205e-05
拔丝柠檬制作组;732;11000;11732;37235;0.3150798979454814
-隔壁家老王-;36;652;688;37235;0.0184772391567074
童萌军;8;121;129;37235;0.0034644823418826373
阿鱼爱学习本人;72;2759;2831;37235;0.07603061635557942
兽耳放送;260;4378;4638;37235;0.124560225594199
李狗蛋LGD;6;90;96;37235;0.0025782194172149857
YaosxBoss;1;4;5;37235;0.0001342822613132805
更生比比;1;3;4;37235;0.00010742580905062441
sweet学姐论文指导;2;19;21;37235;0.0005639854975157782
靖哥哥帅气且666;4;13;17;37235;0.00045655968846515375
2023B站老六;2;10;12;37235;0.0003222774271518732
有些事情我特别清楚;4;23;27;37235;0.0007251242110917148
zz绘图;4;54;58;37235;0.001557674231234054
-隔壁家老王-;18;377;395;37235;0.01060829864374916
童萌军;4;46;50;37235;0.0013428226131328052
网创智慧库;5;14;19;37235;0.000510272592990466
果核剥壳;24;347;371;37235;0.009963743789445414
刺客边风;17;408;425;37235;0.011413992211628844
无知便是罪;18;154;172;37235;0.00461930978917685
我真不起什么ID;3;21;24;37235;0.0006445548543037464
思维实验室;638;34000;34638;37235;0.9302537934738822
益仓数码君;11;125;136;37235;0.00365247750772123
bili_20343593988;1;2;3;37235;8.05693567879683e-05
上官卿玄;1;4;5;37235;0.0001342822613132805
王壮-先进版;12;207;219;37235;0.0058815630455216865
大雄你听我解释;7;7;14;37235;0.00037599033167718543
朱半仙Studio;20;272;292;37235;0.007842084060695581
数字世界的Daniel;1;10;11;37235;0.0002954209748892171
二一的笔记;250;9808;10058;37235;0.2701221968577951
傻瓜工具箱;2;20;22;37235;0.0005908419497784342
红成笑;3;2;5;37235;0.0001342822613132805
咔咔好想干饭;19;15;34;37235;0.0009131193769303075
_亚城;2;9;11;37235;0.0002954209748892171
童萌军;3;15;18;37235;0.00048341614072780985
copydone;2;4;6;37235;0.0001611387135759366
雅思写作8点5分Eric老师;3;13;16;37235;0.00042970323620249764
Nuyoahv;1;2;3;37235;8.05693567879683e-05
DayDayUp每天向上;6;97;103;37235;0.0027662145830535784
鉆钻钴鈷;1;1;2;37235;5.3712904525312205e-05
网创智慧库;92;624;716;37235;0.01922921982006177
ya惘迢;1;0;1;37235;2.6856452262656103e-05
臭臭是榴莲;4;16;20;37235;0.000537129045253122
资源小站;1;0;1;37235;2.6856452262656103e-05
患得患失的蝴蝶;3;1;4;37235;0.00010742580905062441
成语软件;1;3;4;37235;0.00010742580905062441
六边形游乐场;30;141;171;37235;0.004592453336914193
宇宙正经小虎牙呀;2;3;5;37235;0.0001342822613132805
如舟说;21;535;556;37235;0.014932187458036794
Friday快写宝;2;59;61;37235;0.0016382435880220223
是SHUSHU阿;1;0;1;37235;2.6856452262656103e-05
老非的工具包;1;1;2;37235;5.3712904525312205e-05
墨鱼星球的墨鱼君;6;183;189;37235;0.005075869477642003
老麦的工具库;20;863;883;37235;0.02371424734792534
维壳的一天;8;7;15;37235;0.00040284678393984153
一枚月落;6;42;48;37235;0.0012891097086074929
AI_Writer;326;6341;6667;37235;0.17905196723512823
FlowUs官方;9;43;52;37235;0.0013965355176581173
港歹蛙;1;2;3;37235;8.05693567879683e-05
学霸联盟D;1;33;34;37235;0.0009131193769303075
海市蜃楼-元宇宙;1;0;1;37235;2.6856452262656103e-05
Topbook;115;2318;2433;37235;0.06534174835504229
果核剥壳;21;224;245;37235;0.006579830804350745
厉不厉害你杰鸽;1;7;8;37235;0.00021485161810124882
我叫田田__;5;243;248;37235;0.006660400161138714
努力学习的修狗子;4;17;21;37235;0.0005639854975157782
请叫我小修狗;4;17;21;37235;0.0005639854975157782
正经写手;11;175;186;37235;0.004995300120854035
傻瓜工具箱;13;378;391;37235;0.010500872834698536
弗朗西斯教英语;22;1290;1312;37235;0.035235665368604806
羊羊陪你写论文;1;1;2;37235;5.3712904525312205e-05
零度解说;23;420;443;37235;0.011897408352356654
会走捷径的聪明瓜;1;1;2;37235;5.3712904525312205e-05
浅笑未深;2;15;17;37235;0.00045655968846515375
从头学电脑;4;50;54;37235;0.0014502484221834296
Albus_Chu;1;3;4;37235;0.00010742580905062441
紫红的线仙;-3;1;-2;37235;-5.3712904525312205e-05
TechiArt;1;4;5;37235;0.0001342822613132805
拉文克劳扛把子;1;4;5;37235;0.0001342822613132805
bili_72664405959;3;6;9;37235;0.00024170807036390493
大老湿gg;20;692;712;37235;0.019121794011011144
艾博士AI-王老师;1;2;3;37235;8.05693567879683e-05
蒲公英开发者服务平台;3;5;8;37235;0.00021485161810124882
橙汁箘;4;10;14;37235;0.00037599033167718543
东东东坡肘子_;1;0;1;37235;2.6856452262656103e-05
张小Super;1;0;1;37235;2.6856452262656103e-05
我叫田田__;3;351;354;37235;0.00950718410098026
HZ科研绘图;8;275;283;37235;0.007600375990331677
系统迷;2;14;16;37235;0.00042970323620249764
学姐雅典娜;1;5;6;37235;0.0001611387135759366
搞机的村长;2;3;5;37235;0.0001342822613132805
万金油大门;2;7;9;37235;0.00024170807036390493
大锅醋鱼Slzyycy;13;134;147;37235;0.003947898482610447
梓里上邽旅行笔记;1;1;2;37235;5.3712904525312205e-05
傻瓜工具箱;9;415;424;37235;0.011387135759366188
搜图神器;4;162;166;37235;0.004458171075600913
哲生在世;26;677;703;37235;0.018880085940647242
依法伟伦;1;0;1;37235;2.6856452262656103e-05
流心豆沙包SA;15;94;109;37235;0.0029273532966295154
B站学术大佬;14;157;171;37235;0.004592453336914193
bili_77416203982;1;2;3;37235;8.05693567879683e-05
壹郑学长;42;2578;2620;37235;0.07036390492815899
日暮酒难醒;1;4;5;37235;0.0001342822613132805
苹果同学lz;15;109;124;37235;0.003330200080569357
雅思写作8点5分Eric老师;2;20;22;37235;0.0005908419497784342
袁圣圣儿亚克力;2;1;3;37235;8.05693567879683e-05
莱森LysonOber;19;84;103;37235;0.0027662145830535784
Moon学姐的小岛生活;2;19;21;37235;0.0005639854975157782
sweet学姐论文指导;25;500;525;37235;0.014099637437894455
黑白小技巧;5;61;66;37235;0.0017725258493353029
牛奶毛球喵;3;5;8;37235;0.00021485161810124882
火锅味的柒柒;1;0;1;37235;2.6856452262656103e-05
clearlove已凉;1;0;1;37235;2.6856452262656103e-05
猫饼没毛病-;1;0;1;37235;2.6856452262656103e-05
壁橱里的小男孩;7;52;59;37235;0.00158453068349671
盘盘努力学习吧;37;1621;1658;37235;0.04452799785148382
重生之凤凰涅槃;1;0;1;37235;2.6856452262656103e-05
shillem2016;2;11;13;37235;0.0003491338794145293
效率生活践行者Andy;3;10;13;37235;0.0003491338794145293
FlowUs官方;147;1428;1575;37235;0.042298912313683365
余汉波;9;131;140;37235;0.0037599033167718546
Diu;6;51;57;37235;0.0015308177789713979
韩大佬大;1;0;1;37235;2.6856452262656103e-05
欧阳锋工作室;1;0;1;37235;2.6856452262656103e-05
小白新君Zoe;7;68;75;37235;0.0020142339196992077
教你学好英语的可可喵;3;94;97;37235;0.002605075869477642
九州书剑;1;7;8;37235;0.00021485161810124882
荟jiahui;1;1;2;37235;5.3712904525312205e-05
大锅醋鱼Slzyycy;32;558;590;37235;0.015845306834967102
别脱我马甲啊;11;80;91;37235;0.0024439371559017054
余汉波;4;29;33;37235;0.0008862629246676514
追蓝人;22;172;194;37235;0.005210151738955284
阿拉德非酋长;4;20;24;37235;0.0006445548543037464
小野爱分享;44;499;543;37235;0.014583053578622263
爱学习的佳佳酱;1;35;36;37235;0.0009668322814556197
吕小柒July;27;211;238;37235;0.006391835638512152
做一只精致滴猪猪女孩;34;366;400;37235;0.010742580905062441
论文小行家;6;3;9;37235;0.00024170807036390493
龙马儿_;38;1212;1250;37235;0.03357056532832013
FlowUs官方;72;440;512;37235;0.013750503558479924
火龙果写作;3;28;31;37235;0.0008325500201423392
Open晓智;2;2;4;37235;0.00010742580905062441
小饶不想努力啦;1;0;1;37235;2.6856452262656103e-05
煽情漫画老师;3;8;11;37235;0.0002954209748892171
非酋肥宅;337;14000;14337;37235;0.38504095608970057
AI鑫探;46;487;533;37235;0.014314489055995703
余汉波;3;28;31;37235;0.0008325500201423392
惫懒の欧阳川;15;129;144;37235;0.003867329125822479
TK宅技术分享;2;9;11;37235;0.0002954209748892171
网创智慧库;1;5;6;37235;0.0001611387135759366
黑黑怪叔叔;2;0;2;37235;5.3712904525312205e-05
小发猫;1;2;3;37235;8.05693567879683e-05
手捧着一束光;33;924;957;37235;0.025701624815361892
七茉七颜;99;5831;5930;37235;0.1592587619175507
旁门左道PPT;42;1881;1923;37235;0.051644957701087686
药嫁钠镁铝;8;116;124;37235;0.003330200080569357
小猫种大鱼;6;37;43;37235;0.0011548274472942125
萌祥种树;3;40;43;37235;0.0011548274472942125
建站及SEOer;2;2;4;37235;0.00010742580905062441
电子怪物;121;8861;8982;37235;0.24122465422317713
盘盘努力学习吧;2;92;94;37235;0.002524506512689674
希娜Mashiro;235;37000;37235;37235;1.0
老麦的工具库;76;2713;2789;37235;0.07490264536054787
伍二戚;2;15;17;37235;0.00045655968846515375
橘猫AILab;3;6;9;37235;0.00024170807036390493
朝山夕水;2;2;4;37235;0.00010742580905062441
大家会客厅;16;41;57;37235;0.0015308177789713979
傻瓜工具箱;1;87;88;37235;0.002363367799113737
bili_85558674428;1;0;1;37235;2.6856452262656103e-05
喜娃桑;13;604;617;37235;0.016570431046058817
寒灯雁断;1;3;4;37235;0.00010742580905062441
鸟居三个四;8;57;65;37235;0.0017456693970726467
屠雅思带7分;2;1;3;37235;8.05693567879683e-05
马小帮;2;35;37;37235;0.0009936887337182758
我真不是男同啊;1;8;9;37235;0.00024170807036390493
