发布者;真实一级评论数;真实点赞数;边数;最大边数;集群密度
用工具的人;430;11000;11430;749898;0.015242072921917382
Minecraft_2006;111;9158;9269;749898;0.012360347673950323
彩云小梦;897;2093;2990;749898;0.00398720892708075
葡萄李子栗子梨;16;260;276;749898;0.0003680500548074538
zhien;69;237;306;749898;0.00040805549554739446
电子羊;66898;683000;749898;749898;1.0
莫不是个智障吧？;106;544;650;749898;0.0008667845493653803
电子羊;1902;40000;41902;749898;0.05587693259616641
竹月弓;-12;12;0;749898;0.0
六世路;2;13;15;749898;2.0002720369970316e-05
_tufu_;2;20;22;749898;2.9337323209289797e-05
沈先生の信箱;150;2476;2626;749898;0.0035018095794361365
人工智能哪家强;17;1029;1046;749898;0.0013948563671325968
Minecraft_2006;7;499;506;749898;0.0006747584338136653
叫我小熊（减肥成功版）;3;45;48;749898;6.4008705183905e-05
Xela的入梦素材;2;9;11;749898;1.4668661604644899e-05
Joe Ben;6;133;139;749898;0.00018535854209505826
Minecraft_2006;14;931;945;749898;0.0012601713833081298
Minecraft黑水;13;295;308;749898;0.00041072252493005713
香煎小年糕o;131;759;890;749898;0.0011868280752849055
Minecraft_2006;24;619;643;749898;0.0008574499465260609
Minecraft_2006;7;843;850;749898;0.0011334874876316513
一只小焱炎;2;9;11;749898;1.4668661604644899e-05
你好呀早安人;5;108;113;749898;0.00015068716012044304
神器365;5;65;70;749898;9.33460283931948e-05
从零开始做孟婆;154;17000;17154;749898;0.022875111015098055
可恬.;93;957;1050;749898;0.0014001904258979221
熵减;5;27;32;749898;4.267247012260334e-05
一天困108次;51;277;328;749898;0.00043739281875668424
直升机火力对决2;1;20;21;749898;2.800380851795844e-05
南波兔（第五人格）;132;6223;6355;749898;0.008474485863410756
Yskyan;2097;5186;7283;749898;0.009711987496966255
你在哪里;7;75;82;749898;0.00010934820468917106
自贡好身手跆拳道琦教练;11;26;37;749898;4.934004357926011e-05
AI续写员;1;34;35;749898;4.66730141965974e-05
迪佳;2;4;6;749898;8.001088147988126e-06
L84WUDU;13;187;200;749898;0.0002667029382662709
Ar_Yynua^;27;293;320;749898;0.0004267247012260334
芋头－YTNo_2;11;139;150;749898;0.00020002720369970316
akinaanita;5;20;25;749898;3.333786728328386e-05
彩云小梦;374;1931;2305;749898;0.003073751363518772
逐鸦一号;2;17;19;749898;2.5336779135295733e-05
安古有点呆;49;1160;1209;749898;0.0016122192618196075
读报小熊;22;123;145;749898;0.00019335963024304638
Minecraft_2006;17;977;994;749898;0.0013255136031833663
一天困108次;4;28;32;749898;4.267247012260334e-05
Minecraft_2006;7;217;224;749898;0.0002987072908582234
风华;2;10;12;749898;1.600217629597625e-05
Minecraft_2006;20;471;491;749898;0.000654755713443695
TheatreBomb;1;5;6;749898;8.001088147988126e-06
半糖世界;1626;71000;72626;749898;0.09684783797263094
Minecraft_2006;18;673;691;749898;0.0009214586517099659
玩转快乐生活;1;3;4;749898;5.334058765325418e-06
曹雄;935;2800;3735;749898;0.004980677372122609
可恬.;52;757;809;749898;0.0010788133852870658
与其说;6;27;33;749898;4.4005984813934696e-05
WoeZ.Apr.16;2;14;16;749898;2.133623506130167e-05
Minecraft_2006;24;1226;1250;749898;0.001666893364164193
Minecraft_2006;4;108;112;749898;0.0001493536454291117
ᐇг;3;46;49;749898;6.534221987523637e-05
重开;3;2;5;749898;6.667573456656772e-06
gensokyo;3;9;12;749898;1.600217629597625e-05
巳勺;8;73;81;749898;0.00010801468999783971
一根土豆丝儿@;8;389;397;749898;0.0005294053324585477
老皮科技;446;18000;18446;749898;0.02459801199629816
Minecraft_2006;14;805;819;749898;0.0010921485322003793
Minecraft_2006;5;273;278;749898;0.00037071708419011653
橙什么子子ing;17;547;564;749898;0.0007521022859108839
梅莉小姐;5;19;24;749898;3.20043525919525e-05
Xela的入梦素材;1;4;5;749898;6.667573456656772e-06
七柆;3;18;21;749898;2.800380851795844e-05
浮世诺;1;2;3;749898;4.000544073994063e-06
不会说普通话的屑子墨;5;12;17;749898;2.2669749752633024e-05
啊哦;1;6;7;749898;9.334602839319482e-06
观测者;1;9;10;749898;1.3335146913313544e-05
_无风君;2;20;22;749898;2.9337323209289797e-05
Mr丘丘;1;13;14;749898;1.8669205678638963e-05
Rrecky;28;506;534;749898;0.0007120968451709433
精忠报国（战狼）;5;7;12;749898;1.600217629597625e-05
F..;428;3266;3694;749898;0.004926003269778023
MIC男团结就是力量;2;10;12;749898;1.600217629597625e-05
多啦那个梦;1;6;7;749898;9.334602839319482e-06
WoeZ.Apr.16;2;4;6;749898;8.001088147988126e-06
一天困108次;3;17;20;749898;2.667029382662709e-05
暗红色的瞌;4;13;17;749898;2.2669749752633024e-05
X_X;1;28;29;749898;3.867192604860928e-05
欧洲老板数字化普及;90;1605;1695;749898;0.0022603074018066457
WoeZ.Apr.16;2;10;12;749898;1.600217629597625e-05
我叫汪刚刚;2;6;8;749898;1.0668117530650836e-05
天花;2;3;5;749898;6.667573456656772e-06
塔大普信人;1;10;11;749898;1.4668661604644899e-05
c030404模玩分享;6;85;91;749898;0.00012134983691115325
蒋维520;1;7;8;749898;1.0668117530650836e-05
彩云七月;228;5784;6012;749898;0.008017090324284102
仙女不玩摩尔;4;42;46;749898;6.13416758012423e-05
汤圆还是元宵;24;79;103;749898;0.0001373520132071295
不考上重点高中不改名;1;9;10;749898;1.3335146913313544e-05
漫画家萌羊;13;172;185;749898;0.00024670021789630054
喜欢什么.;3;20;23;749898;3.067083790062115e-05
时崽野生妈妈;57;981;1038;749898;0.0013841882496019458
就耀做梦;291;6531;6822;749898;0.0090972372242625
漫画家萌羊;36;565;601;749898;0.000801442329490144
WoeZ.Apr.16;2;4;6;749898;8.001088147988126e-06
亲爱的鸽子主播;1;7;8;749898;1.0668117530650836e-05
钢牙妹;12;448;460;749898;0.000613416758012423
成强君;3;6;9;749898;1.200163222198219e-05
梨花落  依（和秋忆翻垃圾桶）;13;17;30;749898;4.000544073994063e-05
y做作业（梦女版;3;14;17;749898;2.2669749752633024e-05
下辈子一定当猫爬架         ;1;19;20;749898;2.667029382662709e-05
阿也;1;15;16;749898;2.133623506130167e-05
爱放屁的小女孩;3;42;45;749898;6.000816110991095e-05
WoeZ.Apr.16;5;11;16;749898;2.133623506130167e-05
Minecraft_2006;7;775;782;749898;0.0010428084886211191
聊聊天吧;2;16;18;749898;2.400326444396438e-05
茶煎春水;2;11;13;749898;1.7335690987307607e-05
坚硬の蛋壳（暂不接）;1;36;37;749898;4.934004357926011e-05
WoeZ.Apr.16;2;3;5;749898;6.667573456656772e-06
高钟文;28;1015;1043;749898;0.0013908558230586027
姐姐我可以;1;4;5;749898;6.667573456656772e-06
月读&司派;1;4;5;749898;6.667573456656772e-06
WoeZ.Apr.16;2;3;5;749898;6.667573456656772e-06
筱霍;3;2;5;749898;6.667573456656772e-06
2017;1;4;5;749898;6.667573456656772e-06
JOHN;33;91;124;749898;0.00016535582172508794
馨╯ε╰绵le;2;10;12;749898;1.600217629597625e-05
七;1;1;2;749898;2.667029382662709e-06
WoeZ.Apr.16;1;5;6;749898;8.001088147988126e-06
Enem乐;1;6;7;749898;9.334602839319482e-06
星空之上;1;4;5;749898;6.667573456656772e-06
早点睡觉.;121;1323;1444;749898;0.0019255952142824757
1_1;1;11;12;749898;1.600217629597625e-05
乐星;3;13;16;749898;2.133623506130167e-05
彩云七月;437;4580;5017;749898;0.006690243206409405
鸣枫摄绘;3;5;8;749898;1.0668117530650836e-05
浅羽;1;4;5;749898;6.667573456656772e-06
虾侃的知识;21;510;531;749898;0.0007080963010969492
浩要少吃严.y;3;19;22;749898;2.9337323209289797e-05
ZHU_YC^;24;127;151;749898;0.00020136071839103452
FiH77;1;18;19;749898;2.5336779135295733e-05
ZHU_YC^;5;16;21;749898;2.800380851795844e-05
小羊不戴帽子;2;191;193;749898;0.0002573683354269514
用户7556499030853;1;1;2;749898;2.667029382662709e-06
WoeZ.Apr.16;2;2;4;749898;5.334058765325418e-06
无尽夏.;2;26;28;749898;3.7338411357277926e-05
尹力之人;1;9;10;749898;1.3335146913313544e-05
皮蛋忘（搞笑配音）;4;16;20;749898;2.667029382662709e-05
=(;4;25;29;749898;3.867192604860928e-05
无尽夏.;2;79;81;749898;0.00010801468999783971
