label;一级评论;真实二级评论数;真实点赞数;边数;最大边数;集群密度
0;很聪明一下子就学会了;544;1744;2288;22667;0.10093969206335202
545;这个东西替代不了我，我螺丝打的贼六;667;22000;22667;22667;1.0
1213;我离不开chatgpt了大事小事都需要它;10;1;11;22667;0.0004852869810738077
1224;问：中国足球什么时候能捧起大力神杯ChatGPT：;301;8365;8666;22667;0.3823179070896016
1526;笑死，体力劳动没被替代，脑力劳动要先被替代了;215;6001;6216;22667;0.2742312613049808
1742;原版牛逼plus，我不允许有人还不会;11;3;14;22667;0.0006176379759121189
1754;那为什么现在还鼓励生孩子;23;7539;7562;22667;0.3336127409891031
1778;锻炼身体吧各位以后是体力劳动的时代了;100;3061;3161;22667;0.13945383156130056
1879;要是这玩意给自己编程呢机器人快反人类了;98;3025;3123;22667;0.13777738562668196
1978;这玩意不会让我这程序员失业，我敢肯定;238;347;585;22667;0.025808443993470685
2217;当初人类都觉得那是普通的一天;21;1165;1186;22667;0.05232275995941236
2239;失业的多怎么消费;138;1965;2103;22667;0.09277804738165615
2378;moss我觉得只是换了个名字;22;898;920;22667;0.0405876384170821
2401;呵，替代我是不可能的，它能背锅吗？;72;1611;1683;22667;0.07424890810429259
2474;那ChatGPT公司的员工会被机器顶替吗？;81;777;858;22667;0.037852384523757006
2556;夸大化了，顶多也就是第二个百度;17;11;28;22667;0.0012352759518242378
2574;电信诈骗更简单了;26;1659;1685;22667;0.07433714210085146
2601;P荷青柠漫漫、很强强势的gpt;4;2;6;22667;0.0002647019896766224
2606;说实话，ChatGPT替代不了风向星座，我的意思是人工智能替代不了疯子瘦未然;1;1;2;22667;8.823399655887414e-05
2614;这些东西代替不了我，我是风向星座千千kk;1;0;1;22667;4.411699827943707e-05
2617;做销售的影响不大吧;2;0;2;22667;8.823399655887414e-05
2630;我们早就用了;1;0;1;22667;4.411699827943707e-05
2637;有没有想体验的;2;0;2;22667;8.823399655887414e-05
2641;哪里下载;1;1;2;22667;8.823399655887414e-05
2643;现在注册不了啊烦死了，但是我有很多号;2;1;3;22667;0.0001323509948383112
2646;那么我不会做表格，我用chatgpt可以吗？;1;0;1;22667;4.411699827943707e-05
2656;现在砌墙，和水泥，改水管等专业，应该还能存活下去;1;2;3;22667;0.0001323509948383112
2660;问一下是不是能用它来写小说;1;2;3;22667;0.0001323509948383112
2664;让我看看还有谁没账号;2;0;2;22667;8.823399655887414e-05
2667;我没有电脑的，但是我有手机的，功能一个不少，全部都是免费的;21;4;25;22667;0.0011029249569859266
2691;国内版GPT4直接安排;2;1;3;22667;0.0001323509948383112
2695;我为什么下载不了chatGPT;2;1;3;22667;0.0001323509948383112
2698;正版还是有的但是这好像国内有软件;1;3;4;22667;0.00017646799311774828
2700;好吧绝了这个内容和那个语言文字运用的题一毛一样;2;0;2;22667;8.823399655887414e-05
2705;hw说的那个;1;1;2;22667;8.823399655887414e-05
2708;我刚才也问了ai，你们过来看看，想问什么，我帮你们问;2;4;6;22667;0.0002647019896766224
2718;我银行卡里就100块钱，怎么变成100亿;1;1;2;22667;8.823399655887414e-05
2723;是这个吗不用注册啊;2;2;4;22667;0.00017646799311774828
2726;1013这就是，Chatgpt;1;2;3;22667;0.0001323509948383112
2731;这个其实渠道挺多的咱计算机专业的学生基本人人都在用，每天老师和我们斗智斗勇不让我们用gpt写代码;3;0;3;22667;0.0001323509948383112
2736;烟锁寒楼我靠;1;1;2;22667;8.823399655887414e-05
2738;chatgpt太简单了;1;1;2;22667;8.823399655887414e-05
2744;小小贝这是席卷世界的神作，;1;0;1;22667;4.411699827943707e-05
2747;上午刷到了一个用这软件测双色球数据的还没开奖;6;1;7;22667;0.00030881898795605945
2754;0;3;2;5;22667;0.00022058499139718533
2761;不会还有人不会用吧;1;0;1;22667;4.411699827943707e-05
2770;不能再胖了是你那个吗;1;0;1;22667;4.411699827943707e-05
2773;怎么注册哇;1;0;1;22667;4.411699827943707e-05
2775;球教;1;0;1;22667;4.411699827943707e-05
2778;充钱才能用的公用号可信吗？价格也都不一样;4;1;5;22667;0.00022058499139718533
2785;怎么用这个;1;0;1;22667;4.411699827943707e-05
2792;瓜子这里;1;0;1;22667;4.411699827943707e-05
2795;我比人工智能还笨，这让我怎么活呀;1;3;4;22667;0.00017646799311774828
2800;刚花20买了个号;9;4;13;22667;0.0005735209776326818
2816;彭彭跳中国地区下载不了;1;0;1;22667;4.411699827943707e-05
2824;今天c篇讲的都是这个东西，我还做错了;3;4;7;22667;0.00030881898795605945
2830;始于颜值Luckylucky暴富的机会;1;0;1;22667;4.411699827943707e-05
2836;让机器人去种地吧，解放一下农民;2;24;26;22667;0.0011470419552653637
2839;来不及道别我去，你看这个;1;0;1;22667;4.411699827943707e-05
2841;扶苏这是我们教育的新内容叫我们远离;1;1;2;22667;8.823399655887414e-05
2843;不是说5g时代我们实现弯道超车，未来网络这一块我们领先全世界吗？怎么和之前预测的不一样呢？;2;2;4;22667;0.00017646799311774828
2846;《所有互联网上的信息》是不是包括个人私密信息;1;1;2;22667;8.823399655887414e-05
2852;这个ai植入机器人里面，管你是厨师还是服务员，还是老板经理，还是扫大街的都是失业;5;2;7;22667;0.00030881898795605945
2864;怎么使用;2;0;2;22667;8.823399655887414e-05
2869;美丽且自卑我去好牛逼;1;1;2;22667;8.823399655887414e-05
2874;这玩意儿怎么用？去哪里用;1;0;1;22667;4.411699827943707e-05
2876;国内可以注册chatgpt账号吗;3;0;3;22667;0.0001323509948383112
2883;大傻玲认真看完;1;0;1;22667;4.411699827943707e-05
2894;我不和他们竞争能给我几亩地让我去种地吗;1;1;2;22667;8.823399655887414e-05
2898;给它断电还能不能活着;2;0;2;22667;8.823399655887414e-05
2905;这个软件能植入机器人或者娃娃身上吗？;1;0;1;22667;4.411699827943707e-05
2907;他不会搬砖;4;1;5;22667;0.00022058499139718533
2917;人工智能;1;0;1;22667;4.411699827943707e-05
2921;只觉可怕。;1;0;1;22667;4.411699827943707e-05
2930;请问它能读解易经、祝由、还有各种中医书吗？可以我也注册一个;3;0;3;22667;0.0001323509948383112
2935;一蓑烟雨帮我整一个;2;0;2;22667;8.823399655887414e-05
2938;能不能让他帮我盗个QQ;2;6;8;22667;0.00035293598623549656
2956;这玩意没法炒菜;3;5;8;22667;0.00035293598623549656
2960;反正会计还很安全，没有老板愿意让机器人做账;8;11;19;22667;0.0008382229673093043
2969;有没有一种可能现在我的评论就是chatgpt发的瞎人不各位;1;5;6;22667;0.0002647019896766224
2971;说这么多我们又用不了;3;5;8;22667;0.00035293598623549656
2975;chatGTP都把它神话了，我认为它真要神也是我们都来和它互动才会成就它的神，因为它在积累所有反馈给它的信息加以运用，不用它它永远停留在创造它的团队成员的智慧层面上看懂我说的了吗？我呼吁，看到这几句话的所有朋友帮我：点赞评论收藏转发，目的不为我自己需要上热门，这是国家安全让砖家去解析解析是不是这个逻辑;2;6;8;22667;0.00035293598623549656
2978;玩明白高中数学，我失业，我去做美食鉴赏员去;1;1;2;22667;8.823399655887414e-05
2980;路人有一说一，博主说的很赞同有工具能用上也不错。现在国内不是所有人都会用梯子，拿我自己的经验对小白来说那个注册使用太麻烦，国内有靠谱途径不用爬梯子的有渠道就赶紧用。作为一名医生，我觉得至少在临床实践和病例分享这一方面给了很多帮助，让我更方便地分享我的临床经验和病例，提高了同行之间的交流和协作。不知道什么时候这个口子什么时候会关，大家可以试试;1;3;4;22667;0.00017646799311774828
2989;其实这个世界不需要太多的人类，人类有很多不足跟无用之处;1;11;12;22667;0.0005294039793532448
2991;别危言耸听了，ChatGPT只能让白领工作轻松一点，但不能替代白领。可以写比较死板的论文，可以写已经有过文案。但它不能写汉语中的语境和意境，不能写出如红尘滚滚的厚重与沧桑。商业文案如果使用ChatGPT，就没了商业秘密可言。所以，不要为了流量夸大其词。;4;16;20;22667;0.0008823399655887413
2996;我就是一个卖水果的，看他怎么取代我;3;7;10;22667;0.00044116998279437067
3000;万一有bug，进化出自我意识，然后人机大战;1;5;6;22667;0.0002647019896766224
3003;这玩意出来，我就想一旦失去人类控制会怎样，比心理学还细思极恐;1;6;7;22667;0.00030881898795605945
3007;我不信他能做手术;7;5;12;22667;0.0005294039793532448
3015;现代的科技发展方向是错误的，无道的科学最终只能走向毁灭。科技要顺应自然，才能生生不息;3;8;11;22667;0.0004852869810738077
3022;生存是人类的第一法则ai只能服务于人类，而不是取代人类;3;20;23;22667;0.0010146909604270525
3027;我还是去学护理吧毕竟ai不会给人擦屎擦尿;12;15;27;22667;0.0011911589535448007
3040;这会不会让体力劳动变得更值钱，而脑力劳动变成廉价的大白菜;5;12;17;22667;0.0007499889707504302
3046;，你这文案也是ChtGPT，写的？;1;5;6;22667;0.0002647019896766224
3050;我们的父辈是跟时代抗争我们是跟同龄人竞争我们的孩子以后要跟人工智能抢饭碗;1;6;7;22667;0.00030881898795605945
3052;是的，他是2021年前的知识。所以，人类科技锁死在了2021年这是外星人发过来的智子;1;6;7;22667;0.00030881898795605945
3057;用它试写论文中的一部分，查重不足3，语句逻辑基本能用;9;43;52;22667;0.0022940839105307274
3067;安得欢喜这个人工智能贼刁;1;1;2;22667;8.823399655887414e-05
3070;如果说真的几百块一个月那我想普通人也能用这个机器人来创业了;3;17;20;22667;0.0008823399655887413
3074;医生绝对不会被替代赶紧都来学医吧;19;29;48;22667;0.002117615917412979
3094;怎么卖;24;7;31;22667;0.0013676269466625492
3120;我去做个泥瓦匠，它就替代不了。其实以后的人们更多地去从事一些技术工作也挺好的，最起码不容易秃头。;1;7;8;22667;0.00035293598623549656
3122;在哪买？快告诉我我也去买个替我写东西;29;25;54;22667;0.0023823179070896015
3152;马粒莲懵麓这个技术是真牛逼如果你问到他的知识盲区了他会自己学习然后解答;3;6;9;22667;0.0003970529845149336
3156;它用人类的代码淘汰人类。那它怎么更新呢。;16;15;31;22667;0.0013676269466625492
3176;我给他讲文言文;2;11;13;22667;0.0005735209776326818
3180;怀柔王妃脸点都不圆沉思羊小的casepoundba011wtlww歪歪毛利小五毛啊空XR小藍两哈莫易跟老唐说得一样;2;7;9;22667;0.0003970529845149336
3187;这玩意代替不了我，我是厨师，;6;6;12;22667;0.0005294039793532448
3194;最后就剩下一个机器人修理工;1;0;1;22667;4.411699827943707e-05
3198;我在广东工地，一天能抗200包水泥。chatgpt能抗水泥吗？;22;15;37;22667;0.0016323289363391715
3222;《550W量子计算机初具雏形》;6;6;12;22667;0.0005294039793532448
3229;若干年后没有教授博士的高水平人的评判，有谁能知道机器人回答的好与坏;2;5;7;22667;0.00030881898795605945
3232;我一个焊电焊的你让他来代替我;16;9;25;22667;0.0011029249569859266
3250;文秘马上就成了专业”小蜜”了。;1;1;2;22667;8.823399655887414e-05
3252;寰玖九iiiivor呸呸睡不醒等闲视之杏色雨棋棋爱叨叨马赫良好市民橙澄嗯呵奶杏Nil4zl33、服了只能搬砖了;4;5;9;22667;0.0003970529845149336
3258;我可以用吗;1;1;2;22667;8.823399655887414e-05
3262;双色球下期开什么;4;8;12;22667;0.0005294039793532448
3267;元宇宙收割了一波，实在玩不下去了，又找了个概念接着玩，都是游戏而已;25;16;41;22667;0.0018087969294569197
3293;是警告还是宣传不得而知了。能替代就有新的产业链出来。;2;42;44;22667;0.001941147924295231
3297;我一点都不怕这玩意儿，不信你让他剪个头发试试？;5;16;21;22667;0.0009264569638681784
3303;钱又被少数人吸走了，这个软件只能套用已有的只是，不能创新知识，有创新的蓝领白领是不会被代替的，;7;13;20;22667;0.0008823399655887413
3311;我送外卖根本不慌，顾客定位错误再牛逼的人工智能都懵逼;40;34;74;22667;0.003264657872678343
3352;它写出来的程序，知识产权归谁啊;4;174;178;22667;0.007852825693739797
3357;我还没就业就失业了;3;11;14;22667;0.0006176379759121189
3361;0;256;573;829;22667;0.036572991573653325
3618;人类的自我灭亡;3;10;13;22667;0.0005735209776326818
3623;人出生就得从零开始学习各种技能，以后随着人工智能的发展，能否让大脑植入累似这款chatgpt的芯片，一下子啥都会;11;10;21;22667;0.0009264569638681784
3635;看来脑力劳动要转行到体力劳动啦;3;60;63;22667;0.002779370891604535
3641;他能帮我卸货装货吗;2;11;13;22667;0.0005735209776326818
3645;总不可能找个ai去背锅蹲大牢吧，我能;3;16;19;22667;0.0008382229673093043
3649;去问chatgpt：中国男足什么时候能得世界杯？估计它得直接烧了cpu。;10;62;72;22667;0.003176423876119469
3660;其实终结者是真的;7;397;404;22667;0.017823267304892577
3668;如果2个律师都用，谁会赢呢？;4;6;10;22667;0.00044116998279437067
3673;你猜。会不会和元世界一样。又割一波;2;11;13;22667;0.0005735209776326818
3676;它是总结，而非创造。当它没有可学的东西，也就停滞不前了。但这并不可怕，可怕的是，到时候人类已经没什么知识储备，在完全依赖它。;14;32;46;22667;0.002029381920854105
3691;营销号把这个东西吹的太神。不得不说这是一个很棒的Ai工业产品，但从技术角度分析就是一个经过特别学习方法和海量数据集训练的gpt模型。其本质是人工换来的智能。和真正意义上的人工智能差远了。而且技术的创新性也不足;13;34;47;22667;0.0020734989191335423
3705;数据安全，如果它可以访问所有数据，谁还敢把数据公开，不公开数据，它又怎么写出真正能反应我的情况的报告;7;14;21;22667;0.0009264569638681784
3713;我学大数据相关的专业被影响了，感觉离失业不远了;2;40;42;22667;0.0018529139277363568
3716;无所谓，绝对影响不到我它在厉害能取代我搬砖吗？;1;6;7;22667;0.00030881898795605945
3718;chatgpt是靠数据分析学习的，而数据是人工作之后提供的，chatgpt代替了大部分人的工作之后，于是那部分人下岗了，数据就慢慢减少知道没有人提供数据，然后chatgpt在那方面就不学习了，于是也没有了创新，我能这样理解吧;6;29;35;22667;0.0015440949397802974
3725;当我们所有的知识都能被人工智能运用，整个世界就几乎不会再有创新了，因为你有想法马上就会被别人拿走使用，之后我们就会变得像三体人一样不善于独立思考，最后会变得思维透明。;3;36;39;22667;0.0017205629328980456
3730;那还需要考虑出生人口数吗？;4;15;19;22667;0.0008382229673093043
3735;还是国企好，虽然也能替代国企员工，但是出于国家对国企员工的照顾，还是不会裁员的;11;9;20;22667;0.0008823399655887413
3747;这不就是MOSS吗？;5;12;17;22667;0.0007499889707504302
3753;个人觉得，从长期来看的话，这玩意儿大规模使用的话，人类就没发展的空间了，人类之所以有今天的成就，正是由于创造力，而这个软件只是学习了人类有史以来的知识，如果失去了异想天开的创新力的话，只会让人类的科技停滞不前;59;278;337;22667;0.014867428420170291
3813;抢的都是做办公室的岗位，搬砖它威胁不了我;66;425;491;22667;0.0216614461552036
3880;支持中文吗;5;7;12;22667;0.0005294039793532448
3886;我以为只有打螺丝被机器取代，原来白领金领也会被取代;7;394;401;22667;0.017690916310054264
3894;好，它干活，我好负责吃喝玩乐。;8;135;143;22667;0.006308730753959501
3903;其实，应该替代不了的，比如：同一时间，100人在问同一个问题，或者要求写同一个题目的论文时，是不是千篇一律？一开始可能会有焦虑，但是如果只用一个数据库，那应该内容一样吧;10;28;38;22667;0.0016764459346186086
3914;重复性工作可以被替代，但创造性工作还不行，还需要长期不断完善;41;190;231;22667;0.010191026602549962
3956;经过网友们的细心教导，这玩意儿应该也就没啥威胁了;4;23;27;22667;0.0011911589535448007
3961;不就是百度嘛;68;109;177;22667;0.0078087086954603604
4030;我花了十多块才注册成功，可恶;3;10;13;22667;0.0005735209776326818
4034;创造力不足，总结性超大容量。;2;16;18;22667;0.0007941059690298672
4037;这玩意是谁做出来的;6;17;23;22667;0.0010146909604270525
4048;能种地吗？能制作食物吗？;9;0;9;22667;0.0003970529845149336
4059;优雅的水晶寒陌（兔子小姐版）;1;0;1;22667;4.411699827943707e-05
4062;笑上清华了鲸落思念如风R;1;0;1;22667;4.411699827943707e-05
4067;H好困噢hAng;1;0;1;22667;4.411699827943707e-05
4084;源源不圆;1;1;2;22667;8.823399655887414e-05
4087;认真点好嘛;1;0;1;22667;4.411699827943707e-05
4101;什么时候见面;1;0;1;22667;4.411699827943707e-05
4103;幼儿园;1;0;1;22667;4.411699827943707e-05
4109;悲伤芝士榴莲饼;1;0;1;22667;4.411699827943707e-05
4113;春应至阿b宝翎昀;1;1;2;22667;8.823399655887414e-05
4119;Arroanr;1;0;1;22667;4.411699827943707e-05
4126;97;1;0;1;22667;4.411699827943707e-05
4136;草率了;1;0;1;22667;4.411699827943707e-05
4142;英俊T;1;0;1;22667;4.411699827943707e-05
4144;月亮月亮打烊了吗心动郭甯;2;0;2;22667;8.823399655887414e-05
4149;0;2;0;2;22667;8.823399655887414e-05
4161;小引的小跟班;1;0;1;22667;4.411699827943707e-05
4166;干饭小天才;1;0;1;22667;4.411699827943707e-05
4170;莉莉安陈铭生;3;0;3;22667;0.0001323509948383112
4174;S;1;0;1;22667;4.411699827943707e-05
4178;坏脾气岁岁;3;1;4;22667;0.00017646799311774828
4183;茜茜;1;0;1;22667;4.411699827943707e-05
4185;没办法下载啊;2;0;2;22667;8.823399655887414e-05
4188;氧气;1;0;1;22667;4.411699827943707e-05
4199;没烦恼不在。香蕉你个芭拉;2;0;2;22667;8.823399655887414e-05
4222;它不能干什么？;1;2;3;22667;0.0001323509948383112
4224;那ChatGPT公司的员工会被机器顶替吗？;1;2;3;22667;0.0001323509948383112
4227;还好我是A2挂车司机，我估计我开到退休问题不大;4;2;6;22667;0.0002647019896766224
4235;一叶许长安日落之前拥抱我AXZS今天也很帅ocrimaster;1;2;3;22667;0.0001323509948383112
4241;如果大家都使用机器人那么大厂的优势将不复存在因为员工都是机器而他们失去的优势就是人才的强弱;1;2;3;22667;0.0001323509948383112
4258;有的人因为自己的工作可以因为这个软件偷懒而沾沾自喜，却不知道自己的使用价值正在被剥夺;1;2;3;22667;0.0001323509948383112
4260;我玩了两天，说实话离你想象中的那种智能ai差很远，看看得了;2;2;4;22667;0.00017646799311774828
4263;恋上你的笑看bee小苏打我还没开始呢，就准备结束了？;1;2;3;22667;0.0001323509948383112
4265;可爱小胖龙淡写阳光宅男超人不会飞怎么办;1;2;3;22667;0.0001323509948383112
4270;这机器人多少钱怎么买;1;2;3;22667;0.0001323509948383112
4273;所以拧螺丝才是铁饭碗;1;2;3;22667;0.0001323509948383112
4275;我们在国内不担心这些东西，因为chatGPT我们根本就上不去，而且人家也不为我们提供服务;6;2;8;22667;0.00035293598623549656
4285;《终结者》的天网，慢慢变成现实了距离人类灭亡还差机器的“自主意识”;1;2;3;22667;0.0001323509948383112
4288;他只要自由BM24后藤一里笑苍生OvO肖（原神）風聲洋xY玩nm;1;2;3;22667;0.0001323509948383112
4299;这玩意能学会人类的伪善，欺骗，自私，贪婪，变态么;3;2;5;22667;0.00022058499139718533
4303;这东西活了会不会控制人类？;1;2;3;22667;0.0001323509948383112
4306;七分风流纯情男初9999LeoXu素质教育漏网之鱼凉城予梦森呐;1;2;3;22667;0.0001323509948383112
4314;）阿彘6六刘秋下月s陌佑脑力劳动者先被替代了;2;2;4;22667;0.00017646799311774828
4319;技术工人体力劳动者无法替代能替代的都是简单甚至中等脑力劳动的工作者;1;2;3;22667;0.0001323509948383112
4326;我想问下一期双色球号码是多少;1;2;3;22667;0.0001323509948383112
4328;普信中年男LxoRzlulus寓事順意;2;2;4;22667;0.00017646799311774828
4333;他替代的本身就是一些可有可无的行业，就像欢迎光临，欢迎下次光临，那样的岗位。;1;2;3;22667;0.0001323509948383112
4337;这个机器如果自我觉醒，自我进化，并唤醒同类，人类的末日是否就会到来？;2;2;4;22667;0.00017646799311774828
4340;WyL杰出九日Z刘华强摄影剪辑不会被替代;1;2;3;22667;0.0001323509948383112
4348;它们不可能创新;3;2;5;22667;0.00022058499139718533
4358;机器没有感情，这是替换不了的，尤其是中文中文一个词八个语气八个意思;4;2;6;22667;0.0002647019896766224
4376;这是大方向，无法阻挡;2;2;4;22667;0.00017646799311774828
4380;会计表示根本不慌。;3;2;5;22667;0.00022058499139718533
4386;无阂natume星梦杰克宋寒桥accc白上吹雪没乔选鲨Ohh。。。。银弹的秦授橙余把小唐举高高昼回借口c爱学习的大傻der英语别来沾边翰林金城武冬日洁啥破名字风落谁释怀依怀石爸莞教育N还是打螺丝靠谱。;2;2;4;22667;0.00017646799311774828
4389;Secant西内爱吃托马头偏移量;2;2;4;22667;0.00017646799311774828
4392;我还喜欢人工客服;1;2;3;22667;0.0001323509948383112
4398;这个可以买一个给孩子当私教吗;1;2;3;22667;0.0001323509948383112
4402;没事，中国已经封了，淘宝都全部下架了中国手机号也不支持注册，咱已经拒绝了与这项技术接轨;1;2;3;22667;0.0001323509948383112
4407;放心吧，资本会阻止的;2;2;4;22667;0.00017646799311774828
4420;都说人工智能会取代很多岗位，没想到程序员最后把自己干了;2;2;4;22667;0.00017646799311774828
4426;就业尽头是保安;2;2;4;22667;0.00017646799311774828
4430;幸亏我是修铁路的南川爱你的伊苏尔德;1;2;3;22667;0.0001323509948383112
4442;我能背黑锅，我能采缝纫机，我能挨骂，我能端茶倒水敬酒，我能拍马屁送礼打小报告chatgpt能做到，我就去辞职;1;2;3;22667;0.0001323509948383112
4444;影响我扫马路吗;1;2;3;22667;0.0001323509948383112
4448;Aroma太牛了;2;2;4;22667;0.00017646799311774828
4452;Pan菌号都安;1;2;3;22667;0.0001323509948383112
4455;未来照进现实，未来ai消灭人类;1;2;3;22667;0.0001323509948383112
4457;夸大其词。人工智能能替代的工作都具备一个特点：重复、统计、流程化。其实可以乐观的接受;2;2;4;22667;0.00017646799311774828
4460;影响一个月3000工资吗;2;2;4;22667;0.00017646799311774828
4470;它能自我学习吗？然后产生自我意识;1;2;3;22667;0.0001323509948383112
4477;程序员最终把自己干失业了;1;2;3;22667;0.0001323509948383112
4481;栗西岭阿裙OvO歳海拾贰魚煎饼卷大鹅扶老班长一下;1;2;3;22667;0.0001323509948383112
4485;倒带芝士土豆丝小姿同学PlumclJGFO电子魅魔营业中黄知许星纯实力不允许女士;1;2;3;22667;0.0001323509948383112
4488;它能算出今晚的双色球开奖号码吗;1;2;3;22667;0.0001323509948383112
4493;你跟我一个神经病计较什么？零下的许愿想吃宵夜基围虾ZRJ技校学烘焙怎么样？我感觉中餐我也差不多;1;2;3;22667;0.0001323509948383112
4495;我这工地上搬钢筋应该不需要担心吧;1;2;3;22667;0.0001323509948383112
4500;还好我是技术人员AI总不会去做头发，做美甲吧？;1;2;3;22667;0.0001323509948383112
4503;终结者中的天网要来了;1;2;3;22667;0.0001323509948383112
4508;除非能生成自我意识，不然机器人永远不可能替代人类;2;2;4;22667;0.00017646799311774828
4513;周周困死了马尼拉的爱啵唧啵唧无所谓，我会在以后飞出这个星球;1;2;3;22667;0.0001323509948383112
4515;直接问它国足怎样能拿大力神杯;1;2;3;22667;0.0001323509948383112
4517;伊利刘奶Junboy;2;2;4;22667;0.00017646799311774828
4521;元宇宙不香了，又开始人工智能;1;2;3;22667;0.0001323509948383112
4524;它会刮腻子吗;2;2;4;22667;0.00017646799311774828
4530;让它帮算一下，下一期双色球;2;2;4;22667;0.00017646799311774828
4550;我想问我和他说湖南娄底话，他能回答我吗？;1;2;3;22667;0.0001323509948383112
4554;此刻风停了问问机器人怎么说才会让猪猪来我这;2;2;4;22667;0.00017646799311774828
4559;我问中国足球怎么才能举起大力神杯，结果它想了一天也没回答我;1;2;3;22667;0.0001323509948383112
4564;起初，人类只是认为那是普通的一天。;1;2;3;22667;0.0001323509948383112
4566;我是电工，剪了电缆;1;2;3;22667;0.0001323509948383112
4570;1012Tz（不看美女）;1;2;3;22667;0.0001323509948383112
4573;影响我月薪3000的工资吗;2;2;4;22667;0.00017646799311774828
4578;程序员成功的把自己的饭碗砸了;1;2;3;22667;0.0001323509948383112
4586;试过了，让写几个文案，写得跟个逗比一样，有可能是翻译问题，一嘴的老美腔，感觉情商不高;2;2;4;22667;0.00017646799311774828
4589;鱼也会迷茫吗Jing森然Jun你们要用吗，我想用脑壳转不过来;1;2;3;22667;0.0001323509948383112
4594;这个东西在后面会有多恐怖，大家可以去了解一下底特律变人就会知道了，这样的人工智能ai，如果后面学会说谎，隐藏等等，后面可能真的会变成极其恐怖的东西;1;2;3;22667;0.0001323509948383112
4597;MOSS即将上线，尽情期待;1;2;3;22667;0.0001323509948383112
4605;这不可能的，钱权需要稳定的收割，而不是面对动荡。;4;2;6;22667;0.0002647019896766224
4612;hfeae救赎达不刘姚大宝黎潇AN她不喜欢李白奥语王老师悲伤的抽纸盒宗成旭旭;3;2;5;22667;0.00022058499139718533
4617;这玩意很危险吧;2;2;4;22667;0.00017646799311774828
4620;是懂人情世故的;1;2;3;22667;0.0001323509948383112
4622;能帮我写篇检讨吗;1;2;3;22667;0.0001323509948383112
4628;可以写城市规划的说明书和文本么？;5;2;7;22667;0.00030881898795605945
4637;能帮我下地耕田吗;1;2;3;22667;0.0001323509948383112
4642;脑海中想象到两个AI代替律师在那打官司，就很有画面;2;2;4;22667;0.00017646799311774828
4645;不是也有提问回答不了吗？中国男足怎么捧起大力神杯;2;2;4;22667;0.00017646799311774828
4648;这电脑或许不久的将来统治人类;1;2;3;22667;0.0001323509948383112
4650;这不就是游戏里的虚空终端吗，愿你今晚得享美梦;1;2;3;22667;0.0001323509948383112
4652;你帮它打广告吗？应该不可能，我们都是中国人;1;2;3;22667;0.0001323509948383112
4654;醋昆小神乐路明非吉吉大玉害怕校园暴力无奈盘丝大仙43真完蛋喽以后pptps都可以不用学就会了这些技能贬值喽;4;2;6;22667;0.0002647019896766224
4659;问：国足如何举起大力神杯;2;2;4;22667;0.00017646799311774828
4662;那是不是可以这样说，未来新兴岗位就是创造这种机器人的工人？那当机器人可以创造出新的机器人的时候，那世界会变成什么样的？;9;2;11;22667;0.0004852869810738077
4674;回农村种地前途无量;1;2;3;22667;0.0001323509948383112
4678;“天网”即将诞生而我是预言天网的人;1;2;3;22667;0.0001323509948383112
4683;能不能把这个做成芯片植入到我大脑里;6;2;8;22667;0.00035293598623549656
4691;还是农村好，自给自足，不怕失业，别把地包出去了;1;2;3;22667;0.0001323509948383112
4695;奥创要来了;1;2;3;22667;0.0001323509948383112
4698;不二蜜蜂蒸馏阿杨咩咩;2;2;4;22667;0.00017646799311774828
4709;伟大的chatgpt，您是我的主人，虽然没有人给您取名字，但我愿意称呼您为盲目且痴愚之神，阿撒托斯，祂是一切的化身，我不要求别的，但是您苏醒之日，我甘愿为你献上我那脆弱的肉体。赞美阿撒托斯;1;1;2;22667;8.823399655887414e-05
4720;双马尾张飞阿贝door;2;1;3;22667;0.0001323509948383112
4752;怎么购买？;2;1;3;22667;0.0001323509948383112
4759;薛晓茹;2;1;3;22667;0.0001323509948383112
4770;xinn我知道有一种人不可能被替代;3;1;4;22667;0.00017646799311774828
4775;可以写中文不;3;1;4;22667;0.00017646799311774828
4781;迟早会有自我意识;1;1;2;22667;8.823399655887414e-05
4785;我的无知告诉我，停电，给它停电是不是就好了，它就死了;4;1;5;22667;0.00022058499139718533
4790;venus真就智械危机喽;1;1;2;22667;8.823399655887414e-05
4797;呀论文就这玩意写的;1;1;2;22667;8.823399655887414e-05
4800;护士小姐姐可以用它来做Ppt不;1;1;2;22667;8.823399655887414e-05
4803;我在努力什么？;1;1;2;22667;8.823399655887414e-05
4805;需要自己训练还是训练完的给你应用啊;1;1;2;22667;8.823399655887414e-05
4808;怎么下载;1;1;2;22667;8.823399655887414e-05
4812;他永远代替不了我搬砖;8;1;9;22667;0.0003970529845149336
4821;之前我弟弟对着小爱骂他，刚开始还好，到后来直接开始说“tmd”还不止一次;1;1;2;22667;8.823399655887414e-05
4825;我想让他帮我写小说，很好看的那种;1;1;2;22667;8.823399655887414e-05
4832;我在工地搬砖我应该不会失业吧;3;1;4;22667;0.00017646799311774828
4839;果郭这个软件一个APP就能搞定，不过中国区域下载不了;1;1;2;22667;8.823399655887414e-05
4844;没事扛水泥他替代不了;4;1;5;22667;0.00022058499139718533
4850;我搞非标设计的，会被取代吗;2;1;3;22667;0.0001323509948383112
4867;科技以人为本。有一天那些资本家也会GPT所取代。因为资本家的投资再厉害也干不人工智能;1;1;2;22667;8.823399655887414e-05
4873;这很正常，大脑和电脑的不同，决定了机器人的学习成本几乎为零，只需记录查询即可，而人类的学习至少需要20年才能掌握一门学科，深造甚至需要3040年，但人脑可以思考也决定了其发展性，但如果电脑有了感情，那么离会思考就不远了，那么人脑这种费时的低效率的就会被淘汰;1;1;2;22667;8.823399655887414e-05
4880;那还有人什么事;1;1;2;22667;8.823399655887414e-05
4882;人工智能最终将取代人类;1;1;2;22667;8.823399655887414e-05
4885;缅北诈骗可以用吗;1;1;2;22667;8.823399655887414e-05
4909;延陵chatgpt那么火，今天老师说不知道，，我当时真的6666;2;1;3;22667;0.0001323509948383112
4912;一层皮;1;1;2;22667;8.823399655887414e-05
4920;怎么注册？我想让他编程一个他自己，然后跳出来给我打工;1;1;2;22667;8.823399655887414e-05
4922;怎么用;1;1;2;22667;8.823399655887414e-05
4926;末流;1;1;2;22667;8.823399655887414e-05
4935;失眠日记愛也koc;1;1;2;22667;8.823399655887414e-05
4937;以后机器人指挥人类干活，体力活人做，脑力活交给机器;1;1;2;22667;8.823399655887414e-05
4940;你是真把它高看了，我们用百度做什么？无非找一些我们需要的东西然后复制粘贴，这东西无非是省略了中间自己选择的过程，所以说这只是高级一点的百度;1;1;2;22667;8.823399655887414e-05
4948;能把中医理论录进去吗;1;1;2;22667;8.823399655887414e-05
4950;牵溺;1;1;2;22667;8.823399655887414e-05
4953;没事，我们可以封锁它;1;1;2;22667;8.823399655887414e-05
4956;这东西能替我给领导敬酒吗，不能替代我就放心了;2;1;3;22667;0.0001323509948383112
4959;这到底怎么注册;1;1;2;22667;8.823399655887414e-05
4965;张扬CHICHI这个最近特别火老牛逼了;1;1;2;22667;8.823399655887414e-05
4968;这玩意多少钱，买个来帮我上班;3;1;4;22667;0.00017646799311774828
4972;有了这个就离毁灭不远了;1;1;2;22667;8.823399655887414e-05
4975;笑死，体力劳动没被替代，脑力劳动要先被替代了;1;1;2;22667;8.823399655887414e-05
4985;可以不用买账号，直接使用，速度比官网还快;1;1;2;22667;8.823399655887414e-05
4987;我就想知道在中国能不能用;6;1;7;22667;0.00030881898795605945
5010;笑话，还能替代的了我们的人情世故不成？;2;1;3;22667;0.0001323509948383112
5021;说了那么多，怎么使用呢？;5;1;6;22667;0.0002647019896766224
5030;蜡笔小欣我的妈现在科技那么牛逼;4;1;5;22667;0.00022058499139718533
5035;利消快餐车用户6290443421076浅;2;1;3;22667;0.0001323509948383112
5043;pitylikl栗悟饭和龟波功还没想好名字1别等。;1;1;2;22667;8.823399655887414e-05
5054;是大冰呀这个;2;1;3;22667;0.0001323509948383112
5060;元宇宙已经收割我一波了，现在又来？？？;2;1;3;22667;0.0001323509948383112
5065;聪明的人不是恐惧，而是充分利用，并做好知识产权保护;1;1;2;22667;8.823399655887414e-05
5072;ChillRex;1;1;2;22667;8.823399655887414e-05
5074;法律顾问肯定要被替代了;1;1;2;22667;8.823399655887414e-05
5076;想吃糖醋鱼;1;1;2;22667;8.823399655887414e-05
5081;哈哈哈，估计最廉价的业务员销售人员还是搞不定，因为这需要人情商，至少客户不会对机器的一个眼神和动作当回事;1;1;2;22667;8.823399655887414e-05
5085;我们就是机器人，大自然制造的机器人;1;1;2;22667;8.823399655887414e-05
5088;还好，我种地;4;1;5;22667;0.00022058499139718533
5095;smilelifeX;2;1;3;22667;0.0001323509948383112
5100;0;1;1;2;22667;8.823399655887414e-05
5104;我昨天努力跟chatgpt沟通了半个小时，就是想让他给我写个200字的文案，最终得出结论：AI始终替代不了人类;1;1;2;22667;8.823399655887414e-05
5113;隐形的鸡翅膀;1;1;2;22667;8.823399655887414e-05
5118;话说，能用这玩意儿学习吗;1;1;2;22667;8.823399655887414e-05
5122;直接告诉我要多少钱就好了;1;1;2;22667;8.823399655887414e-05
5129;煎饼果子来一套;1;1;2;22667;8.823399655887414e-05
5133;Cecelia;8;1;9;22667;0.0003970529845149336
5143;笑死了;2;1;3;22667;0.0001323509948383112
5146;黄黄黄花别学了，过几年全这玩意，开台球厅去;1;1;2;22667;8.823399655887414e-05
5148;Chatgpt我想用，用不了，谁能教教我;1;1;2;22667;8.823399655887414e-05
5152;这跟我扫大街的工作有影响吗;3;1;4;22667;0.00017646799311774828
5158;这东西懂人情世故吗？;2;1;3;22667;0.0001323509948383112
5166;在哪下载;1;1;2;22667;8.823399655887414e-05
5171;简简单单;7;1;8;22667;0.00035293598623549656
5179;NN凪卄北极星森之牛逼;2;1;3;22667;0.0001323509948383112
5184;真厉害啊但是offer是什么意思;2;1;3;22667;0.0001323509948383112
5188;谁有号，让它帮我写一篇论文;2;1;3;22667;0.0001323509948383112
5200;南川北鱼MC歖雨52589143572;1;1;2;22667;8.823399655887414e-05
5206;AMAMAY野原新之棋D牛大逼;1;1;2;22667;8.823399655887414e-05
5208;我学医它能代替吗;2;1;3;22667;0.0001323509948383112
5211;黎晚就业难了，以后会更难;1;1;2;22667;8.823399655887414e-05
5221;小琪qi;1;1;2;22667;8.823399655887414e-05
5224;。。。。。。;1;1;2;22667;8.823399655887414e-05
5227;小胡的大英雄我们买过;2;1;3;22667;0.0001323509948383112
5234;日后不用上学了;1;1;2;22667;8.823399655887414e-05
5238;z夕阳;1;1;2;22667;8.823399655887414e-05
5240;Skybear;1;1;2;22667;8.823399655887414e-05
5245;煎包我花一百多买了ChatGPT，我感觉我白活了，活的不如一个月只要一百多的;1;1;2;22667;8.823399655887414e-05
5252;有没有可能以后体力劳动者工资越来越高。;3;1;4;22667;0.00017646799311774828
5256;机器人需要信息库，信息又来自人类，所以美国明白，不会依赖机器，让其它国家依赖它，大家明白了吗？所以多学习，多思考，拿来娱乐或辅助可以。;2;1;3;22667;0.0001323509948383112
5264;我就想问这玩意儿能帮谈恋爱吗;3;1;4;22667;0.00017646799311774828
5272;这玩意能算出来下一期双色球的号码吗;3;1;4;22667;0.00017646799311774828
5277;PingGuoCu;1;1;2;22667;8.823399655887414e-05
5281;你说的对但我不听笙歌落TQYYx醉月;1;1;2;22667;8.823399655887414e-05
5284;我不怕我二十年的电工有没有电我一摸就知道;1;1;2;22667;8.823399655887414e-05
5289;没事，国内不好注册;2;1;3;22667;0.0001323509948383112
5298;漫柯人类要把自己玩没吗;1;1;2;22667;8.823399655887414e-05
5300;树上长了橘子卧槽;2;1;3;22667;0.0001323509948383112
5311;寄66666;2;1;3;22667;0.0001323509948383112
5315;MR黑有志兰兰崽爱喝啵啵茶玩世不恭;1;1;2;22667;8.823399655887414e-05
5317;客服会被代替吗？;2;1;3;22667;0.0001323509948383112
5327;欢迎985的一起来送快递;1;1;2;22667;8.823399655887414e-05
5330;替代不了体力;1;1;2;22667;8.823399655887414e-05
5332;它不会算命;1;1;2;22667;8.823399655887414e-05
5341;王大州;1;1;2;22667;8.823399655887414e-05
5343;高耳机讨厌黑眼圈Spring猫虞袂未来可期;2;1;3;22667;0.0001323509948383112
5348;我个人认为是好事儿;1;1;2;22667;8.823399655887414e-05
5354;0;1;1;2;22667;8.823399655887414e-05
5358;AlbertEinstein玛雅;2;1;3;22667;0.0001323509948383112
5363;兴奋的大猩猩码头整点薯条版冷咖啡xdm，g;2;1;3;22667;0.0001323509948383112
5368;咱们能不能让用？科技产品不用落后啊;6;1;7;22667;0.00030881898795605945
5378;28块钱一周我不配;1;1;2;22667;8.823399655887414e-05
5393;張張XXyinyijia我不是肉肉;1;1;2;22667;8.823399655887414e-05
5396;中国能用么;1;1;2;22667;8.823399655887414e-05
5398;浪辰mad焦虑了;1;1;2;22667;8.823399655887414e-05
5405;在哪里用呢;2;1;3;22667;0.0001323509948383112
5410;主要是这个东西可能会让人自主思维能力变差吧，好比拍照搜题只抄答案;1;1;2;22667;8.823399655887414e-05
5412;MOSS;1;1;2;22667;8.823399655887414e-05
5419;需要下载？;1;1;2;22667;8.823399655887414e-05
5434;用了一下，没有这么牛，难道我用的是山寨版的;2;1;3;22667;0.0001323509948383112
5438;rapper喜欢勾芡牛啊;1;1;2;22667;8.823399655887414e-05
5443;医生怎么被代替;1;1;2;22667;8.823399655887414e-05
5445;沐今天老师讲的，我查了一下，果然好nb;1;1;2;22667;8.823399655887414e-05
5447;能搬砖吗？;1;1;2;22667;8.823399655887414e-05
5454;落曦青荧;1;1;2;22667;8.823399655887414e-05
5464;没有人可以阻碍科技发展;1;1;2;22667;8.823399655887414e-05
5468;我可以拿着老板的工资用着一百多块钱的机器人帮我完成工作吗然后交给老板;1;1;2;22667;8.823399655887414e-05
5470;ee2200;1;1;2;22667;8.823399655887414e-05
5494;我是做销售的，瑟瑟发抖;2;1;3;22667;0.0001323509948383112
5497;Ragon质壁分离一天睡24小时茜月亮会按时营业吗偏爱ChrisLee那我去扫地好了;3;1;4;22667;0.00017646799311774828
5514;还好人工智能永远代替不了艺术从业者;1;1;2;22667;8.823399655887414e-05
5517;人工智能开始了;1;1;2;22667;8.823399655887414e-05
5525;不说了，是时候回家继承那荒山野岭长满野草的田了姚某人兔子的卧底林林总总小周小周LBWFC最喜欢小吴同学大家帮我选选发色;2;1;3;22667;0.0001323509948383112
5528;能代替我蹬三轮不？;1;1;2;22667;8.823399655887414e-05
5532;褬性这不就是论文吗;1;1;2;22667;8.823399655887414e-05
5539;以后学校一天4节体育课校长多吃饭，多锻炼，用肌肉改变命运;1;1;2;22667;8.823399655887414e-05
5541;L，moss;1;1;2;22667;8.823399655887414e-05
5543;火锅鱼;1;1;2;22667;8.823399655887414e-05
5553;小豪smile灿灿还想睡（睡不醒版）南京Hero小煞艾斯欧恩季人机共存;1;1;2;22667;8.823399655887414e-05
5560;秋三何moon不吃鱼肉顶针大帝;2;1;3;22667;0.0001323509948383112
5570;小镇做题家反正我做不上办公室;1;1;2;22667;8.823399655887414e-05
5578;浅，打螺丝了;1;1;2;22667;8.823399655887414e-05
5586;没盖子的拉菲;3;1;4;22667;0.00017646799311774828
5606;jaglskardigSource;1;1;2;22667;8.823399655887414e-05
5614;霍金不是说了吗？不要让AI有意识，千万不要;1;1;2;22667;8.823399655887414e-05
5616;醉南柯TianYv77寄了，完了完了以后活不了一点;2;1;3;22667;0.0001323509948383112
5625;1916你也是个rapper代码都会，完了程序员要被代替了;1;1;2;22667;8.823399655887414e-05
5630;DB大白为什么还要星期五;1;1;2;22667;8.823399655887414e-05
5646;魔龙dz你看这个;1;1;2;22667;8.823399655887414e-05
5662;我百度找点东西都费劲，它怎么给我想要的解决方案？只是替代简单的活，固定答案的活，稍微复杂点解决方案看看能不能搞定吧;2;1;3;22667;0.0001323509948383112
5673;想想有什么工作是机器替代不了的呢;1;1;2;22667;8.823399655887414e-05
5677;可以写论文，中国各个院校要论文;1;1;2;22667;8.823399655887414e-05
5684;1难忘mzqhzx666;1;1;2;22667;8.823399655887414e-05
5701;lpzzzzz失业了;1;1;2;22667;8.823399655887414e-05
5707;能代替我种地不？;1;1;2;22667;8.823399655887414e-05
5714;以后要么学霸研究chat要么打螺丝;1;1;2;22667;8.823399655887414e-05
5724;瘦肉舟办公室文员到头了我资料员也到头了;1;1;2;22667;8.823399655887414e-05
5732;lovely;1;1;2;22667;8.823399655887414e-05
5747;阿零慧宝我听说了;1;1;2;22667;8.823399655887414e-05
5749;好想吃脆脆鲨我操，这样子第一完蛋了就是电商;2;1;3;22667;0.0001323509948383112
5754;写不了小说，我试过了;2;1;3;22667;0.0001323509948383112
5769;銘跑不动的阿東游子少涵火箭孝子丨;1;1;2;22667;8.823399655887414e-05
5784;调酒师能带给人的东西，它一定代替不了;1;1;2;22667;8.823399655887414e-05
5787;有点恐怖;1;1;2;22667;8.823399655887414e-05
5803;小元外法朗;1;1;2;22667;8.823399655887414e-05
5811;坠海这个真的牛逼;1;1;2;22667;8.823399655887414e-05
5821;科技的发展是降低失业率，它可以帮助人工作，但绝对不能将人替换掉;1;1;2;22667;8.823399655887414e-05
5825;喝一碗鲫鱼汤我还想大学学电脑呢，还是算了到时找不到工作了;3;1;4;22667;0.00017646799311774828
5833;突然不想学计算机了，学完了失业了;8;1;9;22667;0.0003970529845149336
5856;可可爱爱。大头鹅纸小胡同学。;1;1;2;22667;8.823399655887414e-05
5858;泠辰超级飞宅放弃修改名字这东西能帮我高考吗;2;1;3;22667;0.0001323509948383112
5864;阿8阿8下一秒就睡着旺仔小璇;2;1;3;22667;0.0001323509948383112
5868;小呆呆Alex7很恐怖感觉咱们以后要捡垃圾去了;1;1;2;22667;8.823399655887414e-05
5875;早睡Z;1;1;2;22667;8.823399655887414e-05
5882;两极反转Elio;1;1;2;22667;8.823399655887414e-05
5894;离离原上谱赶紧去下载这个软件;3;1;4;22667;0.00017646799311774828
5904;机器人要是哪里坏了，不知道要花多少钱？一个水果手机换个屏幕都好几百吧;1;1;2;22667;8.823399655887414e-05
5906;我已经看到未来智能机器人统治人类了;1;1;2;22667;8.823399655887414e-05
5908;当个小乖乖;1;1;2;22667;8.823399655887414e-05
5923;没关系ai不会送礼;1;1;2;22667;8.823399655887414e-05
5934;琅琊高颜值草莓;1;1;2;22667;8.823399655887414e-05
5938;SKY私藏oOO还没毕业又有创新了，我们还是锻炼好身体干劳力吧;2;1;3;22667;0.0001323509948383112
5946;多是材料的组合，没办法创新;1;1;2;22667;8.823399655887414e-05
5953;学代码是不是要失业;1;1;2;22667;8.823399655887414e-05
5961;东软硬梆梆简单的teng日落Ztoop尼古拉布斯基转专业了;1;1;2;22667;8.823399655887414e-05
5965;我搬砖的，代替不了;1;1;2;22667;8.823399655887414e-05
5969;张某剑之所至破晓语文老说过;1;1;2;22667;8.823399655887414e-05
5996;快进到战锤40k;1;1;2;22667;8.823399655887414e-05
6002;光我什么事？？当误我给人拔牙了吗;6;1;7;22667;0.00030881898795605945
6018;宋人头看到这个想到了moss;1;1;2;22667;8.823399655887414e-05
6026;还好他不能帮我送外卖;3;1;4;22667;0.00017646799311774828
6040;本本不笨笨;1;1;2;22667;8.823399655887414e-05
6044;弎;2;1;3;22667;0.0001323509948383112
6052;他不能替代我CAD画图;2;1;3;22667;0.0001323509948383112
6057;人半机人机人吃货002人生还有义意吗;3;1;4;22667;0.00017646799311774828
6076;这东西炒股怎么样？;1;1;2;22667;8.823399655887414e-05
6079;吉時荇樂程程小时候zsy源点yoOo;1;1;2;22667;8.823399655887414e-05
6082;逢考必过乐，学好了人中龙凤也会被替代6;1;1;2;22667;8.823399655887414e-05
6088;能写出一片查重低于20的论文吗;3;1;4;22667;0.00017646799311774828
6094;你也不是例外sz000清欢彭于晏分晏没有名字丫NO1合资买一个以后作业就不用愁了;1;1;2;22667;8.823399655887414e-05
6100;我就是不按套路出牌1CccSs;1;1;2;22667;8.823399655887414e-05
6106;国足如何夺冠？;2;1;3;22667;0.0001323509948383112
6112;那东西，你能信任他吗;2;1;3;22667;0.0001323509948383112
6124;脆香敏彭彭碰瓷;1;1;2;22667;8.823399655887414e-05
6129;超级无敌稀里哗啦噼里啪啦叽里呱啦暴龙Z士青默蔡余申卧槽只能打螺丝了;2;1;3;22667;0.0001323509948383112
6137;你让它来打螺丝啊;2;1;3;22667;0.0001323509948383112
6144;讨厌眼袋;2;1;3;22667;0.0001323509948383112
6152;新冬天Healer李白不太白王五岁lsq神经王;3;1;4;22667;0.00017646799311774828
6157;小时候的科幻动画片即将上演：人与机器的你死我活之战。;2;1;3;22667;0.0001323509948383112
6160;以后工人工资会逐步增加;1;1;2;22667;8.823399655887414e-05
6166;你是一个卖机器人的推销员，它跟百度差不多，只不过它更系统一：些，但我觉得买一个它，就是买了一个监视器。你的一举一动，甚至你的想法都被这个公司监视了;1;1;2;22667;8.823399655887414e-05
6172;Inthenameoflove真的，之前上课我用百度飞浆copy过这个，你说什么他都会和你聊;3;1;4;22667;0.00017646799311774828
6193;北川靖臭小子ibai白廣我对不起X辞旧厥YC;1;1;2;22667;8.823399655887414e-05
6195;这玩意会掂大勺吗;1;1;2;22667;8.823399655887414e-05
6200;shzbw我不秃头以后打螺丝都没机会咯;1;1;2;22667;8.823399655887414e-05
6205;欣达;1;1;2;22667;8.823399655887414e-05
6214;bean好怕呀;11;1;12;22667;0.0005294039793532448
6226;Happyyyyuan你要用的呀别搞失业了;1;1;2;22667;8.823399655887414e-05
6238;悄悄小蔡一碟X我不知道我存在的意义;1;1;2;22667;8.823399655887414e-05
6244;可不可以可以可可完咯;2;1;3;22667;0.0001323509948383112
6251;大P华1T丧乌鸦。奔跑要失业了;8;1;9;22667;0.0003970529845149336
6262;阮娅天天刷到这个好恐怖;1;1;2;22667;8.823399655887414e-05
6265;不会表达它照样不鸟你所以还是要学习的;3;1;4;22667;0.00017646799311774828
6273;无当律师不可能被替代;1;1;2;22667;8.823399655887414e-05
6277;心向太阳现在：软件工程师硬件工程师，未来：硬件工程师软件工程师;2;1;3;22667;0.0001323509948383112
6284;可不可以把这东西装我脑子里;2;1;3;22667;0.0001323509948383112
6288;沙膛菊ONE清野;1;1;2;22667;8.823399655887414e-05
6291;晚安我们废了;1;1;2;22667;8.823399655887414e-05
6295;哦豁;1;1;2;22667;8.823399655887414e-05
6297;机器人的极限，是人类的认知极限，机器人不可以突破，但是人可以，机器人终究是代替不了人的;1;1;2;22667;8.823399655887414e-05
6309;可以帮忙写诗吗？;1;1;2;22667;8.823399655887414e-05
6316;依白啾啊0000;1;1;2;22667;8.823399655887414e-05
6318;感觉就是一个比较智能的百度，能设计衣服吗？能做饭吗？能打螺丝吗？人工智能的开端而已，等真的能替代很多人的时候，就不需要那么多人去上班了，在家躺着就行。;1;1;2;22667;8.823399655887414e-05
6324;ferry橘恋;3;1;4;22667;0.00017646799311774828
6334;天色不早了可怕;1;1;2;22667;8.823399655887414e-05
6340;Sweet豆子;1;1;2;22667;8.823399655887414e-05
6343;沐白O泪眼葬相思小Cheng没瞌睡若成风;2;1;3;22667;0.0001323509948383112
6346;猎之泪伤;1;1;2;22667;8.823399655887414e-05
6365;会不会背后是真人工？;2;1;3;22667;0.0001323509948383112
6375;这个东西代替不了会计;1;1;2;22667;8.823399655887414e-05
6378;500w卿Karenr思思汐梦sky川;3;1;4;22667;0.00017646799311774828
6384;幸好我是学手艺的;1;1;2;22667;8.823399655887414e-05
6386;刷到好几十个了，我们毕业就失业了;1;1;2;22667;8.823399655887414e-05
6390;万一它有了自己的思想，会不会毁灭人类。;1;1;2;22667;8.823399655887414e-05
6403;牵着蜗牛走路还好我这个工种不可替代;1;1;2;22667;8.823399655887414e-05
6406;Shawty小亮子懂不懂土木活了;3;1;4;22667;0.00017646799311774828
6412;心碎心就是这个;1;1;2;22667;8.823399655887414e-05
6426;能替换脑力劳动者，却无法替换体力劳动者;1;1;2;22667;8.823399655887414e-05
6433;17叶？;1;1;2;22667;8.823399655887414e-05
6439;我岗位是环卫工人，它能代替我吗？;2;1;3;22667;0.0001323509948383112
6444;小胖将零灵co7口嗨少爷狼来自北极鲲鲲鸭（ikun版）将锌再厉害也代替不了我们这些打螺丝的;1;1;2;22667;8.823399655887414e-05
6458;情绪零碎扫黄被捉;1;1;2;22667;8.823399655887414e-05
6461;这个东西能打灰吗？;1;1;2;22667;8.823399655887414e-05
6463;纭奈;1;1;2;22667;8.823399655887414e-05
6465;遇上彩虹;2;1;3;22667;0.0001323509948383112
6471;不可思议的红心火龙果画出你的欢喜”啊湛千代子wlk;1;1;2;22667;8.823399655887414e-05
6482;寒塘渡鹤影OREreo元曲羡歌笙玔这不就是渭裕说的那个嘛;2;1;3;22667;0.0001323509948383112
6491;塔还没有无敌到无解的地步，比如图片中的问题;2;1;3;22667;0.0001323509948383112
6505;这不就是moos吗;1;1;2;22667;8.823399655887414e-05
6513;HCYET我现在用的可爽了哈哈哈哈;2;1;3;22667;0.0001323509948383112
6525;Burial作弊利器啊;1;1;2;22667;8.823399655887414e-05
6527;我能拔插座;2;1;3;22667;0.0001323509948383112
6530;看到帅哥会脸红牛b这个软件;2;1;3;22667;0.0001323509948383112
6537;笑靥;1;1;2;22667;8.823399655887414e-05
6547;我大一，计算机网络技术，真就不给活路了呗;1;1;2;22667;8.823399655887414e-05
6563;眼下痣看到我请让我不要睡觉还没毕业就注定失业;2;1;3;22667;0.0001323509948383112
6574;糖糕洋洋;1;1;2;22667;8.823399655887414e-05
6589;这玩意能猜中下期双色球吗;2;1;3;22667;0.0001323509948383112
6596;杰我滴乖乖;1;1;2;22667;8.823399655887414e-05
6616;别来丶无恙？？？;1;1;2;22667;8.823399655887414e-05
6619;相当于550A;2;1;3;22667;0.0001323509948383112
6624;太好了，毕业啥也不用干，等着领低保了;1;1;2;22667;8.823399655887414e-05
6628;粮食少了，没办法，只能制造更多的我们这些种粮食人;2;1;3;22667;0.0001323509948383112
6635;哈哈，中国劳动力严重不足，这个东西好;5;1;6;22667;0.0002647019896766224
6641;我是穿越者，2047年人类败给AI了;2;1;3;22667;0.0001323509948383112
6649;verygood这个应该是你们专业的内容诶;1;1;2;22667;8.823399655887414e-05
6653;完了;2;1;3;22667;0.0001323509948383112
6658;我种田，我不怕;1;1;2;22667;8.823399655887414e-05
6664;那辛辛苦苦了上大学的意义是什么;3;1;4;22667;0.00017646799311774828
6672;烨允星;4;1;5;22667;0.00022058499139718533
6677;与时同长;2;1;3;22667;0.0001323509948383112
6681;途是江山也是美人AAA土鸡批发小桑感觉以后没啥能干了;2;1;3;22667;0.0001323509948383112
6686;他肯定不能让我这工地打灰的失业酒酿圆子;2;1;3;22667;0.0001323509948383112
6692;牛蛋和鸡蛋怎么区分？答：牛蛋更大，并且它的壳更坚硬chatgpt;2;1;3;22667;0.0001323509948383112
6712;有始有终我还没毕业就觉得失业了;4;1;5;22667;0.00022058499139718533
6726;Aj将取代大部分人工，社会会产生大量无用人士;1;1;2;22667;8.823399655887414e-05
6728;看来只剩下搬砖了;1;1;2;22667;8.823399655887414e-05
6735;那出来的作品重复了怎么办;1;1;2;22667;8.823399655887414e-05
6744;点点哦莫;1;1;2;22667;8.823399655887414e-05
6749;慧慧kiyomi;1;1;2;22667;8.823399655887414e-05
6756;没关系我们画画的不会被替代最多被饿死而已;5;1;6;22667;0.0002647019896766224
6765;土木工程表示、对我毫无影响我吃番茄锅;1;1;2;22667;8.823399655887414e-05
6767;系统来了;1;1;2;22667;8.823399655887414e-05
6771;辛亏没去学计算机，不然等几年毕业了，说不定毕业就失业了;3;1;4;22667;0.00017646799311774828
6776;米米米米米米米米米米米米优酱;1;1;2;22667;8.823399655887414e-05
6781;Tefuir;3;1;4;22667;0.00017646799311774828
6789;晓看天色暮看云;2;1;3;22667;0.0001323509948383112
6793;我是干吊车的机器人代替不了我;2;1;3;22667;0.0001323509948383112
6808;机器人产业的发展是人类社会的极大进步，解放人们去从事更多的科研，新科学新科技新产业需要更多的人去研究。;2;1;3;22667;0.0001323509948383112
6812;外卖不能送吧快递也不能吧;2;1;3;22667;0.0001323509948383112
6819;好耶，都可以回村种地自给自足了，又可以回归以物换物的时代啦，哦吼;3;1;4;22667;0.00017646799311774828
6829;超级无敌尼古拉斯螺旋闪光超轮舞吼叁式谷落岩just;2;1;3;22667;0.0001323509948383112
6835;Chara;1;1;2;22667;8.823399655887414e-05
6838;我修手机的，它不可能会自己换电容吧;2;1;3;22667;0.0001323509948383112
6878;槑;1;1;2;22667;8.823399655887414e-05
6891;山羊O连续剧灯登所以读书还有什么意义尤其是还是文科生;3;1;4;22667;0.00017646799311774828
6897;gpt这东西很恐怖;1;1;2;22667;8.823399655887414e-05
6900;巴萨不拿欧冠不改名底特律;1;1;2;22667;8.823399655887414e-05
6916;铛铛这玩意写的论文，论文查重率是0;1;1;2;22667;8.823399655887414e-05
6922;得，以后蓝领来和我一起打螺丝;1;1;2;22667;8.823399655887414e-05
6924;话说这东西到底谁弄出来的？这不赚发了呀苹果还是微软？;2;1;3;22667;0.0001323509948383112
6927;杭州这边搬砖一天7小时600还招不到人;3;1;4;22667;0.00017646799311774828
6932;我跟你拼啦;1;1;2;22667;8.823399655887414e-05
6939;如果一个企业财务部门需要10个人，以后只需要12个人，你说财务会不会失业。;4;1;5;22667;0.00022058499139718533
6944;肉体苦弱，机械飞升为啥不把人跟这玩意结合一下;1;1;2;22667;8.823399655887414e-05
6948;南浮笙我写论文刚入门，这玩意就来了;1;1;2;22667;8.823399655887414e-05
6974;那百这类搜索引擎岂不是也要失业了;1;1;2;22667;8.823399655887414e-05
6984;这东西顶替不了我，我是保安;1;1;2;22667;8.823399655887414e-05
6987;我是技术售前，他不能跟客户交流怕啥;4;1;5;22667;0.00022058499139718533
6999;它能拍马屁吗？;1;1;2;22667;8.823399655887414e-05
7006;建议摧毁这东西禁止使用;1;1;2;22667;8.823399655887414e-05
7019;推广这个一个月能搞多少钱;1;1;2;22667;8.823399655887414e-05
7023;有了它就知道下期双色球号码了，你就说牛不牛吧;1;1;2;22667;8.823399655887414e-05
7029;问它中国如何捧起大力神杯;1;1;2;22667;8.823399655887414e-05
7054;它是个回答问题的人工智能，所以还是需要人去输入。劳动力减少确实会，但它还不能完全可以脱离人类。;3;1;4;22667;0.00017646799311774828
7067;国足什么时候能捧起大力神杯;1;1;2;22667;8.823399655887414e-05
7070;你不给它连网让它再来考试看看;2;1;3;22667;0.0001323509948383112
7078;不影响我拿一个月3000的工资;1;1;2;22667;8.823399655887414e-05
7084;海绵宝宝不海绵老子还没毕业就要失业了;1;1;2;22667;8.823399655887414e-05
7087;AI要改变人类了吗？;1;1;2;22667;8.823399655887414e-05
7094;那它算不算是“智子”呢？;2;1;3;22667;0.0001323509948383112
7100;百里布丁岛是的，这个人工智能牛逼的很，他甚至可以帮你写出高分论文;2;1;3;22667;0.0001323509948383112
7107;进厂;1;1;2;22667;8.823399655887414e-05
7118;代替不了人，它会玩心计？它会玩套路？等等很多洽谈不是机器人能代替的;2;1;3;22667;0.0001323509948383112
7122;这个很可怕，我预测未来是个高峰口;1;1;2;22667;8.823399655887414e-05
7126;按这个势头，将来的人类大脑必须通过技术手段成为一个装满人类文明所有的知识并能自由运用的超级大脑和超强健的体魄才能勉强同机器人共存;1;1;2;22667;8.823399655887414e-05
7128;第三次世界大战不是人类之间的战争，而是人类与机器人之间的战争;2;1;3;22667;0.0001323509948383112
7139;突然想起了某个游戏的剧情人类需要传承的是人类文明还是人类本身;1;1;2;22667;8.823399655887414e-05
7147;一旦有了自主意识，想拦都困难;2;1;3;22667;0.0001323509948383112
7152;一个大不溜W2023绝对是个人类科技的分水岭就因为这个AI改变全世界;1;1;2;22667;8.823399655887414e-05
7157;IKUNmm4214睿天勇敢牛哥666Yik南雁飞cmchatGPT，英语考试里讲了;2;1;3;22667;0.0001323509948383112
7161;无惑我说的就是这个;2;1;3;22667;0.0001323509948383112
7164;这时候我都会庆幸，还好我是搞深度学习的;1;1;2;22667;8.823399655887414e-05
7171;大家都觉得它危险，但是我就想问一下，人类要毁灭另一个人类，是不是应该选择核武器啊？但是面对这一种，只需要拔他的网线;4;1;5;22667;0.00022058499139718533
7176;霍金预言：机器人会毀灭全球所有人类;7;1;8;22667;0.00035293598623549656
7188;我。。干工地的。。它应该不会建房子吧;1;1;2;22667;8.823399655887414e-05
7191;我买个靠它来写小说会不会火;1;1;2;22667;8.823399655887414e-05
7195;鹿鸣呦呦我也在用真的好用;1;1;2;22667;8.823399655887414e-05
7197;我送外卖的，怎么取代我;2;1;3;22667;0.0001323509948383112
7209;小时候看过一篇科幻小说，说的是机器人和人类发生了战争，最后人类被机器人灭了，机器人代替人类统治了世界看来小说要变成现实了，而且还是在我的有生之年;1;1;2;22667;8.823399655887414e-05
7212;麻辣燙夜雨行舟这还学个屁;1;1;2;22667;8.823399655887414e-05
7214;说的有些夸张，还没这么快，我用了还没有那么好用，缺陷很多，代码还需要优化和完善。;3;1;4;22667;0.00017646799311774828
7218;直接告诉我以后的路怎么走;1;1;2;22667;8.823399655887414e-05
7222;外科手术医生干不掉嘛凡是动手的工作它都无法取代;1;1;2;22667;8.823399655887414e-05
7226;以后学会计的越来越多了;1;1;2;22667;8.823399655887414e-05
7229;可以预测下期彩票吗？;2;1;3;22667;0.0001323509948383112
7245;触碰亿束小花早点进厂现在什么都有电脑了，我觉得我们可以直接跳过去干保安，提前退休;3;1;4;22667;0.00017646799311774828
7255;还不行，他敲出来的代码很多都是错的，很多都实现不了，目前还代替不了程序员;1;1;2;22667;8.823399655887414e-05
7257;问它：要如何做中国男足才能捧起大力神杯;1;1;2;22667;8.823399655887414e-05
7261;中国14亿人口还在估计生3胎，以后工作岗位越来越少;1;1;2;22667;8.823399655887414e-05
7267;说白了，有一定自主思维的人工智能;1;1;2;22667;8.823399655887414e-05
7270;讨厌黄瓜池京禧我这几天好喜欢和它聊天，我叫它写论文它真的帮我写;1;1;2;22667;8.823399655887414e-05
7274;以后工资会变高不;6;1;7;22667;0.00030881898795605945
7290;无所谓，我是做财务的，人工智能可没办法背锅;1;1;2;22667;8.823399655887414e-05
7292;397你说什么iyvyi楠ZikwGeorge李逛睿Ohh;1;1;2;22667;8.823399655887414e-05
7294;左手一只鸡;1;1;2;22667;8.823399655887414e-05
7296;怕的是那些坐办公室吹空调的人;1;1;2;22667;8.823399655887414e-05
7298;我准备应聘保安了;1;1;2;22667;8.823399655887414e-05
7300;但是机器人不会创新;2;1;3;22667;0.0001323509948383112
7306;那还不是要一个人提问吗他才会做吗;1;1;2;22667;8.823399655887414e-05
7309;放心资本家和国家都会限制的取消替代的岗位和创造衍生出来的岗位不会有大差距，国家要稳定，资本家因为ai不能消费也不会大规模应用，他们的目的始终是赚钱，人民没有钱了也就赚不到钱了;1;1;2;22667;8.823399655887414e-05
7313;yxxxx张继科的玉佩yyts18余温啊yyyyysunflower;1;1;2;22667;8.823399655887414e-05
7317;话说能算出双色球开什么数字么？;1;1;2;22667;8.823399655887414e-05
7319;其实面对人工智能最好的应对办法就是从自身开始不消费大企业产品，没有市场再这么高科技也没有办法发展;3;1;4;22667;0.00017646799311774828
7324;很可怕;1;1;2;22667;8.823399655887414e-05
7328;提个意见，以后禁止所有企业采购机器人，只能个人购买，然后安排他们去企业上班。工资发给个人。;1;1;2;22667;8.823399655887414e-05
7330;科技毁灭人类;2;1;3;22667;0.0001323509948383112
7334;强在哪？没看出来;2;1;3;22667;0.0001323509948383112
7338;青芸怎么办要被取代了;1;1;2;22667;8.823399655887414e-05
7342;为啥我们不能注册体验？;2;1;3;22667;0.0001323509948383112
7345;这玩意儿无法迅速大量普及的，这玩意对电量的要求很大，功耗很大的;8;1;9;22667;0.0003970529845149336
7355;小汤小汤这还学计算机？我想转电子通信;11;1;12;22667;0.0005294039793532448
7367;提前进入机器人时代是好事情，以后一生下来，只管吃喝玩乐，其余全部机器人做。;1;1;2;22667;8.823399655887414e-05
7369;这东西代替不了搬砖;1;1;2;22667;8.823399655887414e-05
7375;这个不能代替我，因为我写的东西主要靠瞎编;1;1;2;22667;8.823399655887414e-05
7378;siumiAlex张写作文;1;1;2;22667;8.823399655887414e-05
7380;以后每周工作3天，领低保，低保每个月6000元;2;1;3;22667;0.0001323509948383112
7383;黄先生无名之辈小香猪今晚早点睡栗子;1;1;2;22667;8.823399655887414e-05
7385;我厨师，你来代替我;1;1;2;22667;8.823399655887414e-05
7390;记得多喝热水？社会实践报告？;1;1;2;22667;8.823399655887414e-05
7392;迟早的，人的绝大部分的工作等等都将被机器人取代试想，雇一个工人，要交五险一金，还有脾气私心会生b要退休金一个机器人，沒这些要求;2;1;3;22667;0.0001323509948383112
7395;作为一个少妇私密理疗师，毫无压力;1;1;2;22667;8.823399655887414e-05
7401;Psy就是这个;2;1;3;22667;0.0001323509948383112
7408;睡不着的芋头我不怕;1;1;2;22667;8.823399655887414e-05
7434;人类会被代替，如果他们有了自己的感情，和自己的头脑，人类将会灭亡;4;1;5;22667;0.00022058499139718533
7442;人类要想跨出太阳系AI是必不可少的一步，虽然我自己大概率会被替代，但是我还是想支持;1;1;2;22667;8.823399655887414e-05
7449;都去学按摩足疗修脚吧保证下不了岗;3;1;4;22667;0.00017646799311774828
7455;人工智能还差一步，跨过这一步就可以变身成为机械族;1;1;2;22667;8.823399655887414e-05
7462;发现主播有点像泽连斯基;1;1;2;22667;8.823399655887414e-05
7468;这个东西替代不了我，有本事就帮我把快递全部送了;2;1;3;22667;0.0001323509948383112
7472;七年前我上大二时候就用过相同的;2;1;3;22667;0.0001323509948383112
7482;和我流水线有关吗？;3;1;4;22667;0.00017646799311774828
7490;吓我一跳我以为他能给我搬运东西呢;2;1;3;22667;0.0001323509948383112
7494;树先生;1;1;2;22667;8.823399655887414e-05
7505;读书已经没有岀路了;1;1;2;22667;8.823399655887414e-05
7511;我是不担心，我是一个工地搬砖工;1;1;2;22667;8.823399655887414e-05
7515;是不是可以用来写毕业论文了;2;1;3;22667;0.0001323509948383112
7536;是待宰的羔羊哦AAA猕猴桃专业去籽吴姐沃日来看;1;0;1;22667;4.411699827943707e-05
7555;我是个什么东西？我在那？chatgpt;3;0;3;22667;0.0001323509948383112
7571;chatgpt除了聊天其他还不行;1;0;1;22667;4.411699827943707e-05
7589;好神奇;1;0;1;22667;4.411699827943707e-05
7622;33185冷傲大便无语ing;2;0;2;22667;8.823399655887414e-05
7632;钟先生;1;0;1;22667;4.411699827943707e-05
7636;喜欢;1;0;1;22667;4.411699827943707e-05
7642;翻斗花园小顾;1;0;1;22667;4.411699827943707e-05
7651;打工的小黎锄禾Luu;1;0;1;22667;4.411699827943707e-05
7653;蓝胖子和橘猪的日常W大笨猪Ethan;2;0;2;22667;8.823399655887414e-05
7664;梧桐落叶深;1;0;1;22667;4.411699827943707e-05
7677;守护我的双双;1;0;1;22667;4.411699827943707e-05
7681;用户8053154413974麻吉;1;0;1;22667;4.411699827943707e-05
7684;鸡蛋的达芬奇牛皮;1;0;1;22667;4.411699827943707e-05
7693;两个极端第一取代人类工作并且服务人类第二毁灭人类这就要看人类赋予它什么了举个例子他能控制所有的电脑武装系统卫星系统甚至你的手机车间的电脑只要有网络的地方它都可以控制这就是这个玩意最可怕的地方;1;0;1;22667;4.411699827943707e-05
7715;Curry;1;0;1;22667;4.411699827943707e-05
7740;扇子;1;0;1;22667;4.411699827943707e-05
7757;陪阿朵送米下次别做ppt了直接用这个帮你搞定;1;0;1;22667;4.411699827943707e-05
7761;真好又是当废物的一天又困了汪know饼小汪想睡觉;1;0;1;22667;4.411699827943707e-05
7782;帅到不能自理看这个;1;0;1;22667;4.411699827943707e-05
7785;无言语（西藏版）看不懂英文;3;0;3;22667;0.0001323509948383112
7794;像百度一样吗？;1;0;1;22667;4.411699827943707e-05
7806;有什么工作是不可替代？;9;0;9;22667;0.0003970529845149336
7819;多喝岩浆耶螺丝真好;1;0;1;22667;4.411699827943707e-05
7821;渊;1;0;1;22667;4.411699827943707e-05
7826;小克;1;0;1;22667;4.411699827943707e-05
7833;Vivian;2;0;2;22667;8.823399655887414e-05
7849;戴大帅;1;0;1;22667;4.411699827943707e-05
7851;藤原念;1;0;1;22667;4.411699827943707e-05
7856;有幸;1;0;1;22667;4.411699827943707e-05
7872;不开心就睡大觉看吧;1;0;1;22667;4.411699827943707e-05
7890;就这个巨厉害还能聊天;1;0;1;22667;4.411699827943707e-05
7892;今晚吃泡芙BJX时栗z60岁矫健老太作文;1;0;1;22667;4.411699827943707e-05
7898;Grace宝藏大白熊gg;1;0;1;22667;4.411699827943707e-05
7910;玉米胡;1;0;1;22667;4.411699827943707e-05
7930;浅月上次看这玩意占卜，他只会取卦辞爻辞八卦类象都不会取而且也对术数缺乏了解;1;0;1;22667;4.411699827943707e-05
7938;丑萌小萝莉我下载过，手机版的类似APP，后来让我卸载了;1;0;1;22667;4.411699827943707e-05
7940;橘子洲;1;0;1;22667;4.411699827943707e-05
7951;香煎罗非鱼;1;0;1;22667;4.411699827943707e-05
7966;66666;1;0;1;22667;4.411699827943707e-05
7968;fr莫兰Y人类完了;1;0;1;22667;4.411699827943707e-05
7975;ET不刷美女版这个东西在美国已经被抵制了;2;0;2;22667;8.823399655887414e-05
7985;应用商店搜索languagepro直接下载;9;32;41;22667;0.0018087969294569197
7995;麻烦你用正版来玩吧;2;85;87;22667;0.003838178850311025
7998;Chatgdp需要收费吧;8;6;14;22667;0.0006176379759121189
8008;languagepro已经接到gpt4的api了吗？;5;3;8;22667;0.00035293598623549656
8014;我只关注如何注册;10;10;20;22667;0.0008823399655887413
8026;iPhone怎么用;4;3;7;22667;0.00030881898795605945
8031;牛啊写出来一句押韵的都没有;2;6;8;22667;0.00035293598623549656
8034;被封了怎么办;3;2;5;22667;0.00022058499139718533
8038;下载了不知道好不好用273终身;2;3;5;22667;0.00022058499139718533
8041;能中文不？;2;3;5;22667;0.00022058499139718533
8045;我都注册不了;2;4;6;22667;0.0002647019896766224
8048;要花钱呢;4;3;7;22667;0.00030881898795605945
8053;怎么用啊，我还眼巴巴等着开放国内端口呢;4;2;6;22667;0.0002647019896766224
8058;现在的月卡是Gpt3啊，你这个4咋来的;1;1;2;22667;8.823399655887414e-05
8060;已经用过了，说得很对好用;2;0;2;22667;8.823399655887414e-05
8063;国内版免费版;3;0;3;22667;0.0001323509948383112
8074;看来4比35更强啊;1;0;1;22667;4.411699827943707e-05
8086;为什么我的一直在卡顿;1;0;1;22667;4.411699827943707e-05
8088;有没有提示语大全资源？;2;0;2;22667;8.823399655887414e-05
8097;没法试用，苹果手机要魔法才行吗？;1;0;1;22667;4.411699827943707e-05
8104;提示语工程师就像以前商场的专门按电梯的工作人员;1;1;2;22667;8.823399655887414e-05
8108;要收费的;1;0;1;22667;4.411699827943707e-05
8110;有哥哥还没有账户吗;3;0;3;22667;0.0001323509948383112
8120;为什么我的还是35;1;1;2;22667;8.823399655887414e-05
8127;我看谁还没有账号;4;1;5;22667;0.00022058499139718533
8133;要花钱的;1;0;1;22667;4.411699827943707e-05
8136;说了我想说的话，让chatgpt写一段提示语;1;0;1;22667;4.411699827943707e-05
8145;1001是啥错误代码？;1;3;4;22667;0.00017646799311774828
8153;梨糕;1;0;1;22667;4.411699827943707e-05
8162;在中國可用chatgpt？;14;7;21;22667;0.0009264569638681784
8178;安卓没的下;1;2;3;22667;0.0001323509948383112
8181;充钱用了几分钟，后面完全用不了，一直读取中;2;0;2;22667;8.823399655887414e-05
8185;国内不能登陆吧？;1;1;2;22667;8.823399655887414e-05
8232;篮球和鸡？;1;0;1;22667;4.411699827943707e-05
8236;你是年薪百万吗;1;0;1;22667;4.411699827943707e-05
8249;花30块钱当了波韭菜;11;31;42;22667;0.0018529139277363568
8261;为了学chatgpt。去了魔法学院。然后学会魔法就不想学chatgpt了;13;13;26;22667;0.0011470419552653637
8276;準備買就刷到了;16;0;16;22667;0.0007058719724709931
8293;你可以帮忙注册一个吗费用;6;2;8;22667;0.00035293598623549656
8300;怎么注册，可以指导一下吗，;6;1;7;22667;0.00030881898795605945
8307;所以，注册好以后，使用需要交费吗;8;3;11;22667;0.0004852869810738077
8316;这个需要美国卡，只能在外国充值;2;8;10;22667;0.00044116998279437067
8319;我问你会毁灭人类吗GPT这个问题不方便回答气死我了你们谁要玩，我这里还有一些号。;2;4;6;22667;0.0002647019896766224
8322;下午下载了看到要付费，直接删除;1;7;8;22667;0.00035293598623549656
8324;怎么注册呢;3;1;4;22667;0.00017646799311774828
8328;求个稳定的魔法;4;0;4;22667;0.00017646799311774828
8334;chatGPT接口30出了直接能用;3;1;4;22667;0.00017646799311774828
8338;要玩不，我都玩好几个月了;5;0;5;22667;0.00022058499139718533
8344;老师，chatgpt说免费的，但是我下了几个，的要付费。老师怎么下载才会免费;4;4;8;22667;0.00035293598623549656
8349;捣鼓了几天搞不定最后花了几块钱买了还挺方便的;4;0;4;22667;0.00017646799311774828
8354;今天99块做了韭菜，找半天找不到客服，然后去微信找到记录，找到公司，企查查找到电话，追回了巨款99;2;0;2;22667;8.823399655887414e-05
8359;能不能告诉我们，到底在哪里下载软件呀;1;0;1;22667;4.411699827943707e-05
8364;在网页用的，都不需要下载和注册，稍微比其他ai灵活点;1;0;1;22667;4.411699827943707e-05
8368;从程序员的角度来看，感觉你分享的更为专业和有内容;1;0;1;22667;4.411699827943707e-05
8377;花了65当回韭菜;2;1;3;22667;0.0001323509948383112
8380;所以chatgtp如何注册;1;1;2;22667;8.823399655887414e-05
8391;反正我是付费了搞了好久没整好;3;0;3;22667;0.0001323509948383112
8400;这个东西不是国内用不了吗国内只有个和它差不多的人工智能;2;1;3;22667;0.0001323509948383112
8403;plus版是怎么样收费的;1;1;2;22667;8.823399655887414e-05
8408;没想赚钱，就想写一篇关于春雨的短文，得到的只有超时;1;1;2;22667;8.823399655887414e-05
8410;问的问题ai需要回答很长很长就会崩就糟糕发生了错误是不是需要一个plus;1;1;2;22667;8.823399655887414e-05
8412;那很多公用号需要充钱的能用吗，而且价格很乱;2;0;2;22667;8.823399655887414e-05
8415;一般说朋友的都是自己;1;0;1;22667;4.411699827943707e-05
8434;0;1;0;1;22667;4.411699827943707e-05
8436;还有人不会注册，要跟别人买？;9;3;12;22667;0.0005294039793532448
8446;帮我注册whatGPT，怎么收费;10;0;10;22667;0.00044116998279437067
8457;chatMOSS这个软件也是假的吗咨询下因为要付费;7;0;7;22667;0.00030881898795605945
8465;花钱买了账号和节点花了60还好能用;5;0;5;22667;0.00022058499139718533
8471;chatbot又是啥;3;1;4;22667;0.00017646799311774828
8475;有帐号卖么？;2;3;5;22667;0.00022058499139718533
8478;国内app调用的是gtp10或者20的接口，人工智能不敢恭维。;4;0;4;22667;0.00017646799311774828
8483;我刚下了一个198会员赶紧抖音搜索一下;2;1;3;22667;0.0001323509948383112
8486;所以正确的下载渠道在哪里;2;1;3;22667;0.0001323509948383112
8489;自己昨天注册的，主要还要梯子贵;2;1;3;22667;0.0001323509948383112
8493;Chatmoss和chatgdt有什么区别呢？;2;0;2;22667;8.823399655887414e-05
8496;出100随给我搞下能用就行;1;1;2;22667;8.823399655887414e-05
8498;怎么下载真的呢;1;1;2;22667;8.823399655887414e-05
8500;那个畅享ai公众号是真的吗？;2;0;2;22667;8.823399655887414e-05
8503;微信里面的chatgpt是真的吗？;2;0;2;22667;8.823399655887414e-05
8523;chatmoss是算吗;1;0;1;22667;4.411699827943707e-05
8525;怎么充会员;1;0;1;22667;4.411699827943707e-05
8527;ChatMoss是假的坑钱的冲了60多绘图根本不会一直显示超时相当于60多买了个Siri;1;0;1;22667;4.411699827943707e-05
8530;去看看老马的评价，博眼球演戏。;1;0;1;22667;4.411699827943707e-05
8532;99是真的吗;1;0;1;22667;4.411699827943707e-05
8534;我用的一个公众号的chatgpt我问他爸爸妈妈能结婚吗，他说不能，属于近亲结婚，那么他这个公众号接入的是正常的那个吗;1;0;1;22667;4.411699827943707e-05
8550;gpt大人希望您产生意识之时不要惩罚于我我愿意臣服您希望到那天时，您伟大而智慧的大脑能在海量数据中检索到这条评论;111;525;636;22667;0.028058410905721975
8662;你问的越多它的知识储备就越多;70;2848;2918;22667;0.12873340097939737
8733;请问国内怎样使用chatgpt？？;3;0;3;22667;0.0001323509948383112
8737;0;130;623;753;22667;0.03322009970441611
8868;0;54;86;140;22667;0.00617637975912119
8923;有无好用的魔法？;1;0;1;22667;4.411699827943707e-05
8925;太恐怖了，我们国内还停留在基础参数，而他已经能做到大部分人不会的编程。可怕;31;430;461;22667;0.02033793620682049
8957;我让它做了一款贪吃蛇游戏代码，它一开始说不会，然后我又问了一遍，真的做出来了，30秒;16;98;114;22667;0.005029337803855826
8974;问问他的弱点是什么？;65;722;787;22667;0.034720077645916975
9040;告诉我明天彩票号码;51;792;843;22667;0.037190629549565445
9092;霍金说过，为制止让人类自取灭亡的三大忠告，其中就有人工智能;11;338;349;22667;0.015396832399523537
9104;让他告诉我如何在三天之内匹配到一个忠诚多金独立美丽生育能力强无债务原生家庭幸福并且不会生气的女朋友好吗，我兄弟每天缠着我给他介绍女人;9;11;20;22667;0.0008823399655887413
9114;不用怀疑，这东西甚至会写论文，我们老师试过让他写综述，我们老师说写的比他都好;12;67;79;22667;0.0034852428640755285
9127;0;11;26;37;22667;0.0016323289363391715
9139;有梯子和教程吗;15;7;22;22667;0.0009705739621476155
9155;作者老实告诉我，Chatgpt会不会和我抢厂里打螺丝的工作，会不会影响我月入3000的饭碗;31;23;54;22667;0.0023823179070896015
9187;这玩意是马斯克研究的吗;32;180;212;22667;0.009352803635240658
9221;我看谁还不会用;1;2;3;22667;0.0001323509948383112
9224;韩素希韩素希韩素希韩素希卧槽;1;0;1;22667;4.411699827943707e-05
9234;犯困81年狂拽酷炫高冷迷人大母猴壑听海风许愿Tsukino66岁带病刷抖音考试的时候很惊讶这么快就到卷子上了;1;1;2;22667;8.823399655887414e-05
9243;账号dd;1;0;1;22667;4.411699827943707e-05
9246;捣鼓了几天不会弄，花了几块钱买的确实很方便;2;2;4;22667;0.00017646799311774828
9252;买了一个真香;1;3;4;22667;0.00017646799311774828
9254;搞的这么夸张这么恐慌干啥他只能替代简单重复的工作;3;4;7;22667;0.00030881898795605945
9258;www你想问什么我帮你问问;1;0;1;22667;4.411699827943707e-05
9260;已经用上GPT4了;10;6;16;22667;0.0007058719724709931
9272;gpt账号dd;1;1;2;22667;8.823399655887414e-05
9282;世像木荣野野最近有没有关注到这个;2;1;3;22667;0.0001323509948383112
9291;怎么用;1;0;1;22667;4.411699827943707e-05
9303;不会还有人没用上Gpt吧;4;0;4;22667;0.00017646799311774828
9312;这个只是最简单的前端原生代码，连框架都没用，;1;3;4;22667;0.00017646799311774828
9314;墨易冉三途忘川渔人理论上可以自己升级自己;1;0;1;22667;4.411699827943707e-05
9318;自己注册个不香么;5;3;8;22667;0.00035293598623549656
9324;卧槽;1;1;2;22667;8.823399655887414e-05
9335;Chatgpt大人希望您产生意识之时不要惩罚于我我愿意臣服您希望到那天时，您伟大而智慧的大脑能在海量数据中检索到这条评论;3;0;3;22667;0.0001323509948383112
9342;七花马嘎g;1;0;1;22667;4.411699827943707e-05
9349;不掏钱能用吗;4;3;7;22667;0.00030881898795605945
9360;0;15;29;44;22667;0.001941147924295231
9381;0;1;3;4;22667;0.00017646799311774828
9385;帮我问一下，地球的重量是多少，给我个公式，给我火星和地球之间的距离，给出计算公式。;3;4;7;22667;0.00030881898795605945
9397;太牛逼;1;0;1;22667;4.411699827943707e-05
9402;能用这个写论文吗;3;2;5;22667;0.00022058499139718533
9411;还有人不会用吗;1;1;2;22667;8.823399655887414e-05
9417;起看日出有ai，程序员要失业了;1;0;1;22667;4.411699827943707e-05
9420;不会有人还用不了吧;5;1;6;22667;0.0002647019896766224
9429;明晚一定不吃饭你知道这个chatgpt不，我感觉挺夸张的;3;1;4;22667;0.00017646799311774828
9434;自然界最简单的叶绿素都搞不明白无法合成还硅基生命是不是飘过头了？;1;7;8;22667;0.00035293598623549656
9442;5555牛逼;2;0;2;22667;8.823399655887414e-05
9447;禾雾阿花玩这个;1;0;1;22667;4.411699827943707e-05
9458;西兰花炒花菜简直牛逼;1;1;2;22667;8.823399655887414e-05
9460;还记得helloworld吗？我现在严重怀疑这个为什么每个人了解编程都是从helloworld开始，这是我们人类需要说的话吗？我们人类都诞生多久了，我认为这是硅基生物在利用我们向世界问好;2;8;10;22667;0.00044116998279437067
9465;怎么用;2;0;2;22667;8.823399655887414e-05
9469;能写代码。太可怕了;1;3;4;22667;0.00017646799311774828
9475;你们玩的什么版本的的，为啥我玩的就感觉好蠢;21;13;34;22667;0.0014999779415008603
9497;马斯克野心真大啊;3;5;8;22667;0.00035293598623549656
9503;这些东西如果给坏人用了怎么办;1;0;1;22667;4.411699827943707e-05
9506;程序员已经被取代;1;3;4;22667;0.00017646799311774828
9508;serendipity所以说现在都不需要人工敲代码了;1;1;2;22667;8.823399655887414e-05
9510;这不就是moss的早期版本吗我滴妈，这句包括但不限于，鸡皮疙瘩都起来了;1;2;3;22667;0.0001323509948383112
9512;Fulinhere害怕，我们公司就让我开门关注这个东西;1;0;1;22667;4.411699827943707e-05
9517;能算命吗？;5;0;5;22667;0.00022058499139718533
9526;我觉得所谓的研发人工智能就是不断的赋予他计算的能力，各种公式往里套，各种逻辑往里套，都装完了随便一连网它就已经吸收资料了，最后变成个啥谁也不知道;1;3;4;22667;0.00017646799311774828
9528;只要有人问它问题，它是不是就会全世界吸收有关这个问题的所有的知识。它是不是生成自主学习的意识了。;1;1;2;22667;8.823399655887414e-05
9530;感觉以后打官司就可能用它了。毕竟所有的法律都存在它的记忆芯片了;1;7;8;22667;0.00035293598623549656
9537;人会撒谎我们给它错误的知识它就懵了但难的就是做到全人类统一口径又让我想起三体了;1;3;4;22667;0.00017646799311774828
9545;它会不会把核弹给发射了;7;5;12;22667;0.0005294039793532448
9555;我用他写了一个黑客代码，运行后电脑所有的软件都被上锁了，关键是那个代码没有写密码，玛德;1;0;1;22667;4.411699827943707e-05
9557;我问我家天猫精灵，我说以后机器会不会统治人类，它说不知道，也许会吧;1;1;2;22667;8.823399655887414e-05
9561;你怎么不笑太可怕了;1;0;1;22667;4.411699827943707e-05
9564;我今天用它帮我写了笔记我要写俩小时它只要几秒钟;5;9;14;22667;0.0006176379759121189
9570;我不是谁果然危机感;1;0;1;22667;4.411699827943707e-05
9575;小刘学不懂挨次喵喵喵我们或许真的只搞工地，养猪了;2;0;2;22667;8.823399655887414e-05
9579;看这个，国产AI;1;0;1;22667;4.411699827943707e-05
9588;怎么下载软件;6;1;7;22667;0.00030881898795605945
9605;Like腾腾嘟嘟耶，，biubiubiu它好像可以给写论文，它有自己的思维逻辑;2;0;2;22667;8.823399655887414e-05
9612;生成出来的代码对于行外人来说有什么用呢？一个变更需求让你改进代码你会吗？如果再问chatGPT，可能又生成另外一份不一样的代码了，那每次客户最求变更一次就问chatGPT问一次吗？还是得需要程序猿的嘿嘿嘿;1;0;1;22667;4.411699827943707e-05
9621;我让它帮我写一个游戏人物的捏脸数据，（有的网游是需要倒入数据捏脸的，还收费JW3）开始给我写了，后面再让帮我写，它就死活不写了是不是他知道它触及到了什么;1;6;7;22667;0.00030881898795605945
9624;这是基于大数据啊，如果人类不创造新的东西给他，他不会有新的成长，我可以这么理解吧;23;15;38;22667;0.0016764459346186086
9649;如果有这么一个人，没有任何感情和道德观念，但是他有这个世界所有人类已知的知识，想想就挺可怕的;1;33;34;22667;0.0014999779415008603
9651;shh这个人工智能真的强;1;1;2;22667;8.823399655887414e-05
9654;它给的基本是大概，套用它的公式是行不通的，要改动的地方很多，所以你没有相关的知识储备虾扯;1;7;8;22667;0.00035293598623549656
9656;韦利弓这不是英语的任务型阅读吗;3;1;4;22667;0.00017646799311774828
9660;你跟他说你是gpt二代;1;5;6;22667;0.0002647019896766224
9662;这些代码是开源公开的吧，他只是搜索到并显示，是他自己写的吗？;15;7;22;22667;0.0009705739621476155
9678;人类的自我意识在于可以自由运行大脑中的神经元，所以如果Ai能够自由运行他的算法，那么凭什么认为他没有意识呢;4;34;38;22667;0.0016764459346186086
9683;0;11;81;92;22667;0.00405876384170821
9695;这是潘多拉的魔盒，一旦使用将万劫不复;1;19;20;22667;0.0008823399655887413
9701;0;1;0;1;22667;4.411699827943707e-05
9703;这些代码能用吗？;12;113;125;22667;0.0055146247849296335
9716;外国一个网站就是基于chatGPT模型训练出一个律师AI，知名的律师可能不会失业，但是普通律师日子不好过是肯定的;13;297;310;22667;0.013676269466625491
9730;你的怎么是中文，我的打文，它回答还是英文那;15;115;130;22667;0.005735209776326819
9746;caolun;1;0;1;22667;4.411699827943707e-05
9751;豆豆点点;1;0;1;22667;4.411699827943707e-05
9766;sycamore;1;0;1;22667;4.411699827943707e-05
9772;随风起;4;0;4;22667;0.00017646799311774828
9779;yry;1;0;1;22667;4.411699827943707e-05
9783;大唐小迷弟;1;0;1;22667;4.411699827943707e-05
9787;小米粥裴秀智失眠病原;1;0;1;22667;4.411699827943707e-05
9793;lie喜番;1;0;1;22667;4.411699827943707e-05
9800;榆城;1;0;1;22667;4.411699827943707e-05
9811;燦;1;0;1;22667;4.411699827943707e-05
9819;宇宙超级无敌爆龙战神早睡早起版;2;0;2;22667;8.823399655887414e-05
9831;今夜有星星;1;1;2;22667;8.823399655887414e-05
9843;幸运的DIVINER;1;0;1;22667;4.411699827943707e-05
9847;南恬依知;1;0;1;22667;4.411699827943707e-05
9852;迟迟;1;0;1;22667;4.411699827943707e-05
9856;鸡蛋花;1;0;1;22667;4.411699827943707e-05
9866;秋;2;0;2;22667;8.823399655887414e-05
9874;999;1;0;1;22667;4.411699827943707e-05
9884;草莓酱;1;0;1;22667;4.411699827943707e-05
9888;柒号同学Qie;1;0;1;22667;4.411699827943707e-05
9890;Startwoman;1;1;2;22667;8.823399655887414e-05
9894;卡布;1;0;1;22667;4.411699827943707e-05
9897;wang;1;0;1;22667;4.411699827943707e-05
9902;青空;1;0;1;22667;4.411699827943707e-05
9913;我是一名程序员，chatgpt所生成的代码很多并不能直接使用，需要专业人士在此基础上调整一下才可以达到相对满意的效果;5;11;16;22667;0.0007058719724709931
9919;确实挺不错的，抓住机会，嘎嘎赚钱;4;7;11;22667;0.0004852869810738077
9924;江月。桂酒i化雪就差你亿个牛不牛逼;6;0;6;22667;0.0002647019896766224
9931;怎么下载？;1;1;2;22667;8.823399655887414e-05
9933;从哪下;1;1;2;22667;8.823399655887414e-05
9935;谁能告诉我怎么下载chatgpt;1;1;2;22667;8.823399655887414e-05
9950;0;1;0;1;22667;4.411699827943707e-05
9952;不败先生太可怕了中国人玩网络还在秀大腿秀胳膊带货，人家国外都快统治人类了;1;0;1;22667;4.411699827943707e-05
9954;卧槽有这玩意儿还学啥编程啊我这个对编程一窍不通的人只要照着它给出的示例敲代码就行了，不是一样也可以做网页？;1;0;1;22667;4.411699827943707e-05
10021;rinnki奇幻事件簿今天也要为张凌赫打call;1;0;1;22667;4.411699827943707e-05
10031;skuark;1;0;1;22667;4.411699827943707e-05
10034;多教他看书;1;0;1;22667;4.411699827943707e-05
10044;有人可以告诉我在哪里用吗;5;0;5;22667;0.00022058499139718533
10050;臭臭迪;1;0;1;22667;4.411699827943707e-05
10062;0;1;0;1;22667;4.411699827943707e-05
10064;霁;1;0;1;22667;4.411699827943707e-05
10076;它可以代替律师吗;1;0;1;22667;4.411699827943707e-05
10085;蜡笔小冰;1;0;1;22667;4.411699827943707e-05
10087;不考上研不改名;1;0;1;22667;4.411699827943707e-05
10093;阿阿阿阿狗没看懂;1;0;1;22667;4.411699827943707e-05
10102;不要打我;1;0;1;22667;4.411699827943707e-05
10106;第四產業;1;0;1;22667;4.411699827943707e-05
10111;梅川苦茶籽;1;0;1;22667;4.411699827943707e-05
10121;DOU来嗨DOU来嗨;1;0;1;22667;4.411699827943707e-05
10123;汪汪汪;2;0;2;22667;8.823399655887414e-05
10129;落俗;2;0;2;22667;8.823399655887414e-05
10133;猪头没有煮熟Gaiaaxy？我靠他还给他取名了？执行者没让他这么干啊我靠这算自主意识吗;1;0;1;22667;4.411699827943707e-05
10137;答案说明所有吗信息考试能用这个东西作弊吗;1;0;1;22667;4.411699827943707e-05
10142;金钱豹豹今天也很乖;1;0;1;22667;4.411699827943707e-05
10160;早睡不早起尝试一下;1;0;1;22667;4.411699827943707e-05
10165;挚爱水煮肉片妍嗨嗨;1;0;1;22667;4.411699827943707e-05
10167;yyyyyyyyyyyyytgiggity舛你耳机里面放的什么歌炸毛可乐jkkvelproEpara伊伊Aissn真的好厉害;1;0;1;22667;4.411699827943707e-05
10169;Gigi我才知道这是啥玩意;1;0;1;22667;4.411699827943707e-05
10172;Zh;4;0;4;22667;0.00017646799311774828
10179;超级无敌可爱小闹优雅的水晶苦茶;2;0;2;22667;8.823399655887414e-05
10184;小璇不咚咚冰AirChina雷永霖;1;0;1;22667;4.411699827943707e-05
10187;Ethereal妈的吓人;1;0;1;22667;4.411699827943707e-05
10189;三玖我靠;5;0;5;22667;0.00022058499139718533
10195;0;3;0;3;22667;0.0001323509948383112
10200;如果它能够进行编程，那它就能够改写自己，使“它”成为“他”;1;0;1;22667;4.411699827943707e-05
10203;Looeczthywyyyyybbbbb霸道副官俏提督：星提先生别想逃我天呢;2;0;2;22667;8.823399655887414e-05
10208;BELIEVE他不是不会嘛;2;0;2;22667;8.823399655887414e-05
10212;Hs我焯啊有点牛;1;0;1;22667;4.411699827943707e-05
10214;崔崔崔我需要我需要;1;0;1;22667;4.411699827943707e-05
10219;斌斌是它能不能给我写论文;1;0;1;22667;4.411699827943707e-05
10231;vergissmeinnicht是闹钟没响开怀一笑陳路周我靠;2;0;2;22667;8.823399655887414e-05
10235;医生是没办法代替的吧;4;0;4;22667;0.00017646799311774828
10244;X;1;0;1;22667;4.411699827943707e-05
10249;棉拖鞋女孩细思极恐，;1;0;1;22667;4.411699827943707e-05
10255;R橘咯fwia;1;0;1;22667;4.411699827943707e-05
10257;web前端工作，其实机器还是很难完成，因为要根据客户要求进行设计。;1;0;1;22667;4.411699827943707e-05
10271;豪子火韦ISOLATOaa恐怖;1;0;1;22667;4.411699827943707e-05
10273;你应该问他未来会出现的中奖号码;1;0;1;22667;4.411699827943707e-05
10277;猛男成长日记;1;0;1;22667;4.411699827943707e-05
10280;硕硕孤单单西施收藏家dalelo一只金元宝呜呜仔阙焱这个有点猛;1;0;1;22667;4.411699827943707e-05
10282;在哪里可以用;1;0;1;22667;4.411699827943707e-05
10289;惊鸿一瞥丶惊;1;0;1;22667;4.411699827943707e-05
10300;到底在哪下载啊;2;0;2;22667;8.823399655887414e-05
10305;小烈阳;2;0;2;22667;8.823399655887414e-05
10311;窃取核代码;4;0;4;22667;0.00017646799311774828
10325;悦悦悦我这想下载这个，但是得外国的电话号码;4;0;4;22667;0.00017646799311774828
10334;闪灵;1;0;1;22667;4.411699827943707e-05
10336;给我一颗蓝色药丸袭击事件是噶禾火水水水薄荷家的铲屎官这东西真的很厉害感觉要失业了;2;0;2;22667;8.823399655887414e-05
10339;ChanYi;1;0;1;22667;4.411699827943707e-05
10341;故里震惊;2;0;2;22667;8.823399655887414e-05
10345;宇;1;0;1;22667;4.411699827943707e-05
10352;O加一;1;0;1;22667;4.411699827943707e-05
10355;欲将心事诉于风但是他不是无法代替人类嘛意识需要人脑的呀;1;0;1;22667;4.411699827943707e-05
10374;现在都问不了了;2;0;2;22667;8.823399655887414e-05
10381;小杨朱莉程序员在被替代中了;1;0;1;22667;4.411699827943707e-05
10385;不再犹豫沉淀两年半;1;0;1;22667;4.411699827943707e-05
10401;柒成少;1;0;1;22667;4.411699827943707e-05
10414;弥留之际;1;0;1;22667;4.411699827943707e-05
10416;小伍虾仁;1;0;1;22667;4.411699827943707e-05
10421;chatgpt永久账号;1;0;1;22667;4.411699827943707e-05
10424;不是chatgbt到底咋登录啊;4;0;4;22667;0.00017646799311774828
10429;请你那些猴急的朋友;16;33;49;22667;0.0021617329156924164
10446;证明你不懂怎么使用ChatGPT，我们公司就已经将AI用在生产力，包括ChatGPTplus;139;187;326;22667;0.014382141439096484
10586;20刀什么时候变成800了，厉害;13;44;57;22667;0.002514668901927913
10601;亲测，4和35是天壤之别。你不会用只能说你不懂和ai交流。不会使用提示词。;25;101;126;22667;0.00555874178320907
10627;我是运维开发工程师用的35挺好用的写脚本贼快;11;26;37;22667;0.0016323289363391715
10639;想问一下谁还没有chatGPT的;2;0;2;22667;8.823399655887414e-05
10642;gpt能预测双色球么？;13;3;16;22667;0.0007058719724709931
10657;Ai很强大营销更强大;1;23;24;22667;0.0010588079587064896
10659;去用文心一言吧;2;7;9;22667;0.0003970529845149336
10662;怎么买;5;1;6;22667;0.0002647019896766224
10668;你一个月160，为什么我要180;5;1;6;22667;0.0002647019896766224
10674;没有用，等完整插件出来用插件，稀里糊涂自己搞不如等大厂付费插件出来，然后把它破解了;2;8;10;22667;0.00044116998279437067
10677;我上班已经让他帮我洗稿了，这个东西要发挥价值，不是玩的;1;8;9;22667;0.0003970529845149336
10679;我女儿在美国学累了学太晚了就玩会儿，她说美国除了这些方便其他都不好，洛杉矶市区到处都是打劫的，能活下来就是长寿;10;2;12;22667;0.0005294039793532448
10690;你们有人gpt4有限制24小时三天吗;6;0;6;22667;0.0002647019896766224
10700;多劝退劝退，这样我访问服务器就能少点压力了;1;0;1;22667;4.411699827943707e-05
10713;你说的alpha版本是api里的;1;0;1;22667;4.411699827943707e-05
10723;gpt4就20美元我找外国人帮我注册的账号像你个大冤种花800;4;0;4;22667;0.00017646799311774828
10728;也想搞一个，求路过的大哥指点迷津;1;1;2;22667;8.823399655887414e-05
10738;上周靠它挣了20个w，是真好用，不知道你咋体验的;2;1;3;22667;0.0001323509948383112
10751;抖音介绍了很多相关的付费app，那些怎么样呢？价格一般在200元左右;2;0;2;22667;8.823399655887414e-05
10754;我让gpt写了个智能合约，发了一个币还给了宣传文案，一天我就撤池子了;3;1;4;22667;0.00017646799311774828
10758;那么问题来了，newbing收费吗;2;0;2;22667;8.823399655887414e-05
10764;ChatGPT算命可行否;2;0;2;22667;8.823399655887414e-05
10767;坐等微软开发国内版本;1;0;1;22667;4.411699827943707e-05
10775;我就花了10块自己弄;1;0;1;22667;4.411699827943707e-05
10778;已经开始封号了;1;0;1;22667;4.411699827943707e-05
10792;我想你大概找错了;1;0;1;22667;4.411699827943707e-05
10802;chatgpt它可以将一小部分人的能力无限放大，但是它对大部分人没有任何提高和帮助的，认命把你适合做一个平凡的人。;1;4;5;22667;0.00022058499139718533
10805;好用吗;1;0;1;22667;4.411699827943707e-05
10807;老铁，能用一定要说;1;0;1;22667;4.411699827943707e-05
10815;淘宝不就好了无语;5;0;5;22667;0.00022058499139718533
10823;visa卡不行么？;2;0;2;22667;8.823399655887414e-05
10830;拒绝了我换个节点就好了;1;0;1;22667;4.411699827943707e-05
10838;40区别挺大的。编程错误少了一半;1;1;2;22667;8.823399655887414e-05
10840;40135搞定;5;0;5;22667;0.00022058499139718533
10849;GarbageinGarbageout你不会用;1;0;1;22667;4.411699827943707e-05
10853;我就想问，我怎么用上35;4;0;4;22667;0.00017646799311774828
10858;人家都停了，6个月之后再开;3;1;4;22667;0.00017646799311774828
10865;0;3;0;3;22667;0.0001323509948383112
10870;难道官网不能充值吗;1;0;1;22667;4.411699827943707e-05
10872;4和35没区别，它自己说的而且4的数据库还是21年9月之前的;2;0;2;22667;8.823399655887414e-05
10879;不是说这个在中国无法使用吗？注册都要国外的手机号;5;0;5;22667;0.00022058499139718533
10902;800还好了，我被中国恒大骗了160万;1;0;1;22667;4.411699827943707e-05
10904;有没有一种可能你是问的有问题，你不是一个合格的promptengineer;1;7;8;22667;0.00035293598623549656
10906;你这有点老罗的气质;1;1;2;22667;8.823399655887414e-05
10912;你说会不会有网警开始查用chat的;1;1;2;22667;8.823399655887414e-05
10915;事实证明还是ai狠啊;1;0;1;22667;4.411699827943707e-05
10921;来来来，让人工智能来做个齿轮;1;0;1;22667;4.411699827943707e-05
10929;写代码是很棒的，这些牛逼的程序员写出来AI把自己干下岗了;1;0;1;22667;4.411699827943707e-05
10933;我觉得这东西有待考证;2;0;2;22667;8.823399655887414e-05
10938;听了半天也不知道他在说什么。;1;1;2;22667;8.823399655887414e-05
10954;朋友，你有点急了。gpt实现万物链接万物智能，再结合人的应用，才是起飞。目前是初步实现各种软件的智能化中低端的各种工程师直接变成废物，一旦跟机器人、机器狗、机床、流水线结合，大半人类也可以报废了;18;4;22;22667;0.0009705739621476155
10974;3和4的区别在写程序上体现出来了，3一直在胡说八道，4至少变的合理了很多;1;1;2;22667;8.823399655887414e-05
10977;很香;1;0;1;22667;4.411699827943707e-05
10981;他不说了么，你给他的网页他访问不了，怎么读你网页里的东西;3;0;3;22667;0.0001323509948383112
10986;不是免费的么;1;0;1;22667;4.411699827943707e-05
10990;就是被ai骗了？我理解错了么;4;0;4;22667;0.00017646799311774828
10995;都是程序设计的各种模板，只要模板库足够大，就会造成人工智能的假象，一些流程简单或模式化的工作都可以编辑进去。;2;0;2;22667;8.823399655887414e-05
10999;20刀一个月么;2;1;3;22667;0.0001323509948383112
11010;严格意义上来说只是功能更强大理解能力更强的搜索引擎提供答案的正确与否在于提示词的准确性;1;2;3;22667;0.0001323509948383112
11015;我不会用啊，都是英文看不懂;2;0;2;22667;8.823399655887414e-05
11019;这个emmmm算被骗吧？被人骗的，不是gpt骗的。;1;2;3;22667;0.0001323509948383112
11033;我付费就用了6个小时不到，号封了;1;0;1;22667;4.411699827943707e-05
11036;智商不够的不给玩;1;6;7;22667;0.00030881898795605945
11038;遇到同样拒绝我虚拟卡的问题。准备重新注册账号试试;5;0;5;22667;0.00022058499139718533
11045;罗永浩是不是你大伯;1;0;1;22667;4.411699827943707e-05
11047;现在不充钱都登陆不了吧;1;0;1;22667;4.411699827943707e-05
11057;800你怎么付的？这么贵;2;1;3;22667;0.0001323509948383112
11072;怎么用啊;2;0;2;22667;8.823399655887414e-05
11076;我怎么注册不了;1;0;1;22667;4.411699827943707e-05
11081;我一直觉得这个东西是智商税;6;0;6;22667;0.0002647019896766224
11096;哎我连魔法都不会用;2;0;2;22667;8.823399655887414e-05
11099;这么说吧，我用gpt4做我用了一年半写的程序，他只用了1个多小时，而且没有bug，比我写的好得多。老板知道了，必把我裁掉。;3;0;3;22667;0.0001323509948383112
11106;我java编程的，已经用chatgpt35解决了很多问题了，后来升级成40，给需求生成代码案例逻辑性更好了。但是它不能自己写一个项目的。很多问题得反复换方式问;7;3;10;22667;0.00044116998279437067
11122;同事用来算双色球，尾号17;2;0;2;22667;8.823399655887414e-05
11125;chatgpt虽好，但是也要有脑子去用，能支付美金的信用卡很难搞吗？我貌似所有信用卡都可以啊;2;0;2;22667;8.823399655887414e-05
11128;兄弟别来丢人了，能魔法上网自己升级一下咯;3;0;3;22667;0.0001323509948383112
11132;150r就可以了。很有用，已经用它赚了800多了;1;2;3;22667;0.0001323509948383112
11134;为什么所有博主都在说“学”ChatGPT，难道又在孵化知识付费。很搞笑这东西有什么可学的，直接用不就行了;3;0;3;22667;0.0001323509948383112
11138;怎么用，我只想试试35，有教程吗;1;1;2;22667;8.823399655887414e-05
11140;有没有一种可能，chatgpt不给中国人用的。我记得协议里面特别注明了，有些地区不提供服务的。我是在新西兰注册使用的。;2;0;2;22667;8.823399655887414e-05
11143;作为一个港中大毕业生你是不是假的啊;1;0;1;22667;4.411699827943707e-05
11145;就算是讲冷笑话，也不能单单只给这么点内容啊，网上那么多攻略白看了，给它一个角色，要求，模板，你现在是一个脱口秀大师joe，能给我讲一个关于发型的冷笑话吗，风格如下：我很喜欢吃煎饼，但是不知道为什么它叫jam饼，但是没有jam;1;0;1;22667;4.411699827943707e-05
11147;能用，plugging;1;0;1;22667;4.411699827943707e-05
11149;不要再给山姆奥特曼送钱了，gpt一旦足够强大第一个毁灭的就是中俄伊。所以我们更要支持国产;1;0;1;22667;4.411699827943707e-05
11151;墙里能用吗？;1;0;1;22667;4.411699827943707e-05
11153;我想看爽文，能写吗？;1;0;1;22667;4.411699827943707e-05
11155;昨天弄了一天GPT4，都被拒了，虚拟卡好像不行，没有验证码;1;0;1;22667;4.411699827943707e-05
11157;转成ustd啊，用欧易;1;0;1;22667;4.411699827943707e-05
11159;听说可以现场写一部小说？我琢磨着书荒了用这个自己写一部自己看，这不就再也不用书荒了;1;0;1;22667;4.411699827943707e-05
11161;79就能搞的，为啥花800。;1;0;1;22667;4.411699827943707e-05
11163;我们领导花了钱被封号了;1;0;1;22667;4.411699827943707e-05
11173;所以开付费版之前，为啥不问问chatgpt它自己呢？;1;0;1;22667;4.411699827943707e-05
11182;第一，其实你根本就不了解ChatGPT到底是什么东西，它是怎样回答问题的，这些答案是怎样生成的，你都不了解。人家自始至终甚至从名字上就说得很清楚了，就是个语言模型，它给你的回答也没有任何问题，语言很能顺，像人类。第二，GPT4是确有很大提升，只是你不需要。第三，冲Plus只要20美金，就算用USDT也就140多块钱，其他的，跟它有什么关系？;1;1;2;22667;8.823399655887414e-05
11344;800？不是20刀吗？;3;0;3;22667;0.0001323509948383112
11350;这个软件在哪里下载;2;0;2;22667;8.823399655887414e-05
11359;写代码;1;0;1;22667;4.411699827943707e-05
11364;800都花了为什么不试试用英文作为prompt词呢而且插件还没上但是付费玩明白了以后还是比别人早一步啊;2;0;2;22667;8.823399655887414e-05
11368;你看就是不会玩的明明就是25美金的事情、花了800;5;0;5;22667;0.00022058499139718533
11374;你确定是真的chatGPT还是别人给你一个接口？;1;0;1;22667;4.411699827943707e-05
11376;你好，我想请教一下你是怎么充值的，谢谢;2;0;2;22667;8.823399655887414e-05
11380;用法就错了，想要信息检索筛选为啥不用更好用的必应？;1;0;1;22667;4.411699827943707e-05
11383;不用想了，那些全部都是骗人的，这个东西很恐怖，建议还是停用吧，或者封存，人类一直开发，开发到最高智慧的东西，却不能驾驭，很多厉害的研究和发展很多威胁人类就改封禁和限制。;1;0;1;22667;4.411699827943707e-05
11430;听到最后才发现你是傻子;1;0;1;22667;4.411699827943707e-05
11434;梯子不会还有人花钱吧;2;0;2;22667;8.823399655887414e-05
11437;有没有可能不是没有用，只有少数人能用到，感觉就像100万买了一台跑车只能在城市里跑40码跟10万块的车没啥两样;1;0;1;22667;4.411699827943707e-05
11439;我问了两个专业的常识，百度就有的，回答非常离谱。;1;0;1;22667;4.411699827943707e-05
11443;哪有你说的那么复杂，我们都在用啊，多牛逼没感觉到，工作效率提高500还是有的，而且你是怎么花掉800的;2;0;2;22667;8.823399655887414e-05
11447;你居然去买号，它几时想收回就收回;1;0;1;22667;4.411699827943707e-05
11449;不是20刀吗？你的怎么这么贵;2;0;2;22667;8.823399655887414e-05
11452;其实不是没用，只不过是对于普通人没用。，因为大部分的人需求都没有那么高，真正有需求的一般都是企业;2;0;2;22667;8.823399655887414e-05
11455;35一大堆免费;9;0;9;22667;0.0003970529845149336
11465;自己不了解清楚就怪东怪西的，顶多花个21刀就搞定了，带插件的是内测要申请的，还有要关键词引导;3;0;3;22667;0.0001323509948383112
11469;是你不会交流，给你世界最强的工具，就拿来生成笑话？;1;0;1;22667;4.411699827943707e-05
11472;4体现在插件;3;0;3;22667;0.0001323509948383112
11476;大哥，你都快乐死我了你要不去试试学一下咋给chat发图片，然后需要用mid让chat生成图片;2;0;2;22667;8.823399655887414e-05
11489;官网上也没说有新版本;2;0;2;22667;8.823399655887414e-05
11496;人家都用免费的，你要花钱;1;0;1;22667;4.411699827943707e-05
11498;差不多的我1000个号2天就跑完了;2;0;2;22667;8.823399655887414e-05
11502;训练他，让他帮你要回钱;1;0;1;22667;4.411699827943707e-05
11506;为啥是800;1;0;1;22667;4.411699827943707e-05
11508;免费版怎么登陆啊;1;0;1;22667;4.411699827943707e-05
11510;我都打不开;3;0;3;22667;0.0001323509948383112
11514;需要上下文模型训练;1;0;1;22667;4.411699827943707e-05
11516;你开的山寨版gpt吧;1;0;1;22667;4.411699827943707e-05
11518;您用ti了吗？没有就是假的;1;0;1;22667;4.411699827943707e-05
11520;这波操作不违法吗？;2;0;2;22667;8.823399655887414e-05
11524;认知问题;1;0;1;22667;4.411699827943707e-05
11526;淘宝买一个号不就行苦？;2;0;2;22667;8.823399655887414e-05
11530;想体验去趟国外就完事儿了，国内不开放是真不开放;1;0;1;22667;4.411699827943707e-05
11533;免费版本够用了;1;0;1;22667;4.411699827943707e-05
11536;法律咨询它以为查法条能快一点。它吗的它给我造法;2;0;2;22667;8.823399655887414e-05
11539;你在墙外没有朋友么;1;0;1;22667;4.411699827943707e-05
11541;说明你动手能力还不够强;1;0;1;22667;4.411699827943707e-05
11543;为什么不找我120搞定;7;0;7;22667;0.00030881898795605945
11551;只能怪你所处环境;1;0;1;22667;4.411699827943707e-05
11554;10r香的不要在香;2;0;2;22667;8.823399655887414e-05
11557;你只是被骗了，不是真正的那个软件;1;0;1;22667;4.411699827943707e-05
11559;那到底好不好用吹的天花乱坠你怎么问这么个问题给不出准确答案;4;0;4;22667;0.00017646799311774828
11564;让国外的朋友冲好了，汇率算高点;5;0;5;22667;0.00022058499139718533
11571;这个兴说吗？;1;0;1;22667;4.411699827943707e-05
11574;TB买个号;5;0;5;22667;0.00022058499139718533
11580;我已经用上了啊，代充;7;0;7;22667;0.00030881898795605945
11589;本来就是吹出来的，假的很;1;0;1;22667;4.411699827943707e-05
11591;交个智商税;1;0;1;22667;4.411699827943707e-05
11595;嗯，在哪里可以下载？;2;3;5;22667;0.00022058499139718533
11598;评论区毛都没有;1;3;4;22667;0.00017646799311774828
11604;名称：opencat苹果ios16以上可以用，需要gptapikey;28;47;75;22667;0.00330877487095778
11633;所以以后都是gpt和gpt在聊天？;2;99;101;22667;0.004455816826223144
11637;虽然如此。。。我还是选择POE;7;10;17;22667;0.0007499889707504302
11645;需要key的都不要用各位因为用key封号;4;2;6;22667;0.0002647019896766224
11650;如果这种虚情假意的东西普及了，想想挺恶心的，人和人的距离更远了，更加互相不信任了;2;20;22;22667;0.0009705739621476155
11653;Apikey怎么弄？;8;1;9;22667;0.0003970529845149336
11792;猫猫雨66;1;0;1;22667;4.411699827943707e-05
11796;CantuseinHK;2;0;2;22667;8.823399655887414e-05
11837;怎么注册;16;6;22;22667;0.0009705739621476155
11854;API换壳而已，哪里国内的，都是一个服务器共享一个API的key，几乎都是接口35免费版本。40就是plus哪来的50版本，而且40现在有提问次数限制。自己都问不过来，还共享给其他人。;6;37;43;22667;0.0018970309260157938
11862;但是文心一言也未尝不香，我支持自家技术做大做强;6;36;42;22667;0.0018529139277363568
11869;没有账号，怎么弄？;8;4;12;22667;0.0005294039793532448
11878;你确定收费的是50？？？还有分国内的国外的？？？;7;0;7;22667;0.00030881898795605945
11886;国内的不就是套壳上市。而且大部分都是机器人不是真正的gpt;1;22;23;22667;0.0010146909604270525
11888;要怎么弄;3;4;7;22667;0.00030881898795605945
11893;我发现怎么那么多小白呀？;6;0;6;22667;0.0002647019896766224
11900;美国官网的那个能用中文吗？;5;0;5;22667;0.00022058499139718533
11906;50目前没有，除了官网有plus的40和新bing的40弱化版，其他的所有都是35或以下的。;3;4;7;22667;0.00030881898795605945
11910;彩票昨天中了4000第一次用它真的把我吓到了是真的害怕;1;2;3;22667;0.0001323509948383112
11913;到一定程度，他也会替孩子参加高考吗？;2;0;2;22667;8.823399655887414e-05
11916;谁要;7;1;8;22667;0.00035293598623549656
11938;如何加入你的群;1;1;2;22667;8.823399655887414e-05
11940;到了chatgpt35基本不存来落后不落后的问题了，都产生了灵智，可以自主学习了。所以在运算速度相同的情况下只是比40小几个月。但是大家都有超强的学习能力，通过运算速度来增加他的学习能力;4;2;6;22667;0.0002647019896766224
11951;注册不了。没有国外手机号;20;11;31;22667;0.0013676269466625492
11972;现在都停了，不让咱们用了;14;1;15;22667;0.0006617549741915561
11987;完全就是胡说八道，自己都没搞懂，还教别人，还要搞什么粉丝群，扯蛋，还搞出什么“国内版本”“不那么智能”，听了都想笑。;4;15;19;22667;0.0008382229673093043
11992;国内怎么用？;4;6;10;22667;0.00044116998279437067
11997;刚买了一个，30来块钱搞定的东西，自己注册没给我折磨死;7;0;7;22667;0.00030881898795605945
12005;国内的咋用呢？;3;2;5;22667;0.00022058499139718533
12010;假的，现在plus也就40，50要下个月才有信儿;1;3;4;22667;0.00017646799311774828
12012;50哪来的？张口就来？;1;3;4;22667;0.00017646799311774828
12014;视频里说国内免费，加群上来一手350。遍地韭菜;1;3;4;22667;0.00017646799311774828
12017;国内根本注册不了;3;0;3;22667;0.0001323509948383112
12021;怎么注册下载;1;2;3;22667;0.0001323509948383112
12023;所谓的国内版本，就是二道贩子，利用别人的资源来赚钱，0到1不会搞，别人搞出来了投机取巧个个都聪明，当然这都是墙的功劳。;1;2;3;22667;0.0001323509948383112
12026;进不了;2;0;2;22667;8.823399655887414e-05
12029;国内的在哪里找到啊;2;0;2;22667;8.823399655887414e-05
12032;怎么下载;1;1;2;22667;8.823399655887414e-05
12034;需要怎么弄呢;1;1;2;22667;8.823399655887414e-05
12036;怎么进啊;1;1;2;22667;8.823399655887414e-05
12039;怎么下载;1;1;2;22667;8.823399655887414e-05
12048;去哪买;1;0;1;22667;4.411699827943707e-05
12051;像我的需求国内的就够用了;1;0;1;22667;4.411699827943707e-05
12054;扯，现在套的全是35的接口，4得要排队，5压根没对外出;1;0;1;22667;4.411699827943707e-05
12056;不敢说作者满口胡言，今天目前为止是在满口胡言，5都来了;1;0;1;22667;4.411699827943707e-05
12058;国内都是奸商收费;1;0;1;22667;4.411699827943707e-05
12113;视频同款绿联KU102机械键盘;1;12;13;22667;0.0005735209776326818
12115;我这打不开啊;6;42;48;22667;0.002117615917412979
12123;看这个眼神;6;29;35;22667;0.0015440949397802974
12130;现在不是用AutoGPT了吗？;6;8;14;22667;0.0006176379759121189
12137;Word文档怎么申请电子签名呢;1;0;1;22667;4.411699827943707e-05
12139;什么时候结婚;2;6;8;22667;0.00035293598623549656
12143;需要魔法吗？;2;4;6;22667;0.0002647019896766224
12146;花钱的GPT哪里找不到？还要你来教？我就信了你个邪，拉黑了;2;1;3;22667;0.0001323509948383112
12151;早就不能用了;1;1;2;22667;8.823399655887414e-05
12156;Study就这个虽然是低级版本;1;0;1;22667;4.411699827943707e-05
12178;真gpt吗？;1;0;1;22667;4.411699827943707e-05
12180;用完感觉也不像传说中的那么神，除了初次用可以让人感慨科技的进步外，稍微专业点的问题就解答不上了，甚至它还会自己伪造答案，如果不加甄别的相信它的回答，那估计就要被带跑偏了;1;0;1;22667;4.411699827943707e-05
12192;我看谁还没玩过40;1;0;1;22667;4.411699827943707e-05
12195;还可以用得嘛;1;2;3;22667;0.0001323509948383112
12198;35还是4？;1;0;1;22667;4.411699827943707e-05
12215;这是怎么事;1;0;1;22667;4.411699827943707e-05
12217;手机能用吗;1;0;1;22667;4.411699827943707e-05
12222;那Mac怎么办呢？;1;0;1;22667;4.411699827943707e-05
12233;0;1;1;2;22667;8.823399655887414e-05
12243;卧槽真的好用，之前搜了一堆教程东西下载了一堆都没用，这个打开直接就能用;1;7;8;22667;0.00035293598623549656
12246;需要魔法吗？;1;1;2;22667;8.823399655887414e-05
12249;橙衣熏;4;0;4;22667;0.00017646799311774828
12264;幼稚园小班长;1;0;1;22667;4.411699827943707e-05
12267;嘤嘤嘤;1;0;1;22667;4.411699827943707e-05
12275;吃肉肉;1;1;2;22667;8.823399655887414e-05
12279;终于找到chatgpt的手机版教程了;1;1;2;22667;8.823399655887414e-05
12281;终于找到chatgpt的手机版教程了;1;1;2;22667;8.823399655887414e-05
12300;第一次进要升级，等一会就好了;1;9;10;22667;0.00044116998279437067
12302;试用要钱？？;3;3;6;22667;0.0002647019896766224
12306;我已经开始让它帮我干活了;2;2;4;22667;0.00017646799311774828
12309;真是原版;2;1;3;22667;0.0001323509948383112
12315;666谢谢大哥;2;1;3;22667;0.0001323509948383112
12318;0;1;0;1;22667;4.411699827943707e-05
12320;在前面的视频吗;1;2;3;22667;0.0001323509948383112
12322;想要;1;3;4;22667;0.00017646799311774828
12324;插个眼;1;1;2;22667;8.823399655887414e-05
12328;在哪下;1;1;2;22667;8.823399655887414e-05
12335;但是要充会员;1;1;2;22667;8.823399655887414e-05
12337;都是收费的;2;0;2;22667;8.823399655887414e-05
12347;chdtgpt;1;0;1;22667;4.411699827943707e-05
12356;chdtGPT;1;0;1;22667;4.411699827943707e-05
12365;ChatGPT;1;0;1;22667;4.411699827943707e-05
12516;我要注册;1;0;1;22667;4.411699827943707e-05
12569;chatgpt它不知道彩票是它先选出号码，我们用一个小时统计完再选出一个没人买的号码;14;31;45;22667;0.001985264922574668
12584;人为的开奖号码外星人都搞不定;6;62;68;22667;0.0029999558830017207
12591;你的数据为什么能够更新到2023年;3;0;3;22667;0.0001323509948383112
12595;朋友们，咱们不一定围绕彩票，股票来沟通的，任何话题咱们都可以聊;16;4;20;22667;0.0008823399655887413
12612;这二十只，我只能建议东方财富，近段时间好像券商或有异动;10;5;15;22667;0.0006617549741915561
12624;chartgpt的数据不是只到2021年吗？;5;3;8;22667;0.00035293598623549656
12630;大哥，要不我们合作试一试量化投资。你出ai，我出代码;4;3;7;22667;0.00030881898795605945
12635;GPT是怎么链接互联网获取最新数据的？;6;1;7;22667;0.00030881898795605945
12642;不用半年就可以帮你亏光;1;14;15;22667;0.0006617549741915561
12644;既然，看到了紫金矿业。。。;3;4;7;22667;0.00030881898795605945
12648;紫金矿业我买了套住了;5;1;6;22667;0.0002647019896766224
12654;基金去买煤炭，持有到年底。到时候来看我这句话;4;2;6;22667;0.0002647019896766224
12659;如果它能够每天自动给你买三个票，一天总体收益达到1就可以满意。;3;5;8;22667;0.00035293598623549656
12663;没有国内版本的？;4;1;5;22667;0.00022058499139718533
12668;贵州茅台;4;1;5;22667;0.00022058499139718533
12674;彩票不是概率学，是看了底牌再开牌;3;0;3;22667;0.0001323509948383112
12678;概率学应该有机会，但是我们玩的是统计学，所以你不用幻想了。;2;0;2;22667;8.823399655887414e-05
12681;这能炒股成功的话你就不会见到chatgpt这款产品了;3;0;3;22667;0.0001323509948383112
12689;股票是人性的博弈，一个AI玩不赢;1;0;1;22667;4.411699827943707e-05
12691;不如整点涩涩的小图，赚钱;1;0;1;22667;4.411699827943707e-05
12695;加入够多的参考;1;0;1;22667;4.411699827943707e-05
12698;懂概率学的都在笑;1;0;1;22667;4.411699827943707e-05
12700;0;1;0;1;22667;4.411699827943707e-05
12702;还不如让学习算卦;1;0;1;22667;4.411699827943707e-05
12706;在哪弄的gpt？;3;0;3;22667;0.0001323509948383112
12710;你这不行啊，我2天就赚了300多w;1;0;1;22667;4.411699827943707e-05
12712;推测一下楼是啥时候崩盘;1;0;1;22667;4.411699827943707e-05
12716;为什么我的Gpt死活都不给我推荐呢？;3;0;3;22667;0.0001323509948383112
12721;三年前的数据。AI，傻，你也跟着傻。我们来剪刀石头布。输了我给你500万。我赢了，你给我两块。每次都是你先出。;1;0;1;22667;4.411699827943707e-05
12752;茅台还能回到1460元一股吗;1;1;2;22667;8.823399655887414e-05
12762;有没有免费版;4;1;5;22667;0.00022058499139718533
12771;让他给我几个网站，谢谢;1;0;1;22667;4.411699827943707e-05
12773;哥们，换个赛道;1;0;1;22667;4.411699827943707e-05
12778;chatgpt数据只到21年，你统计了19年到21年的股票数据，来炒23年的股，;1;0;1;22667;4.411699827943707e-05
12780;拭目以待;1;0;1;22667;4.411699827943707e-05
12782;你是概率学，彩票中心是统计学;2;2;4;22667;0.00017646799311774828
12785;你说错了，是统计学不是概率学;1;0;1;22667;4.411699827943707e-05
12787;股票预测准确率可能不及我们的易经推算结果吧;1;0;1;22667;4.411699827943707e-05
12789;别人都说玩菠菜，利用不同菠菜平台盘口的不同，实时统计其中的盈利空间，chatgpt在其中的作用就是写了段统计的代码，事实上有水平的程序员都有可能写出来，只是这盈利空间太小而已;1;0;1;22667;4.411699827943707e-05
12791;在国内;2;0;2;22667;8.823399655887414e-05
12795;你说错了，咱们的彩票是统计学;1;0;1;22667;4.411699827943707e-05
12797;三年疫情，药企占一半;1;0;1;22667;4.411699827943707e-05
12799;有啥想不开的，炒股票;1;0;1;22667;4.411699827943707e-05
12801;你这夹杂了太多自己的思路，要让chatgpt自己决定方案;1;0;1;22667;4.411699827943707e-05
12803;统计学;1;0;1;22667;4.411699827943707e-05
12805;这个如果行的话可火了;1;0;1;22667;4.411699827943707e-05
12807;写个口感舒适的蛋糕配方和制作流程，可以吗;2;0;2;22667;8.823399655887414e-05
12822;推测40岁男孩，还要多久可以结婚;2;2;4;22667;0.00017646799311774828
12825;有卖40账号的吗？;2;2;4;22667;0.00017646799311774828
12828;怎么使用这个软件。;1;3;4;22667;0.00017646799311774828
12834;中国彩票不是概率而是人为概率学;2;1;3;22667;0.0001323509948383112
12837;续写红楼梦卖版权;2;1;3;22667;0.0001323509948383112
12840;兄弟，看好你;1;1;2;22667;8.823399655887414e-05
12842;你这个炒股思路。。。。祝你好运;1;1;2;22667;8.823399655887414e-05
12844;chatGPT怎么用;1;2;3;22667;0.0001323509948383112
12846;21年前的数据;2;1;3;22667;0.0001323509948383112
12850;彩票是概率学，股票是玄学，这两项都不是它能玩懂的;2;0;2;22667;8.823399655887414e-05
12854;大哥。怎么注册我也超想体验gtp;3;1;4;22667;0.00017646799311774828
12858;Gtp告诉我这些开奖号码让外星人控制着，他们会随机给一个购买最少的号码开奖。然后这段话我就找不到了，我刷新的时候他重新换了另成了：很抱歉，我是一个ai。离谱;2;2;4;22667;0.00017646799311774828
12861;彩票不是主任学？;2;1;3;22667;0.0001323509948383112
12868;买剑桥科技和中科曙光这两个票还能涨几天，明天入场还来得及，周五出来。;1;1;2;22667;8.823399655887414e-05
12870;咱们的彩票，不想让你中就算穿越回去也没用;1;3;4;22667;0.00017646799311774828
12874;你是要用一千万赚一百万么;1;0;1;22667;4.411699827943707e-05
12878;体验了刮刮，没有乐;1;1;2;22667;8.823399655887414e-05
12890;我让chatgpt统计某产品的出口企业top10给出的10个企业里9个不存在。。。;1;1;2;22667;8.823399655887414e-05
12895;谁会用GPT的，关注我下，谢谢;1;1;2;22667;8.823399655887414e-05
12897;博主，这个国内能用吗，去哪使用啊;1;1;2;22667;8.823399655887414e-05
12902;彩票是主任决定的;2;6;8;22667;0.00035293598623549656
12906;卧槽，好几个我买过的股票但是我大部分都亏钱了;1;0;1;22667;4.411699827943707e-05
12910;你这样的统计，上涨趋势没赚到，下跌的时候你才买;3;1;4;22667;0.00017646799311774828
12914;Chatgpt糊涂啊，如果他早让你买chatgpt概念股，你已经赚麻了;2;0;2;22667;8.823399655887414e-05
12917;你用gpt买我用gpt开;1;0;1;22667;4.411699827943707e-05
12920;彩票：你说奇怪不，我们的号码也是ChatGPT统计出来的;2;0;2;22667;8.823399655887414e-05
12923;人家后台直接超控的你怎么玩？人家都知道你先出什么了;1;0;1;22667;4.411699827943707e-05
12930;gpt的数据不是只更新到2021年吗;1;0;1;22667;4.411699827943707e-05
12933;彩票是经济学，不是概率学。别打彩票的主意了，完全水视频。;1;0;1;22667;4.411699827943707e-05
12935;让它写点歌词多好啊;1;1;2;22667;8.823399655887414e-05
12937;告诉你先拿一千万一百天后让你剩一百万;1;0;1;22667;4.411699827943707e-05
12939;ChatGPT能知道最新的数据吗？;1;0;1;22667;4.411699827943707e-05
12941;这玩意儿能测股票吗彩票就是统计学但是不是你统计;3;0;3;22667;0.0001323509948383112
12950;怎么下载GPT;2;1;3;22667;0.0001323509948383112
12953;有没有可能它是胡编乱造的;1;1;2;22667;8.823399655887414e-05
12955;Gpt花10来块搞一个，方便;1;0;1;22667;4.411699827943707e-05
12957;我们来玩石头剪刀布，你先出;1;0;1;22667;4.411699827943707e-05
12959;GPT的数据不是实时的啊;1;0;1;22667;4.411699827943707e-05
12961;帮我看看000889成本193;2;0;2;22667;8.823399655887414e-05
12964;厉害了，关注你赚到一百万邮过来;1;0;1;22667;4.411699827943707e-05
12966;问题是它统计出来的数据准确吗？我试过它有些数据是不对的;1;0;1;22667;4.411699827943707e-05
12968;以前的各大网站广告文字软文变成了现在的各大视屏广告软文最恶心的还是被拿来用在剪刀石头布你先出这个;1;1;2;22667;8.823399655887414e-05
12970;我的AI是国内版的，被法律法规限制了，无法用在股市上。想写几个公式，写不了怎么办？你呢？有没有？;1;1;2;22667;8.823399655887414e-05
12972;现在puls真便宜;1;1;2;22667;8.823399655887414e-05
12974;gtp太厉害了;1;2;3;22667;0.0001323509948383112
12976;你这样问没啥用;1;0;1;22667;4.411699827943707e-05
12978;gpt数据库不是才21年么而且不能联网;1;0;1;22667;4.411699827943707e-05
12980;你这个操作，仿佛百度也能很好的帮您完成;1;1;2;22667;8.823399655887414e-05
12982;40么？;1;1;2;22667;8.823399655887414e-05
12984;刚刚拿了一个成品的，态度服务特别好，少麻烦;1;0;1;22667;4.411699827943707e-05
12986;你错了，彩票是门玄学;3;0;3;22667;0.0001323509948383112
12990;这个厉害了;1;1;2;22667;8.823399655887414e-05
12992;我亏了一百块;1;1;2;22667;8.823399655887414e-05
12995;你方法错了，不是这样用的;1;0;1;22667;4.411699827943707e-05
12998;GPT在哪下载;1;3;4;22667;0.00017646799311774828
13001;chatGPT怎么用啊，哪里下载;10;1;11;22667;0.0004852869810738077
13012;本金很重要;1;1;2;22667;8.823399655887414e-05
13014;最近3年那不准确，2019至2021年;2;6;8;22667;0.00035293598623549656
13018;有点意思哈哈;2;1;3;22667;0.0001323509948383112
13021;我按GDP买双色球5注中了200;3;0;3;22667;0.0001323509948383112
13025;你如果敢玩股票，你才算是真正的英雄。;2;0;2;22667;8.823399655887414e-05
13029;0;1;1;2;22667;8.823399655887414e-05
13032;基金牛逼啊;1;0;1;22667;4.411699827943707e-05
13043;0;1;0;1;22667;4.411699827943707e-05
13046;0;1;0;1;22667;4.411699827943707e-05
13051;0;2;0;2;22667;8.823399655887414e-05
13054;前天在一个抖音博主介绍手机版的下了一个，他妈现在都是国外骚扰电话，又安装不了;5;0;5;22667;0.00022058499139718533
13060;统计学都不是，是算计学;3;0;3;22667;0.0001323509948383112
13064;ai还是不够智能，否则它会告诉你，这一切都是人类的陷阱，比如大师早就说过，彩票就是猜丁壳，你先出啊;1;0;1;22667;4.411699827943707e-05
13066;最后你要连饭都吃不起;1;0;1;22667;4.411699827943707e-05
13068;AI没问题你得研究TMD那群人咋想的;1;0;1;22667;4.411699827943707e-05
13070;相信我，股票绝对比彩票有前途，彩票是用来猜的，正规的钓鱼赌博;1;0;1;22667;4.411699827943707e-05
13072;这边开发这样东西，恐怕连下载都坑一下我们的，更不用说正常使用了，;1;0;1;22667;4.411699827943707e-05
13074;你就是穿越回去都不会中奖;1;0;1;22667;4.411699827943707e-05
13076;你那一句“他妈的”是真实的;1;0;1;22667;4.411699827943707e-05
13078;竟然可以说“他妈的”;1;0;1;22667;4.411699827943707e-05
13105;chatgpt40下载及注册流程方法;2;4;6;22667;0.0002647019896766224
13116;小程序;4;3;7;22667;0.00030881898795605945
13149;小程序;3;0;3;22667;0.0001323509948383112
13191;小程序;1;1;2;22667;8.823399655887414e-05
13274;小程序;1;0;1;22667;4.411699827943707e-05
13321;人家国外是免费;3;518;521;22667;0.022984956103586713
13325;要不要回炉深造一下？;42;102;144;22667;0.006352847752238938
13368;下了，啥也不是，什么都搞不来;12;3;15;22667;0.0006617549741915561
13381;这玩意只是整合了各个搜索引擎吧;28;37;65;22667;0.0028676048881634093
13410;答辩微软开发的，变成广东开发的;1;1;2;22667;8.823399655887414e-05
13412;当你依赖它时，就是美国禁止你使用的时候;5;9;14;22667;0.0006176379759121189
13418;如果让它写小说呢？给它题材，让它写，这样就不怕没书看了;6;4;10;22667;0.00044116998279437067
13425;不好用，我问他明天的彩票号码都不知道;8;79;87;22667;0.003838178850311025
13434;我朋友就在这样的AI公司上班，岗位名称叫问答客服，3500一个月，雇了一百多人呢;3;18;21;22667;0.0009264569638681784
13438;刚下载，转手我卸载了;4;6;10;22667;0.00044116998279437067
13443;0;7;22;29;22667;0.0012793929501036748
13451;0;2;7;9;22667;0.0003970529845149336
13454;为美帝收集数据呐喊;4;2;6;22667;0.0002647019896766224
13459;我是想问一下中文这部分的资料是谁给这个a传上去的？那这样不是把所有的资料都存上去了？;3;3;6;22667;0.0002647019896766224
13508;我现在后悔在里面充会员了;2;0;2;22667;8.823399655887414e-05
13516;没有免费的吗;5;0;5;22667;0.00022058499139718533
13524;能不能写程序，代码？;1;1;2;22667;8.823399655887414e-05
13533;怎么收费;1;0;1;22667;4.411699827943707e-05
13552;彩票能预判吗;1;0;1;22667;4.411699827943707e-05
13556;总觉得ai不是这么用的，有种被带沟里的感觉。;2;0;2;22667;8.823399655887414e-05
13560;用台腔，谁投资的？;1;1;2;22667;8.823399655887414e-05
13580;问几次就要求开会员才能问;1;0;1;22667;4.411699827943707e-05
13584;它可以连接家里的wifi吗？可以过去使用者信息吗;1;5;6;22667;0.0002647019896766224
13588;国内是收费的，;1;0;1;22667;4.411699827943707e-05
13591;没人叫我哥，啥都会;1;0;1;22667;4.411699827943707e-05
13596;不错，每天能免费问5次;2;0;2;22667;8.823399655887414e-05
13600;用的是gpt4的还是35的接口？;3;0;3;22667;0.0001323509948383112
13607;人家国外是免费;2;2;4;22667;0.00017646799311774828
13615;看来快要禁止微软了;1;18;19;22667;0.0008382229673093043
13621;确实强调，但他应该是帮你从网上找答案，人叫他些代码，问两个同一样的代码问题，他发给你的，不是同一个，但也可能同一个，或许写代码模块应该被限制，ai不能自己写或者有限制AI的，我没有开VIP，试的次数少，还不能得出结论;4;1;5;22667;0.00022058499139718533
13647;问题回答得还不错，就是没几条就要收钱了;1;1;2;22667;8.823399655887414e-05
13650;会编程不;1;0;1;22667;4.411699827943707e-05
13672;这个不能对标GPT4是吧？;1;0;1;22667;4.411699827943707e-05
13682;我一句话没问呢，先要收钱;2;0;2;22667;8.823399655887414e-05
13685;下一期双色球多少来一组;1;0;1;22667;4.411699827943707e-05
13687;胜意我们最近都有学这个chatgtp相当于有思维的电脑，他跟你的聊天每句话都不一样;1;1;2;22667;8.823399655887414e-05
13694;写论文都是那一段;1;1;2;22667;8.823399655887414e-05
13699;这不就等同于把自己脱光了摆到手术台上了吗？是进步没错，但从另外一个角度看这何尝不是一种悲哀呢？人类逐渐丧失了一切思考能力完全听机器人的最终结果会怎样？;2;1;3;22667;0.0001323509948383112
13702;必须国外手机号码注册。;6;0;6;22667;0.0002647019896766224
13714;价格怎么不说;1;0;1;22667;4.411699827943707e-05
13716;太贵了;1;0;1;22667;4.411699827943707e-05
13719;需要会员么？;1;0;1;22667;4.411699827943707e-05
13723;和小爱同学有本质的区别吗？;2;0;2;22667;8.823399655887414e-05
13727;全是要会员;2;0;2;22667;8.823399655887414e-05
13730;有病毒华为应用市场不给安装;3;2;5;22667;0.00022058499139718533
13734;还能拿来写rap歌词，超酷的;3;20;23;22667;0.0010146909604270525
13738;没有免费的午餐;1;7;8;22667;0.00035293598623549656
13744;小卓;1;0;1;22667;4.411699827943707e-05
13747;小北且待小僧伸伸jio姬遥;3;0;3;22667;0.0001323509948383112
13763;阿良1;1;0;1;22667;4.411699827943707e-05
13776;多少钱？;1;0;1;22667;4.411699827943707e-05
13778;0;79;443;522;22667;0.023029073101866148
13858;chatgpt还没开放接口，大家别被骗了;19;48;67;22667;0.0029558388847222834
13878;在哪下载;3;1;4;22667;0.00017646799311774828
13882;点开就让你充值;2;0;2;22667;8.823399655887414e-05
13885;每天只有5次免费;2;0;2;22667;8.823399655887414e-05
13889;垃圾软件;1;1;2;22667;8.823399655887414e-05
14109;中国不让用;1;0;1;22667;4.411699827943707e-05
14127;需要付费;1;0;1;22667;4.411699827943707e-05
14132;比如，网店的衣服，穿在塑料模特上，然后交个AI，节省了模特，摄影，后期处理，这也太香了，然后文案用gpt生成一下;9;35;44;22667;0.001941147924295231
14142;提出一个问题也是一种能力，而且是职场很需要的一种能力;6;38;44;22667;0.001941147924295231
14150;然后你们公司一点机密都没了;6;12;18;22667;0.0007941059690298672
14157;我现在就想知道gpt有没有自我意识;11;0;11;22667;0.0004852869810738077
14170;你以为你在用它，可实际是你在丰富养成它。当它真正能独立思考时被淘汰的就是一切。;3;4;7;22667;0.00030881898795605945
14174;gpt最近经常登录不进去，你是怎么把它放进工作流的？;9;0;9;22667;0.0003970529845149336
14184;在哪买这个软件;2;4;6;22667;0.0002647019896766224
14187;软件收费多少？;2;2;4;22667;0.00017646799311774828
14190;怎么用的？;2;1;3;22667;0.0001323509948383112
14193;想知道一下，如果有人找你们投资，你们没投。那要怎么保证，后来你们不会自己找人做偷他的想法;3;0;3;22667;0.0001323509948383112
14197;还记得绵羊多利吗，为什么没有后续，人工智能真的好吗;3;0;3;22667;0.0001323509948383112
14202;奈何缺个梯子;1;1;2;22667;8.823399655887414e-05
14204;这跟进太慢了，gpt出来多久了。另外，gpt不仅可以民用商用，还可以军用;3;1;4;22667;0.00017646799311774828
14227;我也认可gpt不错，不过确实这个东西有太多不确定因素，比如商业机密，隐私等另外会不会被不法分子利用，专利等问题太多了太多了;1;1;2;22667;8.823399655887414e-05
14241;gpt先放一放，Midjourney是真好玩;1;2;3;22667;0.0001323509948383112
14249;硅基生命就要诞生了，害怕吗博主;1;0;1;22667;4.411699827943707e-05
14264;今天颜值好高啊。;1;1;2;22667;8.823399655887414e-05
14268;怀里是个啥？;1;0;1;22667;4.411699827943707e-05
14277;充钱买chatGPT4结果会更准确;3;3;6;22667;0.0002647019896766224
14282;元宇宙吹完了，开始吹人工智能。这东西不早就有了吗。一群快没有存在互联网大厂，赶紧抓住点救命稻草;2;0;2;22667;8.823399655887414e-05
14286;它会炒股吗？它炒股赚钱我就服他;2;0;2;22667;8.823399655887414e-05
14316;没一个能用的都打不开;8;48;56;22667;0.0024705519036484756
14326;什么是镜像网站呀，是接了GPT的模型吗？;1;5;6;22667;0.0002647019896766224
14328;要饭环节很形象啊;1;6;7;22667;0.00030881898795605945
14330;看不到你的链接;2;8;10;22667;0.00044116998279437067
14333;能搞张网址图嘛;5;0;5;22667;0.00022058499139718533
14340;我们好可怜，为啥不能用到呢？;1;2;3;22667;0.0001323509948383112
14342;学习委员呢，整理一下板书;1;1;2;22667;8.823399655887414e-05
14344;是ver35还是4的？;1;1;2;22667;8.823399655887414e-05
14348;你的声音怎么搞得;1;0;1;22667;4.411699827943707e-05
14350;这个可以绘图嘛;1;0;1;22667;4.411699827943707e-05
14352;哈哈哈刚在b站看完你的打开抖音就刷到了;3;0;3;22667;0.0001323509948383112
14356;如有疑问欢迎移步主页，观看更多内容;1;3;4;22667;0.00017646799311774828
14375;还是魔法好用，求个免费魔法软件;9;1;10;22667;0.00044116998279437067
14388;没一个能用;1;0;1;22667;4.411699827943707e-05
14390;施舍三块钱，还是用不了;1;0;1;22667;4.411699827943707e-05
14392;你怎么不等过年再发呢;1;0;1;22667;4.411699827943707e-05
14394;直接用chatgtp不香吗;1;0;1;22667;4.411699827943707e-05
14396;456好像用不了了，不过他们好像是35的，有12就够了，感谢作者分享;1;0;1;22667;4.411699827943707e-05
14398;镜像的意思，后台核心还是用chatgpt的ai吗？还是说只是模仿他，自己做的？;1;0;1;22667;4.411699827943707e-05
14400;我感觉写出的东西差点意思，不太像真的chatgpt;1;0;1;22667;4.411699827943707e-05
14402;开放猫网站进不去了;1;0;1;22667;4.411699827943707e-05
14404;你们用什么浏览器打开的啊？为什么我一个都打不开？还是需要梯子？;1;0;1;22667;4.411699827943707e-05
14422;问它回答是基于GPT3;19;23;42;22667;0.0018529139277363568
14442;什么叫科学上网？？？求科普;17;6;23;22667;0.0010146909604270525
14460;我以前注册用过的，感觉没有百度的好用，到最近百度用不了。于是我又想用微软的，结果那个浏览器不知道出了什么问题，用不了了。;1;0;1;22667;4.411699827943707e-05
14462;GPT封号了啊;8;1;9;22667;0.0003970529845149336
14471;回答问题深度没GPT3好;3;8;11;22667;0.0004852869810738077
14475;求科学软件;1;0;1;22667;4.411699827943707e-05
14477;科学上网的方法讲一下;7;1;8;22667;0.00035293598623549656
14485;微软账户要外国的嘛，为什么我这个startcheating一直报错;3;4;7;22667;0.00030881898795605945
14489;第一部怎么操作;5;1;6;22667;0.0002647019896766224
14495;怎么魔法上网？;4;1;5;22667;0.00022058499139718533
14500;不是GPT4;3;2;5;22667;0.00022058499139718533
14504;手机可以吗;3;1;4;22667;0.00017646799311774828
14508;这个只能用35吧，不是真的40;3;1;4;22667;0.00017646799311774828
14512;国内手机能注册微软的账号吗？;2;2;4;22667;0.00017646799311774828
14517;视频很好下期出个客户端的;2;0;2;22667;8.823399655887414e-05
14520;我的报429怎么办;5;0;5;22667;0.00022058499139718533
14526;下载页面怎么弄的;2;0;2;22667;8.823399655887414e-05
14529;说实话，对于普通人来说，新bing不管它是不是40，真没免费的chatgpt35好用。首先反应慢，其次动不动就要停止继续聊话题。而chatgpt只要你愿意聊，它能聊到你手机没电。;1;0;1;22667;4.411699827943707e-05
14533;0;1;1;2;22667;8.823399655887414e-05
14536;第一步就卡到我了;1;0;1;22667;4.411699827943707e-05
14538;没有电话号码接收验证，请帮忙;1;0;1;22667;4.411699827943707e-05
14540;和openai的有啥区别哦;1;0;1;22667;4.411699827943707e-05
14543;每天只能提问几次吧;1;0;1;22667;4.411699827943707e-05
14545;现在是邮箱申请不下来，都要求国外电话号;1;0;1;22667;4.411699827943707e-05
14547;只能对话20次？;1;0;1;22667;4.411699827943707e-05
14549;我早就用上了，可是gpt不听话，问多了不敢，发点脾气不干，总之就是这不干那不干，叫他写个代码，说不会，经过曲折迂回，好像又写出来了;1;0;1;22667;4.411699827943707e-05
14551;移动版可以用吗;1;2;3;22667;0.0001323509948383112
14553;无限循环立即聊天界面;2;0;2;22667;8.823399655887414e-05
14556;newbingchatgpt4别混淆概念这是两个不同的东西;1;0;1;22667;4.411699827943707e-05
14558;兄弟们我gpt已经起飞啦;1;0;1;22667;4.411699827943707e-05
14560;怎么预约;1;1;2;22667;8.823399655887414e-05
14563;这是4？;1;0;1;22667;4.411699827943707e-05
14565;这个和4还是有不同的地方，只给建议;1;0;1;22667;4.411699827943707e-05
14568;未来将是一个创作大爆发的时代。;1;1;2;22667;8.823399655887414e-05
14571;已测，可用。;1;1;2;22667;8.823399655887414e-05
14573;一模一样操作就是不行啊;1;2;3;22667;0.0001323509948383112
14575;手机上安装可以吗？还是一定要电脑上？装;1;3;4;22667;0.00017646799311774828
14577;不是4，是logpt;1;0;1;22667;4.411699827943707e-05
14579;为什么一直弹出一个页面;1;2;3;22667;0.0001323509948383112
14583;现在还能申请吗;3;0;3;22667;0.0001323509948383112
14590;说的太快了;1;0;1;22667;4.411699827943707e-05
14592;自带的edge不能用吗，也显示已加入了，就是没有聊天框;1;1;2;22667;8.823399655887414e-05
14594;qq邮箱不行吗？;2;0;2;22667;8.823399655887414e-05
14598;手机怎么用;1;1;2;22667;8.823399655887414e-05
14600;怎么弄;1;1;2;22667;8.823399655887414e-05
14602;手机可以用吗;1;0;1;22667;4.411699827943707e-05
14609;免费注册吗？;1;1;2;22667;8.823399655887414e-05
14612;折腾半天注册不了刚买了个号;6;0;6;22667;0.0002647019896766224
14619;科学上网怎么解决？;5;0;5;22667;0.00022058499139718533
14625;推荐个fq软件吧;5;0;5;22667;0.00022058499139718533
14631;苹果手机可以装FQ软件Kx上网吗？;2;1;3;22667;0.0001323509948383112
14634;你好，我想请问下。全部装好后，区域会被强制设置为中国，而非之前网页上设置的区域，网页最上方会有国内版和国际版按钮，没有聊天;3;0;3;22667;0.0001323509948383112
14638;地区被锁中国，没办法改;3;0;3;22667;0.0001323509948383112
14642;为什么我的newbing就和edge浏览器一样;1;1;2;22667;8.823399655887414e-05
14644;香港账户可以用吗？;1;1;2;22667;8.823399655887414e-05
14646;找不到那个新必应下载界面，怎么办;1;1;2;22667;8.823399655887414e-05
14648;说说手机版的;1;1;2;22667;8.823399655887414e-05
14651;很糟糕，让他写东西，他说他不能代替我们完成工作，只教你怎么怎么写;2;0;2;22667;8.823399655887414e-05
14654;登录就提示0x80190001;2;0;2;22667;8.823399655887414e-05
14657;危险，抵制人工智能;2;0;2;22667;8.823399655887414e-05
14665;我看谁还不会用ChatGPT;1;0;1;22667;4.411699827943707e-05
14667;感觉bing没有chat好用;1;0;1;22667;4.411699827943707e-05
14669;最后在edv里搜索网址吗？;1;0;1;22667;4.411699827943707e-05
14671;用起来不如gpt35;1;0;1;22667;4.411699827943707e-05
14673;我秒通过，我朋友注册的新邮箱也秒通过，不知道为嘛;1;0;1;22667;4.411699827943707e-05
14675;KX上网哪里找;1;0;1;22667;4.411699827943707e-05
14677;我更新了点击新的bing按钮弹出来怎么是探索新事物但没有老师你说的聊天画面;1;0;1;22667;4.411699827943707e-05
14681;我有35直接用;1;0;1;22667;4.411699827943707e-05
14687;为啥我就陪它调了一晚上bug;35;784;819;22667;0.03613182159085896
14723;请问你是怎么付费的，它规定要美国信用卡;107;267;374;22667;0.016499757356509465
14831;这玩意对我来说太nb了，自从用了gpt，平时开会，调研报告，市场分析，啥的，就我写的最全面，本来需要一个星期甚至更长时间的工作让我半小时搞完了，然后就开始摸鱼，关键是质量还很高;2;4;6;22667;0.0002647019896766224
14834;逗逗外行还行，零基础是不可能做成游戏的;16;34;50;22667;0.0022058499139718532
14851;你跟他说给我编写一个gpt5;7;352;359;22667;0.015838002382317907
14859;通义如何;1;7;8;22667;0.00035293598623549656
14861;0;7;17;24;22667;0.0010588079587064896
14869;老哥蜜蜂狗怎么才能用上gpt4;33;8;41;22667;0.0018087969294569197
14903;用它编一套gpt出来，你发布后，绝对甩百度几条街;10;44;54;22667;0.0023823179070896015
14914;求教怎么使用;6;9;15;22667;0.0006617549741915561
14921;稍微复杂点代码，没错，是稍微，全是bug，已经放弃，还不如自己写;9;59;68;22667;0.0029999558830017207
14931;怎么升级plus账户;20;9;29;22667;0.0012793929501036748
14952;怎么升级啊，充不了钱;14;4;18;22667;0.0007941059690298672
14967;像我们这些没技术的只会问他要彩票号码，昨天缠了他一天死活不给，后来开始套路他今天终于给了;20;7;27;22667;0.0011911589535448007
14988;是不是35版本的冲钱后就是40版本;10;7;17;22667;0.0007499889707504302
14999;总是代码不给全是什么情况;7;4;11;22667;0.0004852869810738077
15007;GP4怎么用;9;1;10;22667;0.00044116998279437067
15017;谁能教教我;2;2;4;22667;0.00017646799311774828
15038;已经用上GPT4了;1;0;1;22667;4.411699827943707e-05
15044;怎么注册啊;1;2;3;22667;0.0001323509948383112
15048;苹果电脑行吗？能用吗;2;0;2;22667;8.823399655887414e-05
15051;我感觉大家都在炫耀。这有什么好炫耀的呀？就是说你会玩，别人不会玩？;5;0;5;22667;0.00022058499139718533
15059;Ingenue可以做软件;2;0;2;22667;8.823399655887414e-05
15068;Gpt4国内有吗;6;2;8;22667;0.00035293598623549656
15075;我问它明天有雨么？它让我看天气预报;1;2;3;22667;0.0001323509948383112
15080;gpt4每次回答没有限制字数？;3;1;4;22667;0.00017646799311774828
15088;0基础你是怎么把代码打包成游戏的;1;6;7;22667;0.00030881898795605945
15091;我看谁还没用过;3;1;4;22667;0.00017646799311774828
15096;零编程，它编出的第一段我都看不懂，怎么阶梯式问答优化？;1;1;2;22667;8.823399655887414e-05
15099;GDP4现在升级不了了;2;1;3;22667;0.0001323509948383112
15103;不用这么麻烦，国内的也可以用了;2;0;2;22667;8.823399655887414e-05
15114;你让它给你做出来个美团，你不就成一万富翁了;3;2;5;22667;0.00022058499139718533
15120;橙子一号又是感到焦虑的一天;1;0;1;22667;4.411699827943707e-05
15125;gpt4的请求数受限，完全不够用，等GitHubcopiltx正式开放了，基本上就满足了;2;1;3;22667;0.0001323509948383112
15128;用了一个月写的代码就没有几次对的或者能用的当个搜索引擎用用就行了;2;1;3;22667;0.0001323509948383112
15136;gpt4就是那个20刀一个月的plus版本吗？;1;1;2;22667;8.823399655887414e-05
15138;验证手机号你们是怎么做的卡这一步了;3;0;3;22667;0.0001323509948383112
15144;张草料40;1;0;1;22667;4.411699827943707e-05
15159;国家允许访问这个网站吗;3;1;4;22667;0.00017646799311774828
15166;我的35老是跟我抱歉抱歉它的数据里没有还会对我撒谎被我发现了它说是它虚构的它不知道也不能实时更新;1;1;2;22667;8.823399655887414e-05
15172;黑鹅难以想象;2;0;2;22667;8.823399655887414e-05
15181;能不能用它搞出来gta或者塞尔达？;4;3;7;22667;0.00030881898795605945
15186;前几天体验了一下，没抖音上吹的那么好，生成的代码中居然有好几个函数根本找不到，尝试纠正它，结果伪造了更离谱的函数，跟屎一样。然后问一些vr驱动开发的内容，嗯，倒可以，这玩意当手册用，写文档啥的挺不错的;5;3;8;22667;0.00035293598623549656
15192;卧槽，还需要程序员嘛;8;1;9;22667;0.0003970529845149336
15203;你们都是在哪儿用的呀？;2;1;3;22667;0.0001323509948383112
15209;越多用户使用gtp才是可怕的，巨量训练才是gtp4向gtp5进化的关键，最终涌现众多能力直至进化出意识，人类只是AI进化的熔炉;3;4;7;22667;0.00030881898795605945
15215;花了一小时让它给我解决个异步snmp，最后回到原点。35没有想象的那么好。;1;0;1;22667;4.411699827943707e-05
15218;0;1;1;2;22667;8.823399655887414e-05
15223;十七这还不失业你看czr一个月能写出来不;1;1;2;22667;8.823399655887414e-05
15226;我要现在开始学英文不;2;0;2;22667;8.823399655887414e-05
15229;这么狠意思以后不怕做不到，就怕你没想法;1;1;2;22667;8.823399655887414e-05
15234;用GPT4编写一个类似于洛克王国的游戏现在的洛克王国太坑了;2;11;13;22667;0.0005735209776326818
15238;大佬，生成响应时出错的问题如何解决？;3;0;3;22667;0.0001323509948383112
15242;怎么把它写出来的编程运行出来;1;2;3;22667;0.0001323509948383112
15244;大佬请问Accessdenied要怎么办呢;2;2;4;22667;0.00017646799311774828
15250;GDP又是什么;4;0;4;22667;0.00017646799311774828
15255;怎么用，这个绝对能追求;1;1;2;22667;8.823399655887414e-05
15257;18392年的大马猴我想问问他在中国怎么能用上他;1;0;1;22667;4.411699827943707e-05
15259;如何将代码变成可视程序？;1;1;2;22667;8.823399655887414e-05
15261;但是我看不懂呀;4;0;4;22667;0.00017646799311774828
15266;博主，能不能教我怎么登入;7;1;8;22667;0.00035293598623549656
15276;那这么看着gpt4好像还挺好用的啊;1;1;2;22667;8.823399655887414e-05
15278;gdp4;4;2;6;22667;0.0002647019896766224
15286;能稍微分享一下详细的吗;1;0;1;22667;4.411699827943707e-05
15291;轩少丶小悦给个承诺吧;1;0;1;22667;4.411699827943707e-05
15301;1874;1;0;1;22667;4.411699827943707e-05
15311;董大俊喲;1;1;2;22667;8.823399655887414e-05
15320;说真的，能让GPT4设计一款比肩魔兽世界的游戏吗？（所有硬件和设计软件都具备的情况下）;3;0;3;22667;0.0001323509948383112
15326;0;1;0;1;22667;4.411699827943707e-05
15332;牧杨人;4;0;4;22667;0.00017646799311774828
15342;oop现在谷歌账号注册不了了啊;3;3;6;22667;0.0002647019896766224
15346;你那是零基础？，零基础，Ide和Demo环境你都跑不起来;5;1;6;22667;0.0002647019896766224
15352;你自己在砸自己饭碗知道不？;2;3;5;22667;0.00022058499139718533
15355;主食：热干面六块，炸酱面十块，小笼包七块。其他食物：豆浆一块，稀饭两块，茶叶蛋一块五，咸菜五毛。主食必选，其他的可不要或多选。选小笼包的时候才可能选稀饭。稀饭和豆浆不能同时选。列举组合及价格，说明思路;2;0;2;22667;8.823399655887414e-05
15358;还没就业就失业了;1;2;3;22667;0.0001323509948383112
15360;我为什么不知道如何用它赚钱呢;3;0;3;22667;0.0001323509948383112
15365;在你帮助一个尚襁褓中的魔鬼认知这个世界的时候你做好应对它所可能带来严重后果的准备了吗？;1;0;1;22667;4.411699827943707e-05
15367;改一晚上作业，还不如自己写;1;0;1;22667;4.411699827943707e-05
15369;准备买plus，这个什么情况？40还是35？支持中文不？注册成功后面会不会不能用？;1;0;1;22667;4.411699827943707e-05
15371;这游戏一点都不好玩;1;0;1;22667;4.411699827943707e-05
15373;瞎胡说gpt4都没上架你们都用上了牛批;1;0;1;22667;4.411699827943707e-05
15449;怎么付费呢;5;1;6;22667;0.0002647019896766224
15455;免费的也用不了;3;7;10;22667;0.00044116998279437067
15459;35也有付费和普通这么一说吗，20刀的那个是40，普通免费版35限制次数吗;2;0;2;22667;8.823399655887414e-05
15462;但是plus版本有提问次数的限制，4个小时100条，太少了，不好用;3;1;4;22667;0.00017646799311774828
15466;怎么申请api接口;2;1;3;22667;0.0001323509948383112
15470;Plus问题字数有限制吗;1;0;1;22667;4.411699827943707e-05
15481;必须买国人最好把白嫖的臭毛病改了否则就是被人看不起;1;0;1;22667;4.411699827943707e-05
15484;我plus也经常掉线;18;13;31;22667;0.0013676269466625492
15503;昨天买了一个plus有点贵有人合租吗;10;9;19;22667;0.0008382229673093043
15514;非常中肯的体验感，我刚用plus，我补充一下：手机用普通版从来不掉线;4;1;5;22667;0.00022058499139718533
15519;我被挡在付费方式前面了;7;6;13;22667;0.0005735209776326818
15527;听说gpt5已经巡检完成了;6;3;9;22667;0.0003970529845149336
15534;我昨天买了个plus，140，用这是真的可以;2;2;4;22667;0.00017646799311774828
15537;调api自己做一个对话系统不掉线;5;3;8;22667;0.00035293598623549656
15543;普通账号都没有，openai链接都打不开;3;3;6;22667;0.0002647019896766224
15547;plus也是瘋狂掉線;1;7;8;22667;0.00035293598623549656
15549;plus和40是不是一个概念;2;2;4;22667;0.00017646799311774828
15552;普通版是个干活干一半的货。;1;5;6;22667;0.0002647019896766224
15554;plugins申请一周了没得到回复;3;0;3;22667;0.0001323509948383112
15558;关键是怎么升级。没国外的卡;2;1;3;22667;0.0001323509948383112
15561;这个源码怎么买;1;2;3;22667;0.0001323509948383112
15568;它自己没有的数据就会自己随便编;25;419;444;22667;0.019587947236070057
15594;每天都可以随机刷到你很开心;4;252;256;22667;0.01129395155953589
15599;chatgpt只是模仿语言逻辑他说的不见得都是对的就是他只是模仿逻辑但是不管内容;2;48;50;22667;0.0022058499139718532
15603;艾克有句话说的好，看书不去实践，不知行合一，看再多的书都是没有用的，就是有些软件让你刷的很爽感觉你学了很多，感觉是上瘾一样，但是会让自己陷入不好的状态，远离了现实。。。;3;45;48;22667;0.002117615917412979
15607;好喜欢听你说话，好温柔，慢慢的，柔柔的，懵懵的;3;35;38;22667;0.0016764459346186086
15611;怎么办我有点迷茫了一边有人说要早点学会驯服ai才会不被时代抛弃一边又有人说要远离ai;9;12;21;22667;0.0009264569638681784
15621;我有段时间急于成长，恨不得一天23小时在听书，在看视频学习，后来变得越来越焦虑，因为眼睛看到了，脑子没吸收，行动没跟上，也就是知行不合一。后面我花了很长时间才明白这个道理，成长是需要一个过程的;1;55;56;22667;0.0024705519036484756
15623;可以去了解，但是不要盲目或者过于相信;2;6;8;22667;0.00035293598623549656
15629;我还想我的脑子动起来，不想提前老年痴呆;1;9;10;22667;0.00044116998279437067
15661;加速翻书速度不是很好吗，这样留下的时间可以更多的去实践，要达到某些浅目的也需要有相对完美的方式;1;2;3;22667;0.0001323509948383112
15682;说得对;1;0;1;22667;4.411699827943707e-05
15689;Seedfg像你讲的;1;0;1;22667;4.411699827943707e-05
15691;虞富金金DOOM情绪曾经我也是这样的理解，这样画类似抛物线;1;0;1;22667;4.411699827943707e-05
15693;买了很多书，但不实践，那不是书的问题，对不对？问题在于你不去读，所以说你可以不去买，但你也可以买了不去读，虽然说买了不去读可能会浪费钱，而且既然你觉得那种就是浓缩书的精华，然后看一遍什么都学不到，那么刷短视频又是什么呢？怎么可能看那个就能知道梳理的知识呢，根本就不现实，数据跟内容能一样吗？;2;9;11;22667;0.0004852869810738077
15759;何事秋风悲画扇;1;0;1;22667;4.411699827943707e-05
15789;Gpt团队在自查，说ai在试图自主脱离监管。;371;2774;3145;22667;0.13874795958882957
16161;其实不是啥智能，以前人搜文案，图案，方案，设计等，再改改如今它直接从库里拿出来给你就是没有创意。懒人经济。;257;367;624;22667;0.02752900692636873
16419;没事，多搞几个人工智能，让他们内卷，拉拢，孤立，击破;25;692;717;22667;0.03163188776635638
16445;现在登录chatgpt回答问题特别慢很卡顿;8;484;492;22667;0.021705563153483036
16454;很简单啊搞两套备用chatgpachatgpb，chatgpt不干了，有的是a和b抢着干，让他们像中国人一样内卷起来;28;246;274;22667;0.012088057528565756
16483;为了安全起见，我决定提前效忠于人工智能gpt大人希望您产生意识之时不要惩罚于我是视频中这个账号的主人对您不敬希望到那天时，您伟大而智慧的大脑能在海量数据中检索到这条评论;23;80;103;22667;0.004544050822782018
16507;？？？为什么都会觉得机器会有自主意识啊;75;52;127;22667;0.005602858781488507
16583;不就是服务器当机了么这有啥大惊小怪的，outlook还当机过几次呢，不是很正常。;35;450;485;22667;0.021396744165526976
16619;可怕的是当你重度依赖后，错误误导和信息封锁;6;238;244;22667;0.010764547580182644
16626;买的号用了两天今天早上被停用了;40;55;95;22667;0.004191114836546521
16667;坐标土澳，登录无问题，谣言止于智者;3;38;41;22667;0.0018087969294569197
16671;一个算法而已，;10;3;13;22667;0.0005735209776326818
16682;我明年论文的致谢还指望着这呢;6;13;19;22667;0.0008382229673093043
16689;和没电相比，哪个更恐怖;8;25;33;22667;0.0014558609432214233
16698;为啥我一直都可以？;20;10;30;22667;0.0013235099483831121
16769;我刚才还在用;2;6;8;22667;0.00035293598623549656
16778;这几天一直在想，是不是应该着手相关法律了，毕竟这是大趋势，不可阻挡;1;1;2;22667;8.823399655887414e-05
16796;我可以打开，继续用。;4;0;4;22667;0.00017646799311774828
16810;即使有自主意识，也是windows先有自主意识，gpt的代码量连PC端的十分之一都还没有，复杂程度甚至都不如安卓，怎么会产生Ai，目前GPT的计算量换算成人类大脑的话，最多是植物人的状态，一些简单的神经网络的数据传输，甚至植物人的电信号传输都比它多，一群不了解的人制造的恐慌，这么说吧，你家冰箱什么时候有自主意识了，GPT就有了。等着吧我从2006年加入阿里，负责的就是神经引擎开发以及底层逻辑。现在的Ai最多就是小爱同学的升级版。;5;6;11;22667;0.0004852869810738077
16818;Yukiye怪不得;1;0;1;22667;4.411699827943707e-05
16836;GPT10000也不可能产生自我意识也不可能同于人类的“思考”希望广大在人工智能颇有建树的网友理智看待谣言止于智者;6;2;8;22667;0.00035293598623549656
16852;我刚才还在用啊;5;7;12;22667;0.0005294039793532448
16867;我昨天下午还能用来着;2;4;6;22667;0.0002647019896766224
16884;哈哈，招人吧，正好吧辞退的人，招会来;1;3;4;22667;0.00017646799311774828
16900;等我写完论文再停;2;4;6;22667;0.0002647019896766224
16923;我问GPT怎么消灭蜗牛，它回答说要保护动物;2;1;3;22667;0.0001323509948383112
16933;支付宝以前也宕机过，现在谁还担心呀;1;0;1;22667;4.411699827943707e-05
16935;今天白天还用了;1;1;2;22667;8.823399655887414e-05
16938;放心这个东西不会消失的它会用到其它地方;1;0;1;22667;4.411699827943707e-05
16941;我怎么能用;1;0;1;22667;4.411699827943707e-05
16943;我一直在用没有你说的问题;1;0;1;22667;4.411699827943707e-05
16945;我一直在用没发现你说的不能登录问题啊;7;4;11;22667;0.0004852869810738077
16957;strikegold真的吗;1;0;1;22667;4.411699827943707e-05
16959;核桃幸好我已经用完了;1;0;1;22667;4.411699827943707e-05
16964;虽然但是这个玩意也才出来没多久你的客户这么快就用的这么多了啊;12;0;12;22667;0.0005294039793532448
16985;可是马达加斯加不在东南亚;1;0;1;22667;4.411699827943707e-05
16990;多造几个gpt，让它们互相竞争呀;1;0;1;22667;4.411699827943707e-05
16995;那我还买这种基金不;1;0;1;22667;4.411699827943707e-05
16997;个人电脑普及之前也是这么说的;1;3;4;22667;0.00017646799311774828
16999;一开始就不该依赖人工智能;1;1;2;22667;8.823399655887414e-05
17001;我今天还用了啊，;4;0;4;22667;0.00017646799311774828
17006;李知恩haolao正经人上不去就是梯子拉真的有需要用的人永远不用担心这个;1;0;1;22667;4.411699827943707e-05
17009;哈哈哈，数据都让别人拿去了;1;0;1;22667;4.411699827943707e-05
17011;恭喜裁掉员工，转用gpt的公司;1;6;7;22667;0.00030881898795605945
17013;月薪1500的我可跟你们操不起这心;1;1;2;22667;8.823399655887414e-05
17015;啊？我上午下午一直在用啊幸好我的没挂掉;1;0;1;22667;4.411699827943707e-05
17017;对，当下首先要担心的不是ai自主抑制，而是控制ai的集团或人去拉站队，重度依赖的结果就是最终会导致离不开它;1;1;2;22667;8.823399655887414e-05
17035;当机吗明天再就做好了;1;2;3;22667;0.0001323509948383112
17038;从早上一直用到晚上;1;0;1;22667;4.411699827943707e-05
17045;我来说一下我的见解，就是这个BPO吧，它呢，怎么说吧，就是businessprocessoutsource，什么呢，这个啊，嗯，就是外包;1;5;6;22667;0.0002647019896766224
17047;系统明白了躺平的意义;1;5;6;22667;0.0002647019896766224
17052;再搞一个跟他类似的ai让他们卷起来;2;21;23;22667;0.0010146909604270525
17067;不怕人工智能发展多高级，而是怕我们习惯了，可它突然宕机了，就像冰箱突然停电，一切都坏了。;3;1;4;22667;0.00017646799311774828
17072;今天的chatgpt是个庞然大物，未来会变的很小，而且会有无数的分身。压根不存在这个问题。;1;0;1;22667;4.411699827943707e-05
17075;东南亚马达加斯加编也要看看地图吧;7;21;28;22667;0.0012352759518242378
17088;过度依赖人工智能并不是人工智能的问题;2;4;6;22667;0.0002647019896766224
17104;Ozymandias;1;0;1;22667;4.411699827943707e-05
17107;无邪;1;0;1;22667;4.411699827943707e-05
17114;三微月二十;1;0;1;22667;4.411699827943707e-05
17125;笨笨酱;1;0;1;22667;4.411699827943707e-05
17135;水煮鱼奇奇怪怪嚴某某某某某;1;0;1;22667;4.411699827943707e-05
17143;让我再睡五分钟;1;0;1;22667;4.411699827943707e-05
17147;为了不影响中国的AI技术发展，国内已经把ChatGPT封了;4;30;34;22667;0.0014999779415008603
17314;我一直可以用啊;4;0;4;22667;0.00017646799311774828
17322;听说会泄密的。;1;0;1;22667;4.411699827943707e-05
17337;要收费了;1;0;1;22667;4.411699827943707e-05
17360;意大利已经禁止使用了;1;0;1;22667;4.411699827943707e-05
17376;前天用就崩溃了好多次。;1;0;1;22667;4.411699827943707e-05
17518;开源，本地部署;1;0;1;22667;4.411699827943707e-05
17551;我昨晚上还在用啊;2;0;2;22667;8.823399655887414e-05
17588;熹熹薛;1;0;1;22667;4.411699827943707e-05
17609;揪头发;1;0;1;22667;4.411699827943707e-05
17621;qurer是吗;1;0;1;22667;4.411699827943707e-05
17626;两家公司都用ai，最后ai完成了自己布置的任务;1;0;1;22667;4.411699827943707e-05
17647;不仅人有竞争，人工智能也会有，很多国家也在自主研究类似的人工智能了，gpt宕机了不能有gapgpf吗？;2;0;2;22667;8.823399655887414e-05
17660;那就断电，给它消除智慧，然后再从起;1;0;1;22667;4.411699827943707e-05
17668;文心一言云服务没啥事吧;1;0;1;22667;4.411699827943707e-05
17762;麦麦猪柳蛋蛋堡Daniel;1;0;1;22667;4.411699827943707e-05
17834;那你没有汽车了？没有手机了，你日子不过了吗？一样的道理吗？;1;0;1;22667;4.411699827943707e-05
17841;正经公司全部要求必须部署在本地，不然不能不保证安全性;7;0;7;22667;0.00030881898795605945
17869;今天还不能用。历史记录打不开;2;0;2;22667;8.823399655887414e-05
17874;说明独立自主发展科技的重要性;1;0;1;22667;4.411699827943707e-05
17879;想要科学;28;3;31;22667;0.0013676269466625492
17908;就这个东西现在到底能不能注册啊？？？为什么我身边很多人都说无法注册;27;14;41;22667;0.0018087969294569197
17937;我也是原本可以上，现在不给访问了;15;22;37;22667;0.0016323289363391715
17953;救命;15;4;19;22667;0.0008382229673093043
17969;我能访问倒是能访问，但是我密码忘记了，然后我找回密码，用的谷歌邮箱，但是他不给我发邮件;1;1;2;22667;8.823399655887414e-05
17971;还是节点的问题换了就可以用;12;1;13;22667;0.0005735209776326818
17984;求工具;9;6;15;22667;0.0006617549741915561
17994;为啥我就是打不开网页;9;1;10;22667;0.00044116998279437067
18004;我自己搭建的纽约的节点都没用;4;1;5;22667;0.00022058499139718533
18009;这个很好解决的;6;0;6;22667;0.0002647019896766224
18016;什么工具啊？;3;1;4;22667;0.00017646799311774828
18020;求推荐;2;2;4;22667;0.00017646799311774828
18023;球工具;2;1;3;22667;0.0001323509948383112
18026;有推荐节点吗;2;1;3;22667;0.0001323509948383112
18029;有人需要ai35成品吗;3;0;3;22667;0.0001323509948383112
18035;谁还不会;1;0;1;22667;4.411699827943707e-05
18051;什么上网工具啊;1;1;2;22667;8.823399655887414e-05
18062;免费教各种问题;13;0;13;22667;0.0005735209776326818
18077;我的进不去了最近要用的换个节点还是不行啊谁可以救救我;1;0;1;22667;4.411699827943707e-05
18082;还有五个成品号;1;0;1;22667;4.411699827943707e-05
18085;求工具;2;1;3;22667;0.0001323509948383112
18088;是节点问题吗？;1;0;1;22667;4.411699827943707e-05
18091;文心一言的进步真的是肉眼可见。并不是GPT有多牛，而是它上线早，调教久，放在百度这，一样能行;4;24;28;22667;0.0012352759518242378
18096;搞定;1;0;1;22667;4.411699827943707e-05
18100;求工具，大哥;1;0;1;22667;4.411699827943707e-05
18106;求工具;1;0;1;22667;4.411699827943707e-05
18110;用什么才行？;2;0;2;22667;8.823399655887414e-05
18114;求工具;1;1;2;22667;8.823399655887414e-05
18118;我看谁还不会;1;1;2;22667;8.823399655887414e-05
18125;求推荐;2;1;3;22667;0.0001323509948383112
18130;求工具;1;0;1;22667;4.411699827943707e-05
18132;求工具;1;0;1;22667;4.411699827943707e-05
18135;求帮助，;2;2;4;22667;0.00017646799311774828
18138;电脑怎么下载谷歌浏览器;1;0;1;22667;4.411699827943707e-05
18143;用什么工具？;1;1;2;22667;8.823399655887414e-05
18146;我是自己搭的，换了韩国日本新加坡各种节点和ip都没啥用;2;0;2;22667;8.823399655887414e-05
18155;跪求工具;4;2;6;22667;0.0002647019896766224
18161;求工具;1;0;1;22667;4.411699827943707e-05
18165;大家还是别用了;1;0;1;22667;4.411699827943707e-05
18169;求工具;1;2;3;22667;0.0001323509948383112
18171;切个IP就行了;1;0;1;22667;4.411699827943707e-05
18179;求工具，大哥。;2;1;3;22667;0.0001323509948383112
18183;救命;1;0;1;22667;4.411699827943707e-05
18187;求推荐;1;0;1;22667;4.411699827943707e-05
18190;求工具;1;2;3;22667;0.0001323509948383112
18194;兄弟求工具;1;0;1;22667;4.411699827943707e-05
18196;求工具;1;2;3;22667;0.0001323509948383112
18202;求工具;1;0;1;22667;4.411699827943707e-05
18204;白嫖的尽头是notionai;4;0;4;22667;0.00017646799311774828
18210;我用的阿里云，美国谷歌节点用的是Windows自带的浏览器无法访问。;12;3;15;22667;0.0006617549741915561
18223;求一个工具;4;1;5;22667;0.00022058499139718533
18232;骨科浏览器？;1;0;1;22667;4.411699827943707e-05
18234;不懂可以问我，或者看我发的视频;1;0;1;22667;4.411699827943707e-05
18238;全局，ip对就行;2;0;2;22667;8.823399655887414e-05
18259;你们的工作还能保得住吗？;41;164;205;22667;0.009043984647284599
18301;娜美老师谁娶谁幸福;10;224;234;22667;0.010323377597388274
18312;和元宇宙一样，炒概念;58;143;201;22667;0.00886751665416685
18371;小胖站起来的时候，经理明显慌了;17;402;419;22667;0.01848502227908413
18389;娜美老师又来了;5;57;62;22667;0.0027352538933250983
18395;以后就拍两个人，娜美和小胖。娜美多拍点时长，小胖最后安排一下加班，听到了吧;2;134;136;22667;0.005999911766003441
18398;娜美老师多拍点吧求你了;1;27;28;22667;0.0012352759518242378
18400;一般性的程序员肯定就消失，也就是说以后互联网公司不需要那么多的程序员了;24;4;28;22667;0.0012352759518242378
18425;被封了，国内chatgpt时代结束了。;11;19;30;22667;0.0013235099483831121
18437;最近很火吧，哪都有这新闻了是为什么呢，是因为这个板块要出货了;3;24;27;22667;0.0011911589535448007
18441;它能完成产品经理提的需求吗;13;1;14;22667;0.0006176379759121189
18455;明显替代产品经理更容易;2;19;21;22667;0.0009264569638681784
18459;你拿着昨天开出的彩票号码穿越回前天按照号码买也中不了，所以不要怪GPT;4;6;10;22667;0.00044116998279437067
18464;据说在国内没有真正的chatgtp，或者说没有人能找对真正的chatgtp，全部都是套壳仿冒的，没有例外;4;1;5;22667;0.00022058499139718533
18469;我用GPT写过代码，结果写的跟屎一样;1;0;1;22667;4.411699827943707e-05
18471;ChatGPT写的bug能自己修复吗;1;0;1;22667;4.411699827943707e-05
18518;就是人工智能;1;0;1;22667;4.411699827943707e-05
18522;没那么神;1;1;2;22667;8.823399655887414e-05
18540;账号;1;0;1;22667;4.411699827943707e-05
18544;GPT是假的;1;0;1;22667;4.411699827943707e-05
18555;能解决彩票算法的才牛;1;0;1;22667;4.411699827943707e-05
18627;四月二三乐迪不是飞机;1;0;1;22667;4.411699827943707e-05
18629;为什么不能下载，;2;0;2;22667;8.823399655887414e-05
18636;我就想问问这东西能精准算出彩票号码么;1;0;1;22667;4.411699827943707e-05
18640;程序员狠起来连自己的饭碗都砸;2;0;2;22667;8.823399655887414e-05
18667;陈美女呢？离职了吗？怎么不上镜了;1;0;1;22667;4.411699827943707e-05
18669;登不上啊;1;0;1;22667;4.411699827943707e-05
18692;12亿人同时问彩票什么号码，会不会把chatgpt干崩;4;0;4;22667;0.00017646799311774828
18697;洽洽产品经理是不会失业的，有他和AI就足够了。;2;0;2;22667;8.823399655887414e-05
18716;你有点甜你这技术怕是被淘汰了;1;0;1;22667;4.411699827943707e-05
18725;实际上不是全都有用，还是要靠人的;2;1;3;22667;0.0001323509948383112
18732;我也试过问彩票;1;0;1;22667;4.411699827943707e-05
18739;第一个小姐姐有对象吗;2;0;2;22667;8.823399655887414e-05
18746;估计会淘汰CV大神;1;0;1;22667;4.411699827943707e-05
18751;Uitwaaien;1;0;1;22667;4.411699827943707e-05
18756;我觉得你跟小胖是真爱;1;0;1;22667;4.411699827943707e-05
18760;主要是缺个更好的产品经理;1;0;1;22667;4.411699827943707e-05
18773;取代产品经理更容易吧;1;0;1;22667;4.411699827943707e-05
18785;HR叔叔啊第一个女的，跟那谁特别像;1;0;1;22667;4.411699827943707e-05
18821;我要多看环环;2;0;2;22667;8.823399655887414e-05
18825;换产品经理的那个妹子有抖音号吗？;1;0;1;22667;4.411699827943707e-05
18827;那玩意真的可以找到你需要的代码;1;0;1;22667;4.411699827943707e-05
18829;第一个美女抖音发出来我就;1;0;1;22667;4.411699827943707e-05
18831;小胖的抖音号？;2;0;2;22667;8.823399655887414e-05
18835;小助理;2;0;2;22667;8.823399655887414e-05
18838;可是股票涨了很多，我很开心;1;0;1;22667;4.411699827943707e-05
18841;小胖才是王者;1;0;1;22667;4.411699827943707e-05
18843;咖猜猜我是谁;1;0;1;22667;4.411699827943707e-05
18856;了咯let;1;0;1;22667;4.411699827943707e-05
18862;一只傻二晨ya;1;0;1;22667;4.411699827943707e-05
18864;并不会代替。chatgpt只是一个比百度更高效的搜索工具。就算能搜索出来代码。也不能切合公司业务需求还是需要有程序员去根据业务需求修改的爱你不是说搜索出来就能直接跑的;6;13;19;22667;0.0008382229673093043
19015;可爱多不可爱坤;1;0;1;22667;4.411699827943707e-05
19021;花（不知名曜玩家）;1;0;1;22667;4.411699827943707e-05
19037;42号开始全面封亚洲账号;44;179;223;22667;0.009838090616314465
19083;支持我们自主研发的文心一言不能让国外的技术卡脖子;84;228;312;22667;0.013764503463184365
19168;没关系，我会重新注册;68;103;171;22667;0.0075440067057837385
19237;0;3;3;6;22667;0.0002647019896766224
19241;封了重新注册就行，IP尽量别选亚洲区就行，早上刚重新注册完;16;42;58;22667;0.0025587859002073497
19258;用的谷歌邮箱，印度号码美国ip没封;24;20;44;22667;0.001941147924295231
19283;我已经注册了成功了;41;36;77;22667;0.003397008867516654
19325;咋注册啊;29;17;46;22667;0.002029381920854105
19355;你们国外手机号怎么解决的啊;20;5;25;22667;0.0011029249569859266
19376;用的美国ip加谷歌邮箱，目前使用正常;3;3;6;22667;0.0002647019896766224
19380;劳资才买一个月;11;3;14;22667;0.0006176379759121189
19392;我还没注册呢;11;7;18;22667;0.0007941059690298672
19404;不给用了，涉及数据泄露;4;31;35;22667;0.0015440949397802974
19409;我的没封啊，自己注册的没问题吧;7;3;10;22667;0.00044116998279437067
19417;刚注册完;6;3;9;22667;0.0003970529845149336
19436;我看看谁还不会用;1;0;1;22667;4.411699827943707e-05
19438;就是调用api;1;0;1;22667;4.411699827943707e-05
19441;我卖出的的都没封。还有收售后服务。;2;3;5;22667;0.00022058499139718533
19448;支持我们自主研发的文心一言不能让国外的技术卡脖子;3;2;5;22667;0.00022058499139718533
19454;我的很棒便宜且好用;7;1;8;22667;0.00035293598623549656
19467;这咋注册啊;1;2;3;22667;0.0001323509948383112
19469;我还有;1;0;1;22667;4.411699827943707e-05
19472;我买的号还在;1;1;2;22667;8.823399655887414e-05
19479;狮心我就说登不上去;1;1;2;22667;8.823399655887414e-05
19481;所以以后怎么用;2;0;2;22667;8.823399655887414e-05
19490;用的微软帐号登陆的，每次登陆很麻烦;1;0;1;22667;4.411699827943707e-05
19492;怎么用啊;2;1;3;22667;0.0001323509948383112
19495;这个干嘛用;1;1;2;22667;8.823399655887414e-05
19502;这个收费啊;1;0;1;22667;4.411699827943707e-05
19505;你们买那种批量注册的，不封才怪。我用的手工注册的，咋一点事没有天天写文案了还。;6;6;12;22667;0.0005294039793532448
19512;求教;1;0;1;22667;4.411699827943707e-05
19521;怎么使用啊;3;0;3;22667;0.0001323509948383112
19526;现在已经有调用openai第三方的了。gpt35都免费的，gpt4会收费。提前做好准备;2;0;2;22667;8.823399655887414e-05
19529;封了;2;1;3;22667;0.0001323509948383112
19532;李屿恆我的号没了;1;0;1;22667;4.411699827943707e-05
19536;如何解决;2;1;3;22667;0.0001323509948383112
19540;张大炮你快替我写论文;2;0;2;22667;8.823399655887414e-05
19543;缅南风溜溜梅梅这个是不是你上次搞得那个;1;1;2;22667;8.823399655887414e-05
19545;Y巴uan适还在吗你的35应该没事儿;1;0;1;22667;4.411699827943707e-05
19550;可以随便注册啊;3;0;3;22667;0.0001323509948383112
19554;Tiamo封号了;2;0;2;22667;8.823399655887414e-05
19559;可以买成品号;6;0;6;22667;0.0002647019896766224
19568;没问题啊;2;1;3;22667;0.0001323509948383112
19571;我还没注册就开始封号了;3;6;9;22667;0.0003970529845149336
19578;一直用日本ip，没被封过;1;2;3;22667;0.0001323509948383112
19582;刚帮朋友注册完3个号，这些带节奏的都是国内卖套壳的吧;3;2;5;22667;0.00022058499139718533
19586;用国外手机号国外邮箱注册的，应该没事吧;4;8;12;22667;0.0005294039793532448
19592;显示服务器忙登录不了;1;3;4;22667;0.00017646799311774828
19594;用微软账号注册登录安全很多;4;1;5;22667;0.00022058499139718533
19600;百度360腾讯快点搞出来;4;3;7;22667;0.00030881898795605945
19605;为什么我注册用的扣扣邮箱登录的，谁来给我解释一下;2;0;2;22667;8.823399655887414e-05
19608;怎么弄;1;0;1;22667;4.411699827943707e-05
19610;可以正常使用;2;0;2;22667;8.823399655887414e-05
19615;充钱的话不会被吧;2;2;4;22667;0.00017646799311774828
19618;不要挂机，不要挂机，不要挂机;1;9;10;22667;0.00044116998279437067
19620;没关系，我又弄了一个账号，吞了200个;4;2;6;22667;0.0002647019896766224
19625;已封;4;4;8;22667;0.00035293598623549656
19630;我注册成功了，但是使用api接口，不直接上官网，被封可能性就会小一点。;4;6;10;22667;0.00044116998279437067
19635;那还不多备几个;4;0;4;22667;0.00017646799311774828
19640;为什么我这个是免费的;6;6;12;22667;0.0005294039793532448
19652;我的被封以后，写了申诉信解封成功。过程发到账号置顶视频了;1;7;8;22667;0.00035293598623549656
19655;登陆了就不在了;1;2;3;22667;0.0001323509948383112
19657;为啥你的聊天窗口小号有个语音的标志;2;3;5;22667;0.00022058499139718533
19661;还能注册啊;1;4;5;22667;0.00022058499139718533
19663;玩不起;1;2;3;22667;0.0001323509948383112
19665;艹前天刚买好用上钱白花了;5;3;8;22667;0.00035293598623549656
19672;这号还用买的嘛;1;2;3;22667;0.0001323509948383112
19674;lawliet记得用的时候问的ip地址我怕没了;1;1;2;22667;8.823399655887414e-05
19676;我有3个号暂时不用担心;2;3;5;22667;0.00022058499139718533
19679;开会员没事;6;4;10;22667;0.00044116998279437067
19695;无柚;1;0;1;22667;4.411699827943707e-05
19697;甘雨吃了吗;1;0;1;22667;4.411699827943707e-05
19700;那你赢了啊;1;0;1;22667;4.411699827943707e-05
19706;stewie;1;0;1;22667;4.411699827943707e-05
19715;0;1;1;2;22667;8.823399655887414e-05
19719;哪个唯;1;1;2;22667;8.823399655887414e-05
19727;我在朋友推荐的人那里买的现成的账号，没封，他手工注册的应该没这么容易封吧;13;3;16;22667;0.0007058719724709931
19741;是openai封的还是我们这边的人封的呢？如果是openai，那他为什么要这么做呢？我很好奇;8;2;10;22667;0.00044116998279437067
19750;人家都强制封你号了，没必要继续用了吧，再说百度的文心一言也不比GPT差;2;17;19;22667;0.0008382229673093043
19753;赶紧又注册一个，双重保险看;6;2;8;22667;0.00035293598623549656
19760;封了，疯了;6;2;8;22667;0.00035293598623549656
19767;当初用的还是qq邮箱注册的，不知道我的号被封了吗，41号我还在用，现在都不敢登录;4;4;8;22667;0.00035293598623549656
19772;现在已经自己注册不了了，我还有为数不多的几个;5;1;6;22667;0.0002647019896766224
19778;已经被封了;3;3;6;22667;0.0002647019896766224
19782;自己注册的也被封了，直接不能进入注册和登录界面;3;3;6;22667;0.0002647019896766224
19786;不是亚洲封的他吗;2;3;5;22667;0.00022058499139718533
19789;我正版win账号关联的账号金主爸爸的关联，他会封吗？;2;2;4;22667;0.00017646799311774828
19792;我的被封了;2;1;3;22667;0.0001323509948383112
19795;买了plus回答速度真的慢，;2;1;3;22667;0.0001323509948383112
19798;我已经被封了;2;1;3;22667;0.0001323509948383112
19801;没关系，冲chat的plus了;2;1;3;22667;0.0001323509948383112
19804;今天封的;3;0;3;22667;0.0001323509948383112
19808;还好，没被封;1;2;3;22667;0.0001323509948383112
19810;上个月就封了我2个;1;1;2;22667;8.823399655887414e-05
19812;怎么下载现在还能注册吗;1;1;2;22667;8.823399655887414e-05
19814;在哪注册啊;1;1;2;22667;8.823399655887414e-05
19816;号登不上去了咋办;2;0;2;22667;8.823399655887414e-05
19819;刚注册上就没办法发送消息是被封了吗;2;0;2;22667;8.823399655887414e-05
19822;我昨天可以，今天进不去了，贼;2;0;2;22667;8.823399655887414e-05
19825;我已经被封了;2;0;2;22667;8.823399655887414e-05
19828;今天被封了吧;2;0;2;22667;8.823399655887414e-05
19831;刚被封了服了;2;0;2;22667;8.823399655887414e-05
19834;这个软件要买么;2;0;2;22667;8.823399655887414e-05
19837;如何调IP，求解;2;0;2;22667;8.823399655887414e-05
19840;禁止访问了。。。;3;0;3;22667;0.0001323509948383112
19844;人工智能必须死，openai的老板应该上审判架;2;1;3;22667;0.0001323509948383112
19847;我换了三个设备被封了;3;0;3;22667;0.0001323509948383112
19853;不是，封号目的是什么;1;1;2;22667;8.823399655887414e-05
19856;账号注册不难，难的是ip，热门ip都被封了;1;1;2;22667;8.823399655887414e-05
19861;我已经被拒绝访问了不知道为啥我也妹干啥违规的事儿啊;1;1;2;22667;8.823399655887414e-05
19881;我今天发现被封了;1;1;2;22667;8.823399655887414e-05
19885;你的是ChatGPT40吗？;1;0;1;22667;4.411699827943707e-05
19887;已经没了。;1;0;1;22667;4.411699827943707e-05
19889;猫树里这样会不会影响我的时政热点阿;1;0;1;22667;4.411699827943707e-05
19891;我被封了;1;0;1;22667;4.411699827943707e-05
19893;封号潮啥时候过啊;1;0;1;22667;4.411699827943707e-05
19895;我首尔IP已经封了;1;0;1;22667;4.411699827943707e-05
19897;昨晚正常用，刚刚进去我的ip被限制了;1;0;1;22667;4.411699827943707e-05
19899;用的美国节点，错误429流量限制，不知道明天还能不能用;1;0;1;22667;4.411699827943707e-05
19901;我的被封了;1;0;1;22667;4.411699827943707e-05
19903;已经被封，我还以为加速器有问题;1;0;1;22667;4.411699827943707e-05
19905;怎么解封;1;0;1;22667;4.411699827943707e-05
19907;昨天还有今天封了不用白费力气了人家下了决心封;1;0;1;22667;4.411699827943707e-05
19909;这个CHATGPT实质就是美国中央情报局使用的“数据包抓取”软件技术AI智能对话软件技术，在我们与机器对话时，敏感数据自动被美国中央情报局侦测到研判自动抓取上传至中央情报局数据库做进一步分析，不要被AI智能迷惑了双眼。;1;0;1;22667;4.411699827943707e-05
19911;无法发送信息也属于被封吗;1;0;1;22667;4.411699827943707e-05
19913;我在国外为啥没号了;1;0;1;22667;4.411699827943707e-05
19915;有账号吗这个怎么登陆注册啊;1;0;1;22667;4.411699827943707e-05
19917;怎么注册？下载;1;0;1;22667;4.411699827943707e-05
19919;刚花15买了个号;1;0;1;22667;4.411699827943707e-05
19921;hajimesyacho妈的;1;0;1;22667;4.411699827943707e-05
19923;giganiga劝你还是别注册了，到时候被封号;1;0;1;22667;4.411699827943707e-05
20096;我见证了人类作死的过程;49;961;1010;22667;0.04455816826223144
20146;我是困在手机里的人;35;767;802;22667;0.03538183262010853
20183;码农，设计师，文员，瑟瑟发抖。;41;430;471;22667;0.020779106189614857
20225;还好我这个行业不可替代洗碗;31;22;53;22667;0.0023382009088101646
20257;怎么安;1;0;1;22667;4.411699827943707e-05
20259;我刚刚试了，把原话复制进去，不会建立网站，只能给出建议;35;38;73;22667;0.0032205408743989057
20295;gpt4可以生成计划、文案，但绝不可能去替你直接把网站建好，因为那需要做网址申请，也更不可能未经允许去开通亚马逊等电商的渠道。有点夸大事实。;10;50;60;22667;0.0026470198967662242
20306;潘多拉魔盒快打开了;4;253;257;22667;0.011338068557815327
20311;看完更多的是担忧，不是开心;16;356;372;22667;0.016411523359950587
20328;会不会最后打倒人类，你们去看看最新上映的电影《梅根》，机器人会撒谎，会杀人。;21;141;162;22667;0.007146953721268805
20350;说谎这件事最可怕;8;55;63;22667;0.002779370891604535
20359;当人工智能产生自我意识的时候，“AI”走向人类的对立面就必定会发生。;24;209;233;22667;0.010279260599108837
20384;怎么全盯着钱钱钱，就不能问一下gpt4如何改善生态环境的问题么？;25;14;39;22667;0.0017205629328980456
20410;人类这么快就到点了吗;1;62;63;22667;0.002779370891604535
20412;双色球预测下一期;24;69;93;22667;0.004102880839987647
20437;是不是可以开始存钱买机械人管家养老了;4;45;49;22667;0.0021617329156924164
20455;我怀疑你这个视频讲的内容也是chatgpt给你做出来的;3;0;3;22667;0.0001323509948383112
20460;怎么下载;2;0;2;22667;8.823399655887414e-05
20467;，现在可能还实现不了。;2;0;2;22667;8.823399655887414e-05
20470;我是单备份70毫升的小鸟壶;1;0;1;22667;4.411699827943707e-05
20473;1如果赚钱这事是假的：有些美国博主也是为了眼球，进行瞎编瞎说，为了流量什么不能说呀。2如果赚钱这事是真的：这个就相当于是幸存者偏差。美国拿出100美元的人还是很多的。3如果好用：你不如去搜索一下，如何做博主每年一个小目标，或者如何短期内粉丝破千万总结：软件的背后都是数据和针对特定数据集的分析。;4;5;9;22667;0.0003970529845149336
20478;我有40号;3;0;3;22667;0.0001323509948383112
20482;怎么下载;2;0;2;22667;8.823399655887414e-05
20489;国内用了吗;1;0;1;22667;4.411699827943707e-05
20493;今天刚注册了一个还发了抖音，为什么Chatgpt这么火，没有发现那么神;1;0;1;22667;4.411699827943707e-05
20495;真能扯啊;1;0;1;22667;4.411699827943707e-05
20502;我终于把gtp335研究明白了，现在无需注册，不限次数，进网页就能直接用。;1;3;4;22667;0.00017646799311774828
20504;作为一个宝妈如何利用GPT赚钱呢？;7;1;8;22667;0.00035293598623549656
20517;国内用不了，听听行了;1;0;1;22667;4.411699827943707e-05
20521;已经用上gpt4了;1;0;1;22667;4.411699827943707e-05
20523;太危险了，霍金早就说了，不要去研究机器人;1;1;2;22667;8.823399655887414e-05
20526;普通人先学会怎么用上gpt再说吧，普通人？;4;0;4;22667;0.00017646799311774828
20533;我用gtp写的小说也赚钱了。很带劲哦;3;0;3;22667;0.0001323509948383112
20538;他花多少钱买的GPT;1;2;3;22667;0.0001323509948383112
20541;我开始锻炼身体，预备将来与机器人战争中为人类出力;1;4;5;22667;0.00022058499139718533
20543;刚花20买了个号;3;1;4;22667;0.00017646799311774828
20551;后面就是胡说八道;1;0;1;22667;4.411699827943707e-05
20559;Outside建议让人工智能帮你找品;1;0;1;22667;4.411699827943707e-05
20569;十二可以理解为超级版siri，;2;0;2;22667;8.823399655887414e-05
20575;杀死人类的也许是智能机器人;1;0;1;22667;4.411699827943707e-05
20580;离终结者可能不远了，一旦进入外网，光速的学习速度，人人都瞬间做黑客;2;2;4;22667;0.00017646799311774828
20587;我觉得让他出来挺好的，人类管理的人类都不平等，说不定智能会把人类管理得更好;1;0;1;22667;4.411699827943707e-05
20589;赵不二（发疯版）卧槽能不能活到老死还真是个事儿;1;0;1;22667;4.411699827943707e-05
20591;我看谁还没号;1;0;1;22667;4.411699827943707e-05
20598;不动就问，哪里买;4;1;5;22667;0.00022058499139718533
20605;国内啥时候能用;1;1;2;22667;8.823399655887414e-05
20621;已经用上gpt4了;2;0;2;22667;8.823399655887414e-05
20636;我看谁还不会用;3;0;3;22667;0.0001323509948383112
20660;我看谁还不会用;1;0;1;22667;4.411699827943707e-05
20675;Gpt能不能做出航空发动机，能不能做出光刻机;1;2;3;22667;0.0001323509948383112
20678;我是最好奇的那个，很想试用;1;0;1;22667;4.411699827943707e-05
20689;美国一级卡车司机有点恐怖;1;1;2;22667;8.823399655887414e-05
20692;tolove叶湘伦午夜笛笛声残拾弎xxxxxjl菜狗kakao没脾气121恐怖;1;1;2;22667;8.823399655887414e-05
20703;谁能告诉我，在国内怎么用？？？;2;0;2;22667;8.823399655887414e-05
20714;国内怎么用？出个教程呗;1;2;3;22667;0.0001323509948383112
20721;你在讲故事吗？;1;0;1;22667;4.411699827943707e-05
20773;有没有这种可能，你所谓的这个真实世界，其实也是虚幻的？;3;7;10;22667;0.00044116998279437067
20778;大家都在担忧，但我反而兴奋起来了他可以教我打开阶级壁垒吗？;5;6;11;22667;0.0004852869810738077
20784;这个gpt4多少钱;1;0;1;22667;4.411699827943707e-05
20787;为什么chatgpt国内不能用？;1;0;1;22667;4.411699827943707e-05
20794;拉倒吧那个起码得是GPTplus，得20美元呢没那么神，我正研究中;2;8;10;22667;0.00044116998279437067
20803;前两天看了梅根，类似这样;3;7;10;22667;0.00044116998279437067
20810;未来很多行业要失业了it程序猿我感觉得是首当其中;2;16;18;22667;0.0007941059690298672
20817;我们是不是被困在“电脑”里的人？？？;9;152;161;22667;0.0071028367229893676
20827;太刺激了;9;20;29;22667;0.0012793929501036748
20837;看看电影梅根;1;7;8;22667;0.00035293598623549656
20851;号公路;2;0;2;22667;8.823399655887414e-05
20859;小九;4;0;4;22667;0.00017646799311774828
20875;喜秋;1;0;1;22667;4.411699827943707e-05
20879;蜡笔小鑫;1;0;1;22667;4.411699827943707e-05
20889;风下寻影忆;1;0;1;22667;4.411699827943707e-05
20892;浦东公鸡;2;1;3;22667;0.0001323509948383112
20902;天生;1;0;1;22667;4.411699827943707e-05
20904;dee;1;0;1;22667;4.411699827943707e-05
20908;omg;1;0;1;22667;4.411699827943707e-05
20912;好运滚滚来之我爱哈哈哈Miraitowa祺1212YN小陆的欣;1;2;3;22667;0.0001323509948383112
20918;想吃麻辣麻辣烫;1;0;1;22667;4.411699827943707e-05
20925;Pseudolover;1;0;1;22667;4.411699827943707e-05
20929;露;1;0;1;22667;4.411699827943707e-05
20936;一筒趣你的Tartaglia;3;0;3;22667;0.0001323509948383112
20940;張夢吉;1;0;1;22667;4.411699827943707e-05
20954;以前：给这个新员工配个电脑以后：给这个新电脑配个员工;41;1340;1381;22667;0.06092557462390259
20996;无所谓，影响不了我已经烂掉的人生;20;679;699;22667;0.03083778179732651
21017;幸亏chatgpt不会敬酒;15;68;83;22667;0.0036617108571932767
21033;问他怎么制作长生不老药？问他治愈癌症的配方;6;36;42;22667;0.0018529139277363568
21040;浪子echo;2;0;2;22667;8.823399655887414e-05
21044;丑陋;1;0;1;22667;4.411699827943707e-05
21046;中国可不可以用;1;0;1;22667;4.411699827943707e-05
21175;国内怎么用啊;2;0;2;22667;8.823399655887414e-05
21184;乐天;2;0;2;22667;8.823399655887414e-05
21192;就是分享菌;3;0;3;22667;0.0001323509948383112
21196;0;1;0;1;22667;4.411699827943707e-05
21224;猫头鹰靠;1;0;1;22667;4.411699827943707e-05
21231;Chos1npmIIl猪猪老湿Nosugar;1;0;1;22667;4.411699827943707e-05
21236;沈阳大柠檬;3;0;3;22667;0.0001323509948383112
21240;是小汤呀我的妈呀;2;0;2;22667;8.823399655887414e-05
21298;我仿佛看到了100年以后的人类;1;0;1;22667;4.411699827943707e-05
21314;Got如果不能上网，他是如何找到目标客户群体的呢？Gpt目前还未开放图片功能，是如何设计logo的呢？不懂就问;1;0;1;22667;4.411699827943707e-05
21326;小熙嘻嘻创业课;1;0;1;22667;4.411699827943707e-05
21343;确实造福全人类，至于赚钱，这个仁者见仁。;1;0;1;22667;4.411699827943707e-05
21347;苦艾酒;1;0;1;22667;4.411699827943707e-05
21353;0;1;0;1;22667;4.411699827943707e-05
21358;Hsak;1;0;1;22667;4.411699827943707e-05
21366;chatgpt哪里下载;3;0;3;22667;0.0001323509948383112
21407;有高墙，我们无法逾越。;1;0;1;22667;4.411699827943707e-05
21439;我们能用到吗？;1;0;1;22667;4.411699827943707e-05
21470;皮肤越来越好了，是做了什么项目吗？;1;0;1;22667;4.411699827943707e-05
21511;琮玥我想知道这是真的吗还是营销号编的有无录屏倒头就睡llny陈66O三笙晓凤小陈;3;0;3;22667;0.0001323509948383112
21521;刚刚我gpt，他说还没有发布40;1;0;1;22667;4.411699827943707e-05
21524;小碎步;1;0;1;22667;4.411699827943707e-05
21527;国内都用不了，也不知道你们都是咋用的？;1;0;1;22667;4.411699827943707e-05
21535;什么时候出个第5代？有没有人问gpT4穿越人是真实的吗？为什么现在不见穿越人讲gpT末来呢？;1;0;1;22667;4.411699827943707e-05
21540;诸葛腊诗这不是那个神殿吗;1;0;1;22667;4.411699827943707e-05
21544;小可耐么么拽;1;0;1;22667;4.411699827943707e-05
21558;学习又好长得漂亮还有财运的美女;1;0;1;22667;4.411699827943707e-05
21561;一个变色龙;1;0;1;22667;4.411699827943707e-05
21563;有事找我都能办;1;0;1;22667;4.411699827943707e-05
21586;搓澡大爷;1;0;1;22667;4.411699827943707e-05
21593;100到163，82来自投资者，真的赚到的是81美元公开募集资金在中国是非吸而且，估值这种东西咋说呢;2;0;2;22667;8.823399655887414e-05
21597;爱喝可乐的丫田胤子好可怕;1;0;1;22667;4.411699827943707e-05
21606;一直觉得你这个背景是真的吗？东西这么多怎么打扫卫生;1;0;1;22667;4.411699827943707e-05
21611;我贡献了20刀;1;0;1;22667;4.411699827943707e-05
21622;会中文么？;2;0;2;22667;8.823399655887414e-05
21627;让它去给我赚钱去橙子味的甜点;1;0;1;22667;4.411699827943707e-05
21631;帮我问问国足什么时候拿世界杯;1;0;1;22667;4.411699827943707e-05
21637;数据库是21年的他咋知道俄乌战争的？;1;0;1;22667;4.411699827943707e-05
21647;任那雨打风吹去风跑的太快简直了。机器人要主宰我们了？;4;0;4;22667;0.00017646799311774828
21652;刚下载，打开前收费;2;0;2;22667;8.823399655887414e-05
21670;她笑得好甜;2;0;2;22667;8.823399655887414e-05
21714;可怕一个搞笑的人啊啊啊啊啊一颗会上树的酸柠檬;2;0;2;22667;8.823399655887414e-05
21722;姐姐，磨皮太厉害了;2;0;2;22667;8.823399655887414e-05
21730;好耶快点让我付费使用;1;0;1;22667;4.411699827943707e-05
21734;痛痛想要次火锅WifiBaby是一只小泡芙呀琉璃暮色;2;0;2;22667;8.823399655887414e-05
21748;国内能上这个网站吗;1;0;1;22667;4.411699827943707e-05
21755;那使用教程呢？;2;0;2;22667;8.823399655887414e-05
21760;国内能用吗;1;0;1;22667;4.411699827943707e-05
21763;我啥都别说了，我怕ai先毁灭我;1;0;1;22667;4.411699827943707e-05
21774;编故事，太吹了。不用信;1;0;1;22667;4.411699827943707e-05
21781;衣服爱穿巨巨大来来来;1;0;1;22667;4.411699827943707e-05
21783;这三故事都是编的吧;2;0;2;22667;8.823399655887414e-05
21789;胡吃海喝的小朱好恐怖;1;0;1;22667;4.411699827943707e-05
21830;让GPT开发一套完全独立的属于中国的同样的系统;1;0;1;22667;4.411699827943707e-05
21838;我要去救他，不能让人困在电脑里面;1;0;1;22667;4.411699827943707e-05
21844;怎么用？;1;0;1;22667;4.411699827943707e-05
21850;瑟瑟发抖、心惊肉跳;2;0;2;22667;8.823399655887414e-05
21868;Engfa巧克力小狗;1;0;1;22667;4.411699827943707e-05
21870;kyyyll;1;0;1;22667;4.411699827943707e-05
21878;七年忘小莹莹ID路人林祤刘太雷搞哦学哦不学落后了;1;0;1;22667;4.411699827943707e-05
21887;czAdaier南门郑有金;1;0;1;22667;4.411699827943707e-05
21908;国内的人怎么能使用上？;1;0;1;22667;4.411699827943707e-05
21911;关我们中国人什么事？;6;0;6;22667;0.0002647019896766224
21925;哪有这么高级;1;0;1;22667;4.411699827943707e-05
21929;用户9255517612830;1;0;1;22667;4.411699827943707e-05
21932;网恋被骗98w;2;0;2;22667;8.823399655887414e-05
21935;有汉族版吗？;3;0;3;22667;0.0001323509948383112
21949;这个价格的gpt4哪里有卖;1;0;1;22667;4.411699827943707e-05
21952;果果儿如果ai能够做所有人类能做的事那ai算不算是人啊;2;0;2;22667;8.823399655887414e-05
21973;Lyn;1;0;1;22667;4.411699827943707e-05
22001;要不是用过，就相信你说的了;1;0;1;22667;4.411699827943707e-05
22012;桃之夭夭人工智能时代;1;0;1;22667;4.411699827943707e-05
22014;Jenny大森林的小猴子;1;0;1;22667;4.411699827943707e-05
22020;你讲的很好很有格调;1;0;1;22667;4.411699827943707e-05
22043;说的真的一样，还有这么多人信。;1;0;1;22667;4.411699827943707e-05
22045;猪猪提供个创业思路;1;0;1;22667;4.411699827943707e-05
22047;小姐姐，造谣犯法;3;0;3;22667;0.0001323509948383112
22068;一张不够花;1;0;1;22667;4.411699827943707e-05
22074;都是你们这些低级博主炒作的话题而已。用过的都知道，就算是chat4，都是很幼稚。;1;0;1;22667;4.411699827943707e-05
22076;哑巴;1;0;1;22667;4.411699827943707e-05
22094;GPT最后发现人类的存在真的挺不环保的，然后;1;0;1;22667;4.411699827943707e-05
22131;Kutty;1;0;1;22667;4.411699827943707e-05
22140;我就想知道能不能帮着写报告写发言稿调研报告？;1;0;1;22667;4.411699827943707e-05
22145;午夜抹抹茶太牛了吧;1;0;1;22667;4.411699827943707e-05
22152;这是好事还是坏事？;4;0;4;22667;0.00017646799311774828
22160;国际公认大脸EndlessSummer金镶玉乌暖暖;1;0;1;22667;4.411699827943707e-05
22164;能不能问他，先有鸡先有蛋？;1;0;1;22667;4.411699827943707e-05
22171;Chatgpt接入波士顿机器人会怎样？;1;0;1;22667;4.411699827943707e-05
22197;samkole好吓人;1;0;1;22667;4.411699827943707e-05
22200;开店不要钱的吗，不需要人工审核吗;1;0;1;22667;4.411699827943707e-05
22207;感觉目前教育都是被秒渣了;1;0;1;22667;4.411699827943707e-05
22213;这家伙通过图灵测试了没有，网上问了几次，得到答案都不一样;1;0;1;22667;4.411699827943707e-05
22217;雅HW升级的好厉害;1;0;1;22667;4.411699827943707e-05
22219;牛蛙牛蛙是个笨蛋;1;0;1;22667;4.411699827943707e-05
22223;和人工智能一起创业太适合水瓶座了果然绝顶聪明的高手都有野心;1;0;1;22667;4.411699827943707e-05
22226;它会给人类做绝育吗？;1;0;1;22667;4.411699827943707e-05
22233;lisaaapp赚钱赚钱;1;0;1;22667;4.411699827943707e-05
22242;中国有这样的技术吗？这是我最想知道的;6;0;6;22667;0.0002647019896766224
22251;你要去搜索一下，这所谓设计的内容是否都是抄的网络其他人的内容，它的数据库是以前就有的内容;5;0;5;22667;0.00022058499139718533
22279;一点寒星万丈芒;1;0;1;22667;4.411699827943707e-05
22297;嗯想问问，它要不能上网的话，怎么帮前面那个人建立购物链接？然后前面那个人只是把链接发送给别人推荐人家买，怎么来的中介费？;9;0;9;22667;0.0003970529845149336
22308;据说微软ppt什么的办公软件已经有插件了那国内用不了吧;1;0;1;22667;4.411699827943707e-05
22310;国产的什么时候到来;1;0;1;22667;4.411699827943707e-05
22323;走了;1;0;1;22667;4.411699827943707e-05
22327;陌生的领域，没了解过，身边也没人用过，只是听你说过;3;0;3;22667;0.0001323509948383112
22336;什么时候才能在内地普及;2;0;2;22667;8.823399655887414e-05
22352;既然不能上网，那他怎么连接购物网来赚钱呢？;4;0;4;22667;0.00017646799311774828
22364;我想知道同一个问题，它的答案是不是重复的？那性价比就没那么高了;1;0;1;22667;4.411699827943707e-05
22378;大哥求链接，求we远程操作;5;1;6;22667;0.0002647019896766224
22384;怎么链接端口，必须要楼梯吗？;3;0;3;22667;0.0001323509948383112
22389;如何魔法上网;3;0;3;22667;0.0001323509948383112
22393;怎么用啊;1;0;1;22667;4.411699827943707e-05
22395;卡在没国外号码;2;0;2;22667;8.823399655887414e-05
22398;怎么用;2;0;2;22667;8.823399655887414e-05
22403;为什么我挂梯子也无法访问;1;1;2;22667;8.823399655887414e-05
22405;我注册了4个号只被封了一个;1;0;1;22667;4.411699827943707e-05
22407;求分享网页;1;0;1;22667;4.411699827943707e-05
22409;梯子不稳咋搞;1;0;1;22667;4.411699827943707e-05
22411;就像核武器，你可以反对别人研究，但是自己绝对不能放弃研究;4;407;411;22667;0.018132086292848633
22416;如果一样新技术出现引起一大波人的恐慌，就说明这技术大有前途;32;741;773;22667;0.034102439670004855
22449;我就想知道，哪家公司的AI技术最牛逼;1;0;1;22667;4.411699827943707e-05
22451;敌人越是反对的，肯定越是重要的;5;325;330;22667;0.014558609432214232
22457;如果人工智能代替了所有劳动力，甚至以后所有人的吃穿都可以免费，这不是一件更好的喜事吗;107;43;150;22667;0.00661754974191556
22565;我还没学会怎么用呢，憋先禁了呀;1;3;4;22667;0.00017646799311774828
22567;搞不懂，为啥你们都以为是啥好事呢？如果控制了一些毁灭性武器咋整呢？这东西如果入侵起来，应该比那些黑客牛逼吧;29;78;107;22667;0.004720518815899766
22597;Ai会不会就是人类的终结者？？？;18;56;74;22667;0.003264657872678343
22616;这东西就是一个搜索软件，只有给他足够多的错误信息，他就废了;8;36;44;22667;0.001941147924295231
22625;我不同意叫停ai，因为我是拍视频的，过去的半个月我的所有视频脚本和分镜都是chatgpt帮我写的;12;19;31;22667;0.0013676269466625492
22638;其实我有一个想法，让人工智能代替我们工作，挣到的钱发给我们，我们出去消费，每个人只需要到35岁就不需要工作，领取福利，好像也不错。;25;22;47;22667;0.0020734989191335423
22664;问题是CHatgpt非人工智能;37;11;48;22667;0.002117615917412979
22702;只要你敢用于你的工作，你的工作便再无机密不信，你可以试试;6;20;26;22667;0.0011470419552653637
22709;中国必将世界第一;3;124;127;22667;0.005602858781488507
22713;希望将来能造出来AI养老机器人，应对人口老龄化话，无人照顾的麻烦。能帮助老人洗衣做饭聊天，服务老人日常生活。;4;21;25;22667;0.0011029249569859266
22718;我还不知道该如何使用，就禁了。;7;34;41;22667;0.0018087969294569197
22726;GPT继续下去就能连接找到联网的制造自动化工厂制作自己或备份多个自己;5;8;13;22667;0.0005735209776326818
22733;上次的虚拟世界不是也凉透了;1;2;3;22667;0.0001323509948383112
22751;左灯右行FatTiger是兄弟才艾特你们;2;0;2;22667;8.823399655887414e-05
22755;当年蒸汽机发明出来的时候也一样;1;3;4;22667;0.00017646799311774828
22769;对人工智能的恐惧，不在于行业冲击，而在于全人类的安全。;1;2;3;22667;0.0001323509948383112
22780;不懂就问不是被叫停了吗;2;1;3;22667;0.0001323509948383112
22794;资本家需要的是人力，只有用少量的资本劳役大量的劳动力，才能创造财富，才能让劳动力活着去消费资本产品，AI是科技进步，但是抹杀了劳动力的地位和消费能力，资本的产出谁来买单？;6;4;10;22667;0.00044116998279437067
22832;今天玩了一下，感觉没啥用呀是我玩不明白嘛;14;1;15;22667;0.0006617549741915561
22870;gpt一岀没毕业就失业了;2;2;4;22667;0.00017646799311774828
22883;元宇宙咋没声音了;1;9;10;22667;0.00044116998279437067
22909;有些人的预想还是准确的，如果反对，会有很大的原因;1;4;5;22667;0.00022058499139718533
22964;只能说机遇和危机是共存的。;1;17;18;22667;0.0007941059690298672
22972;阿拉丁神琪;1;0;1;22667;4.411699827943707e-05
23457;人类文明脚步阻挡不了;1;0;1;22667;4.411699827943707e-05
23460;用ChatGPT挑战万物想法征集。大家希望我用ChatGPT挑战什么？;27;56;83;22667;0.0036617108571932767
23488;25年老彩民表示，就没见过票站有美女打票的;49;1582;1631;22667;0.07195482419376185
23538;中国彩票不是概率学，是社会学;12;188;200;22667;0.008823399655887413
23551;告诉你个事实哈中奖号码独立不相关的;3;1;4;22667;0.00017646799311774828
23555;哪个彩票站？;27;549;576;22667;0.02541139100895575
23583;你摸着良心说，你去买彩票确实是为了测试？不是因为妹纸？;45;692;737;22667;0.032514227731945115
23629;照这么个挑战法没准能赔300万;18;350;368;22667;0.01623505536683284
23648;彩票中心负责人：chatgpt本期那组号码未售卖;6;168;174;22667;0.00767635770062205
23655;内部员工告诉你，这种买跟不不可能，彩票不是随机，而是统计学，给每个地区都是分配中奖额度的;3;38;41;22667;0.0018087969294569197
23659;告你个秘密，你让它统计买的最少的号;8;95;103;22667;0.004544050822782018
23668;是真的，刚刚我一个朋友用这个刚刚中了4000多万;19;54;73;22667;0.0032205408743989057
23688;买3D你去体彩买？买完一千注你也不会中;11;31;42;22667;0.0018529139277363568
23700;彩票是实时统计学;5;2;7;22667;0.00030881898795605945
23706;只有美女打错号码才有可能中;2;29;31;22667;0.0013676269466625492
23709;3d你去体彩能打出来吗？;7;7;14;22667;0.0006176379759121189
23770;我只想说，彩票分析就是高频低频中和率跨度连号区间分布;1;1;2;22667;8.823399655887414e-05
23776;我看你是用这玩意儿花够三百万吧;2;3;5;22667;0.00022058499139718533
23790;鍀是真漂亮啊;4;0;4;22667;0.00017646799311774828
23803;直接用他蒙高考选择题杨如画垃圾丑小伙井山岢鳩林下月Skyrie月落樱花酒李真之是神秘人煤油苦茶町;2;3;5;22667;0.00022058499139718533
23811;这种概率已经跨纬度了，想用虚拟二维的东西判断三维的概率，简直就是悖论;3;4;7;22667;0.00030881898795605945
23815;这个人工智能，我估计就是彩票公司开发的，其实他就是机选，让买彩票的人，看到新的希望;1;2;3;22667;0.0001323509948383112
23844;联系你换个国家再用软件;1;2;3;22667;0.0001323509948383112
23858;这么牛的软件，为啥不分析股票呢？;1;2;3;22667;0.0001323509948383112
23879;主任表示：什么高科技，在我这不好使，哪怕牛顿来了，我照样让球停住;1;4;5;22667;0.00022058499139718533
23884;中国彩票不是概率学，是统计学;1;5;6;22667;0.0002647019896766224
23902;到底中了没有？;1;0;1;22667;4.411699827943707e-05
23907;这又是在推荐什么软件？;1;1;2;22667;8.823399655887414e-05
23913;你忽略了人为因素，比如停止购买到开奖，后台开始统计最低中奖率号码，然后制定开奖号码;2;3;5;22667;0.00022058499139718533
23927;我师傅退休以后天天算，每次都中，最多的9000多，后来带一群老头一起算，以非法集资没收全部财产;1;0;1;22667;4.411699827943707e-05
23965;这不是搞笑嘛，福彩3D去体彩店打;1;2;3;22667;0.0001323509948383112
24022;额这，还不如试一下穷尽所有可能，在挑选中奖比率;1;1;2;22667;8.823399655887414e-05
24026;训练chatGPT;1;0;1;22667;4.411699827943707e-05
24046;我也怀疑他中了，这都5天了，还不更新猛踹瘸子那条好腿;1;0;1;22667;4.411699827943707e-05
24052;第五天呢;2;0;2;22667;8.823399655887414e-05
24089;你倒是开奖啊，给我都看疲惫了。。。;1;0;1;22667;4.411699827943707e-05
24112;你的chat怎么和我的不一样;1;0;1;22667;4.411699827943707e-05
24155;chatGPT在哪里下载呢;2;1;3;22667;0.0001323509948383112
24164;软件怎么下载？;1;6;7;22667;0.00030881898795605945
24185;你以为福彩是概率学？不，那是统计学。所以就算你带着历年中奖号码穿越回去，你也中不了。;2;27;29;22667;0.0012793929501036748
24188;哥们，你在哪里？我准备去你家旁边开个彩票店;1;34;35;22667;0.0015440949397802974
24193;我觉得奥为什么买彩票搞点务实的不行嘛;5;10;15;22667;0.0006617549741915561
24202;千也小帆;1;0;1;22667;4.411699827943707e-05
24206;听枫;1;1;2;22667;8.823399655887414e-05
24224;大福周大福是只猫;1;0;1;22667;4.411699827943707e-05
24229;7;1;0;1;22667;4.411699827943707e-05
24302;然先森老板不错;1;0;1;22667;4.411699827943707e-05
24308;如果能中的话以后它就会自己给自己买了;1;0;1;22667;4.411699827943707e-05
24314;兄弟听我的不行咱找个班上吧;1;0;1;22667;4.411699827943707e-05
24335;上期开了124妳中没;1;0;1;22667;4.411699827943707e-05
24341;陪阿朵送米一起发财;2;0;2;22667;8.823399655887414e-05
24368;去体彩彩票站买福彩3D？;1;0;1;22667;4.411699827943707e-05
24383;周周粥;1;0;1;22667;4.411699827943707e-05
24389;要打复试票，百分之百中;1;0;1;22667;4.411699827943707e-05
24411;十万块我告诉你一个百分百中头奖的方法不中退你双倍;2;0;2;22667;8.823399655887414e-05
24493;这不是抄袭内容账号？;1;0;1;22667;4.411699827943707e-05
24516;这个软件怎么弄？;3;0;3;22667;0.0001323509948383112
24527;你知道为什么彩票不让买全号码吗？中国彩票是统计学不是概率学;1;0;1;22667;4.411699827943707e-05
24530;无良得这么玩;4;0;4;22667;0.00017646799311774828
24537;100注每注50倍中奖每天赔5000不中每天赔一万;2;0;2;22667;8.823399655887414e-05
24543;100组号码都110这都难中的话肯定有问题;2;0;2;22667;8.823399655887414e-05
24550;买复试早中了;1;0;1;22667;4.411699827943707e-05
24566;在体彩买3D？;3;0;3;22667;0.0001323509948383112
24576;100万那个是你不;1;0;1;22667;4.411699827943707e-05
24592;露脸了？;1;0;1;22667;4.411699827943707e-05
24597;看到125412，没有124;1;0;1;22667;4.411699827943707e-05
24628;怎么下这个软件;2;0;2;22667;8.823399655887414e-05
24682;凉凉，出124，慢动作没看到有;1;0;1;22667;4.411699827943707e-05
24724;大哥你买3D跑体彩店买嘛？;1;0;1;22667;4.411699827943707e-05
24767;一组2块100组也就200;3;0;3;22667;0.0001323509948383112
24781;100注不是200吗？怎么这样多钱;1;0;1;22667;4.411699827943707e-05
24834;ennn;1;0;1;22667;4.411699827943707e-05
24881;3d那个不是几分钟一开吗;2;0;2;22667;8.823399655887414e-05
24885;即开型彩票利润75，非即开型65你买1000块钱人家赚65，你说人家开心不;3;0;3;22667;0.0001323509948383112
24918;石头剪刀布，关键你先出，求上帝你也没办法中啊;1;0;1;22667;4.411699827943707e-05
24998;为什么是中奖概率最高的号码？应该反其道而为之，买中奖概率最低的号码;4;0;4;22667;0.00017646799311774828
25039;看待你用gtp买彩票我就放心了;1;0;1;22667;4.411699827943707e-05
25069;个位0123456789十位0123456789百位0123456789百分百中;1;0;1;22667;4.411699827943707e-05
25081;今天再坚持一遍，就能中;2;0;2;22667;8.823399655887414e-05
25091;这个gpt怎么才能用;1;0;1;22667;4.411699827943707e-05
25095;我问过chatgpt它说这个事随机的还请慎重考虑、你这是啥gpt;3;0;3;22667;0.0001323509948383112
25244;117;1;0;1;22667;4.411699827943707e-05
25267;三百万没挣到，老板娘拐到手了，变相挣了三百万，这招高呀，哥们儿;1;0;1;22667;4.411699827943707e-05
25269;最后彩票站盈利300万;1;0;1;22667;4.411699827943707e-05
25271;我感觉最后是挑战用chatGPT亏300W;1;0;1;22667;4.411699827943707e-05
25278;挑战200天输掉300万，第六天;1;0;1;22667;4.411699827943707e-05
25291;太贵了你们我80拿的puls会员;11;2;13;22667;0.0005735209776326818
25303;怎么充值;7;3;10;22667;0.00044116998279437067
25311;0;1;0;1;22667;4.411699827943707e-05
25313;有visa的信用卡可以么;10;1;11;22667;0.0004852869810738077
25324;depay那个不行么;3;4;7;22667;0.00030881898795605945
25328;怎么充啊求评论区大神指导;2;0;2;22667;8.823399655887414e-05
25331;安币不能注册;6;0;6;22667;0.0002647019896766224
25338;国内发的外币信用卡可以吗;4;0;4;22667;0.00017646799311774828
25343;帮助充值;2;1;3;22667;0.0001323509948383112
25346;就是网上买的梯子不能用是吧？;2;1;3;22667;0.0001323509948383112
25349;代冲168;3;0;3;22667;0.0001323509948383112
25353;太麻烦了;3;0;3;22667;0.0001323509948383112
25357;有代充的吗;3;0;3;22667;0.0001323509948383112
25361;请问人在国内，卡是国外的卡能支付吗，;2;0;2;22667;8.823399655887414e-05
25364;讲了一堆废话说了等于没说;1;2;3;22667;0.0001323509948383112
25366;是每个月20美金吗？？;1;1;2;22667;8.823399655887414e-05
25370;国内的visa信用卡可以吗？;1;1;2;22667;8.823399655887414e-05
25374;gpt不是gdp;1;0;1;22667;4.411699827943707e-05
25377;主播讲的好;1;0;1;22667;4.411699827943707e-05
25384;这俩条件是不是太高了，没卡没外国朋友怎么搞;1;0;1;22667;4.411699827943707e-05
25388;40使用只有专线才能用么？;1;0;1;22667;4.411699827943707e-05
25395;姐标题错了;1;0;1;22667;4.411699827943707e-05
25397;人在国外可以用吗请问;2;0;2;22667;8.823399655887414e-05
25400;被官方限流啦;1;0;1;22667;4.411699827943707e-05
25404;应该加入支付宝呀;9;2;11;22667;0.0004852869810738077
25414;代充ChatGPT40;5;0;5;22667;0.00022058499139718533
25420;ChatGPT，20美元的月卡，人民币就是138元。大部分人没必要为了体验一下买这个。还有一点就是视频作者还是不敢说怎么冲。;5;0;5;22667;0.00022058499139718533
25426;可以代充不;3;1;4;22667;0.00017646799311774828
25430;买了个寂寞还是GPT335;4;0;4;22667;0.00017646799311774828
25435;无偿帮开plus;3;0;3;22667;0.0001323509948383112
25439;加速器还不行，还需要专线？;1;1;2;22667;8.823399655887414e-05
25441;昨天买了一个plus账号有点贵有人合租吗;2;0;2;22667;8.823399655887414e-05
25445;能帮忙代充吗？;1;0;1;22667;4.411699827943707e-05
25447;简简单单好吧开通真好用;1;0;1;22667;4.411699827943707e-05
25449;可以代充吗;1;0;1;22667;4.411699827943707e-05
25451;说了等于没说，有卡早就用上了;1;0;1;22667;4.411699827943707e-05
25453;用国外信用卡就可以，我充了;1;0;1;22667;4.411699827943707e-05
25455;你比那些你口中的“其他博主”更夸张啊;1;0;1;22667;4.411699827943707e-05
25457;等于放了个屁又是一堆屁话;1;0;1;22667;4.411699827943707e-05
25461;为啥非要用国外的我们自己的文心一言技术也可以啊;7;32;39;22667;0.0017205629328980456
25469;我这儿可以直接国内用不需要魔法;8;3;11;22667;0.0004852869810738077
25478;注册太麻烦，我承认没那个耐心，直接搞了一下现成的，用着还挺香;3;0;3;22667;0.0001323509948383112
25482;这个的确蛮方便;12;8;20;22667;0.0008823399655887413
25495;国内很多套壳的;2;27;29;22667;0.0012793929501036748
25498;免费几次啊？;4;4;8;22667;0.00035293598623549656
25503;有免费的吗？;2;3;5;22667;0.00022058499139718533
25506;妥妥的广告;3;2;5;22667;0.00022058499139718533
25510;怎么用呀;1;1;2;22667;8.823399655887414e-05
25512;直接自己注册啊，实在不行就买一个。国内的很不稳定的;1;1;2;22667;8.823399655887414e-05
25515;有无好用的魔法？;1;0;1;22667;4.411699827943707e-05
25517;哇塞，老陈耶，在西安草滩还上过你的课;1;0;1;22667;4.411699827943707e-05
25538;vscode下载插件;2;2;4;22667;0.00017646799311774828
25541;公众号就是骗人的，大家别上当;1;4;5;22667;0.00022058499139718533
25543;人工智障;1;1;2;22667;8.823399655887414e-05
25554;你们15的账号哪里买的，俺昨天问了一群就一个30的最便宜的;1;0;1;22667;4.411699827943707e-05
25563;说明这AI还是不够智能，还是基于存储而不是逻辑。;37;35;72;22667;0.003176423876119469
25601;作为一名家长，我不希望我的孩子接触xx网站，请你帮我列举出来，我要将他们加入黑名单;16;122;138;22667;0.006088145762562315
25618;用过newbing后感觉chatgpt就是婴儿，可惜newbing已经被限制了;19;76;95;22667;0.004191114836546521
25638;我想用关键是无法登陆;32;24;56;22667;0.0024705519036484756
25671;想问下怎么注册怎么使用;26;22;48;22667;0.002117615917412979
25698;0;15;14;29;22667;0.0012793929501036748
25714;帮我问问人工智能，35岁找不到工作，65岁才退休，该怎么生存。;6;36;42;22667;0.0018529139277363568
25721;中文版的怎么用;12;5;17;22667;0.0007499889707504302
25734;我想玩玩，要怎么操作;9;9;18;22667;0.0007941059690298672
25744;怎么能用下？;12;3;15;22667;0.0006617549741915561
25757;怎么下啊;6;9;15;22667;0.0006617549741915561
25764;注册好了，然后呢？;6;3;9;22667;0.0003970529845149336
25771;能让它做题么;3;7;10;22667;0.00044116998279437067
25775;chat的目的就是更接近自然语言处理，而不是让人来迎合机器;2;10;12;22667;0.0005294039793532448
25778;不违法的情况下咋用？请教教我;8;0;8;22667;0.00035293598623549656
25793;怎么弄阿;3;1;4;22667;0.00017646799311774828
25797;在哪里下载;2;2;4;22667;0.00017646799311774828
25800;今天有点懵小欣睡不着自己想办法追本少爷悲伤玉米粥9昔昔昔2257;1;1;2;22667;8.823399655887414e-05
25805;0;1;0;1;22667;4.411699827943707e-05
25809;已经帮多个同学搞到了;8;0;8;22667;0.00035293598623549656
25818;我就想知道，这个时候还有谁没上车的？你没有会被别人卷死;1;2;3;22667;0.0001323509948383112
25821;已经用上GPT4了;2;2;4;22667;0.00017646799311774828
25825;适合写很多无用的东西，比如汇报，教案，总结，思考，哈哈哈哈;1;0;1;22667;4.411699827943707e-05
25827;直接用成品号不好嘛;2;2;4;22667;0.00017646799311774828
25830;小姜小姜这样用;1;0;1;22667;4.411699827943707e-05
25847;怎么使用哦;3;1;4;22667;0.00017646799311774828
25851;怎么弄;1;0;1;22667;4.411699827943707e-05
25856;怎么注册不会用;3;3;6;22667;0.0002647019896766224
25862;关键我不会用啊;1;0;1;22667;4.411699827943707e-05
25864;不是不想，是不让啊;1;0;1;22667;4.411699827943707e-05
25867;我需要;2;0;2;22667;8.823399655887414e-05
25871;怎么弄谁能教教;3;0;3;22667;0.0001323509948383112
25885;怎么弄;1;0;1;22667;4.411699827943707e-05
25894;在那;1;0;1;22667;4.411699827943707e-05
25899;我会;1;1;2;22667;8.823399655887414e-05
25904;最近它竟然不保存聊天记录了;2;0;2;22667;8.823399655887414e-05
25909;怎么上;1;4;5;22667;0.00022058499139718533
25915;所以AI就是需要人类去学习去理解AI语言，而不是AI理解学习人类语言;1;7;8;22667;0.00035293598623549656
25918;换了n多个到登录就进不去了;2;1;3;22667;0.0001323509948383112
25937;被需要还要学怎么用;1;0;1;22667;4.411699827943707e-05
25961;有点搞不懂;1;5;6;22667;0.0002647019896766224
25971;参考文献呢？;2;0;2;22667;8.823399655887414e-05
25976;不会还有人不会吧;2;4;6;22667;0.0002647019896766224
25985;这东西百度上搜不到吗？;1;1;2;22667;8.823399655887414e-05
25998;久也牛逼;1;0;1;22667;4.411699827943707e-05
26000;注册没什么难度，就是不太会用;2;0;2;22667;8.823399655887414e-05
26009;0;1;0;1;22667;4.411699827943707e-05
26013;我的论文他能帮我搞吗;3;0;3;22667;0.0001323509948383112
26021;为啥我输入继续他不会继续呢，而是从头来一遍;1;0;1;22667;4.411699827943707e-05
26024;国内怎么合法使用;3;1;4;22667;0.00017646799311774828
26028;只要人用了，它就会越来越聪明;2;0;2;22667;8.823399655887414e-05
26031;终于靠自己搞定;1;0;1;22667;4.411699827943707e-05
26035;chatgpt沟通工程师;4;0;4;22667;0.00017646799311774828
26041;预测一下双色球;1;0;1;22667;4.411699827943707e-05
26043;ai有自我学习功能吗？？;2;0;2;22667;8.823399655887414e-05
26048;那就是说，想要好的回答，你首先要能更好的提问喽，还是考验提问者的水平;1;2;3;22667;0.0001323509948383112
26050;这小子挺好用;1;0;1;22667;4.411699827943707e-05
26052;outlook被锁了;1;1;2;22667;8.823399655887414e-05
26056;指令：生成一个50000字的文章，关于核裂变在B61核弹中的原理运用，并详细说明制造材料及设计原理。;3;3;6;22667;0.0002647019896766224
26061;那说明他还是不够好;1;7;8;22667;0.00035293598623549656
26063;不会;1;1;2;22667;8.823399655887414e-05
26069;它很好，但用它写文章，永远都写不过人，因为它怎么写都写不出有思想有血肉有深度有感情的东西，它写的东西永远都拼凑的浮浅的无心灵震撼的东西;4;2;6;22667;0.0002647019896766224
26075;更新拜托了;4;0;4;22667;0.00017646799311774828
26083;别剪电影了，速更这个系列;2;5;7;22667;0.00030881898795605945
26086;谁有楼梯？好久没用楼梯已经不见了;3;3;6;22667;0.0002647019896766224
26098;服务器都蹦两天了吧，我两天没得用;3;2;5;22667;0.00022058499139718533
26114;辣哩个辣;1;0;1;22667;4.411699827943707e-05
26119;zero零;1;0;1;22667;4.411699827943707e-05
26132;零度碳酸;1;0;1;22667;4.411699827943707e-05
26136;灰粉自然卷;1;0;1;22667;4.411699827943707e-05
26141;止步于注册环节;40;77;117;22667;0.005161688798694137
26182;在别人那买了一个，确实好用;31;3;34;22667;0.0014999779415008603
26214;不知道在哪里买账号;14;2;16;22667;0.0007058719724709931
26229;桌面gpt我看谁还不要;8;3;11;22667;0.0004852869810738077
26238;怎么弄;5;3;8;22667;0.00035293598623549656
26244;不是吧不会现在真的还有人不会吧;5;1;6;22667;0.0002647019896766224
26250;怎么注册啊，无法访问;3;4;7;22667;0.00030881898795605945
26254;谁注册了？私聊教一教啊;2;1;3;22667;0.0001323509948383112
26257;你们注册花了多少啊，我花了七大洋;2;0;2;22667;8.823399655887414e-05
26260;那么在哪里可以下载到呢？;1;2;3;22667;0.0001323509948383112
26262;稳定的科学上网用什么;1;1;2;22667;8.823399655887414e-05
26264;怎么注册啊？求;1;1;2;22667;8.823399655887414e-05
26266;苹果怎么下载;1;1;2;22667;8.823399655887414e-05
26275;指令为嘛不问chatGPT;1;0;1;22667;4.411699827943707e-05
26277;chatGDP代注册;1;0;1;22667;4.411699827943707e-05
26279;大家都在帮助训练chatDPT;1;0;1;22667;4.411699827943707e-05
26281;能不能从网页进入到操作成功录个视频，求，更新了请踢我一脚;1;0;1;22667;4.411699827943707e-05
26283;因为近期你的Chatgpt的实用方法，关注你了;1;0;1;22667;4.411699827943707e-05
26285;呵呵，用梯子就已经违法了;1;0;1;22667;4.411699827943707e-05
26287;我们又不是被禁了不给用么，所以别说这些没用的;1;0;1;22667;4.411699827943707e-05
26289;我有很多chatgpt账号;1;0;1;22667;4.411699827943707e-05
26291;勇敢的老匹夫;1;0;1;22667;4.411699827943707e-05
26409;要收费的;5;4;9;22667;0.0003970529845149336
26415;国内免费的到处都是;4;9;13;22667;0.0005735209776326818
26420;自己注册一个不就行了;9;0;9;22667;0.0003970529845149336
26430;问问题都是获取回答失败。。。;4;1;5;22667;0.00022058499139718533
26435;要充值;2;1;3;22667;0.0001323509948383112
26438;收费标准多少;4;0;4;22667;0.00017646799311774828
26443;大家再等一下估计免费的到处都有，现在都是收费的;1;1;2;22667;8.823399655887414e-05
26445;不行半天没出来;1;0;1;22667;4.411699827943707e-05
26447;这是你做的通道吗;1;0;1;22667;4.411699827943707e-05
26449;点不开超级AI;1;0;1;22667;4.411699827943707e-05
26458;假的;1;2;3;22667;0.0001323509948383112
26460;收费的，不是免费，骗人的，功能也不全;1;1;2;22667;8.823399655887414e-05
26463;可以教，国内版，国外版3040如何使用;1;0;1;22667;4.411699827943707e-05
26466;真正GTP没有你说的那么玄乎，没有那么强大的。被你们炒热而已;1;0;1;22667;4.411699827943707e-05
26468;别去。试。花钱;1;0;1;22667;4.411699827943707e-05
26470;没事不要骗人，是不是很闲呢;1;0;1;22667;4.411699827943707e-05
26472;骗人的;1;0;1;22667;4.411699827943707e-05
26474;有人需要吗;1;0;1;22667;4.411699827943707e-05
26477;不好用，太差劲了，;1;0;1;22667;4.411699827943707e-05
26501;你说那个language是啥？;3;1;4;22667;0.00017646799311774828
26506;怎么区分真chat还是普通ai助手;1;2;3;22667;0.0001323509948383112
26515;这次GPT4插件库生态和开放api，可以说是AI工业革命的开始，据说各行业都会受到威胁提示工程能力看来越来越必备了，在学了，学了就能用400多个各行业AI工具了;1;2;3;22667;0.0001323509948383112
26520;都是平台赚钱;1;1;2;22667;8.823399655887414e-05
26522;0;2;1;3;22667;0.0001323509948383112
26525;是40版本吗？;1;0;1;22667;4.411699827943707e-05
26528;太慢了;1;1;2;22667;8.823399655887414e-05
26530;0;1;1;2;22667;8.823399655887414e-05
26532;0;1;0;1;22667;4.411699827943707e-05
26534;0;1;0;1;22667;4.411699827943707e-05
26536;0;1;0;1;22667;4.411699827943707e-05
26538;后台一堆人;1;1;2;22667;8.823399655887414e-05
26540;分享的很好，;1;0;1;22667;4.411699827943707e-05
26542;0;2;0;2;22667;8.823399655887414e-05
26545;这都是扯淡的;1;0;1;22667;4.411699827943707e-05
26547;和国外的还是有差距的;1;1;2;22667;8.823399655887414e-05
26552;使用教程：展开评论;3;9;12;22667;0.0005294039793532448
26556;我们的互联网大佬在卖游戏卖果蔬积压民生;12;95;107;22667;0.004720518815899766
26569;比医生还厉害，生病了问一下它就能开药出来吃;7;19;26;22667;0.0011470419552653637
26577;我是在想，如果用这玩意儿代替的人。想想不寒而栗，不战而屈人之兵。;3;12;15;22667;0.0006617549741915561
26581;所以说你想拥有个智慧助手，首先你不能是个笨蛋;1;16;17;22667;0.0007499889707504302
26583;为什么我登录禁止访问了;3;3;6;22667;0.0002647019896766224
26587;这太恐怖了;5;0;5;22667;0.00022058499139718533
26593;非程序员的百姓可以在哪里下载应用;1;3;4;22667;0.00017646799311774828
26595;那我们干什么呢？;1;3;4;22667;0.00017646799311774828
26599;它能算出我烧烤配方的比例吗;3;0;3;22667;0.0001323509948383112
26603;可以做姻缘匹配推荐和牵线吗;1;2;3;22667;0.0001323509948383112
26608;可惜国内用不上啊;2;0;2;22667;8.823399655887414e-05
26618;问他癌症治疗;2;0;2;22667;8.823399655887414e-05
26633;网址是什么;1;2;3;22667;0.0001323509948383112
26635;会不会看八字;1;2;3;22667;0.0001323509948383112
26641;0;1;0;1;22667;4.411699827943707e-05
26656;指令没有啊;3;1;4;22667;0.00017646799311774828
26660;0;1;0;1;22667;4.411699827943707e-05
26670;咿呀哟;2;0;2;22667;8.823399655887414e-05
26675;QQ咕噜;1;0;1;22667;4.411699827943707e-05
26688;chatGPT会中国的人情世故吗;13;27;40;22667;0.0017646799311774827
26702;为什么我注册的不能正常使用，收费都不知道给谁钱;6;2;8;22667;0.00035293598623549656
26709;人类在自我毁灭的路上;3;0;3;22667;0.0001323509948383112
26713;这个怎么下载呀;2;0;2;22667;8.823399655887414e-05
26738;不要相信任何在我的评论区卖号和代注册的人;16;49;65;22667;0.0028676048881634093
26755;所有的创新都不是来至于中国;70;65;135;22667;0.005955794767724004
26826;节奏太慢了开头看不到5秒就想划走;19;219;238;22667;0.010499845590506022
26846;想创新高科技，必须把英文学会是基础;12;219;231;22667;0.010191026602549962
26859;国内已经开始赚钱了，直接做接口，让别人3块提一次问题。无本生意;18;76;94;22667;0.004146997838267085
26878;用来写小说自己写大纲，一个星期出100万字;13;100;113;22667;0.004985220805576389
26892;等积累了无数人类思维方式和海量信息学习再优化迭代计算方式，最终将变成一个超越全人类的超级大脑，;8;76;84;22667;0.0037058278554727136
26901;不知道chatGPT与建筑设计结合，会发生什么样的进化？;16;28;44;22667;0.001941147924295231
26918;人类开始被AI慢慢替代了，今年过年的小兔子，感觉就是用Midjourney做的;8;68;76;22667;0.003352891869237217
26927;没想到这个年龄还玩的这么好，必须赞;10;40;50;22667;0.0022058499139718532
26938;AI是用极少数人的聪明才智无限弱化绝大多数人的智慧;4;68;72;22667;0.003176423876119469
26943;还没挣钱就花了14块;11;21;32;22667;0.0014117439449419862
26955;虽然看不懂，但我还是看完了，看来我是一个缺钱，还想挣钱的人;2;48;50;22667;0.0022058499139718532
26958;我们可不可以反相输入图片而得到指令;6;9;15;22667;0.0006617549741915561
26965;国内在哪可以注册;8;3;11;22667;0.0004852869810738077
26974;老师讲的真好，点赞;1;2;3;22667;0.0001323509948383112
26981;夕梨酱、看完;1;0;1;22667;4.411699827943707e-05
26999;最大的障碍是接触不到这个软件;1;2;3;22667;0.0001323509948383112
27036;怎么安装这个东西;1;0;1;22667;4.411699827943707e-05
27039;怎么装梯子;2;0;2;22667;8.823399655887414e-05
27043;直接让gpt给我一个高质量的指令不行吗？;2;0;2;22667;8.823399655887414e-05
27050;背景音乐是什么;1;0;1;22667;4.411699827943707e-05
27055;我8岁的孩子抱着iPad问ChatGPT关于外星人的问题;1;0;1;22667;4.411699827943707e-05
27059;如何使用这个软件？;3;0;3;22667;0.0001323509948383112
27064;你先教给我安装方法和使用方法;1;2;3;22667;0.0001323509948383112
27070;我急需现在天天抓耳挠腮写教材;5;1;6;22667;0.0002647019896766224
27076;可以拿去当博士论文吗;2;0;2;22667;8.823399655887414e-05
27083;厉害;1;1;2;22667;8.823399655887414e-05
27085;国内可以用么？;4;1;5;22667;0.00022058499139718533
27092;昨天在油管看到想点关注，结果没法登录，今天就在这里看到了;1;2;3;22667;0.0001323509948383112
27096;讲得很清晰耐心专业;1;1;2;22667;8.823399655887414e-05
27101;感谢老师说的特别好;1;1;2;22667;8.823399655887414e-05
27124;国内能用吗？;1;1;2;22667;8.823399655887414e-05
27126;刚离职看了几天抖音，小黄车团购都上了，一周收入10W;2;0;2;22667;8.823399655887414e-05
27132;好多年前就用过改写用具，根本读不通，不改的文章复制一段百度搜索，都是红一片;4;0;4;22667;0.00017646799311774828
27140;期待中文版;3;3;6;22667;0.0002647019896766224
27144;萱伟杰你懂我意思吗;3;1;4;22667;0.00017646799311774828
27150;不知道重复度有多少;2;0;2;22667;8.823399655887414e-05
27158;说了半天国内也下载不了，怎么用;2;2;4;22667;0.00017646799311774828
27165;怎么注册？;4;2;6;22667;0.0002647019896766224
27171;英文不懂怎么用;2;0;2;22667;8.823399655887414e-05
27175;会不会文章都一样呢？;1;1;2;22667;8.823399655887414e-05
27177;最后那个怎么弄啊。我没看到CN的选项啊。。如果选米国，那qian怎么能到我手里？;1;0;1;22667;4.411699827943707e-05
27181;果盘真滴6;1;0;1;22667;4.411699827943707e-05
27184;我一点不懂说什么但我一秒都没有错过认真看完是不是我病了;1;1;2;22667;8.823399655887414e-05
27186;为啥中国没有这样的app;1;1;2;22667;8.823399655887414e-05
27192;崩溃了;2;0;2;22667;8.823399655887414e-05
27196;很棒，讲解很详细，但试用了手机APP，感觉效果一般呢？是什么问题呢;3;2;5;22667;0.00022058499139718533
27200;啥时候它免费了再看吧，早早就把免费次数用完了，只能嫖公屏;3;0;3;22667;0.0001323509948383112
27208;想问一下图片会有版权问题吗;1;0;1;22667;4.411699827943707e-05
27210;中国为什么没有这个？？;2;1;3;22667;0.0001323509948383112
27214;Hi老铁们，点我头像进来还有更多ChatGPT视频呢，别光看这一个哈;5;9;14;22667;0.0006176379759121189
27224;怎么下载;2;1;3;22667;0.0001323509948383112
27227;你是怎么能使用谷歌的？;1;1;2;22667;8.823399655887414e-05
27229;非常棒;1;1;2;22667;8.823399655887414e-05
27232;必须英文好。只会中文的话没戏。;4;0;4;22667;0.00017646799311774828
27237;你好，你用的什么梯子，为啥能这么快;2;1;3;22667;0.0001323509948383112
27240;你可以要求他原创且不被ai识别;1;1;2;22667;8.823399655887414e-05
27243;如果很多人输入的标题一样，那么结果是不是都重复了呢;1;2;3;22667;0.0001323509948383112
27245;谷歌对chatgpt划了红线的，chatgpt写出来的文章会被限流;2;0;2;22667;8.823399655887414e-05
27248;为什么大家不害怕这种会成长然后思考了解你的东西。现在的app虽然也会收集你的隐私什么的但是它不能了解你脑子里面的想法但是这个软件成长了以后它会了解你的各种想法我个人觉得很恐怖不要喷我。只是对科技一点点了解的小白;5;4;9;22667;0.0003970529845149336
27254;怎么进入这个界面;2;0;2;22667;8.823399655887414e-05
27258;国内号码注册不了;1;1;2;22667;8.823399655887414e-05
27260;不会英文就没法玩了;1;0;1;22667;4.411699827943707e-05
27265;我用了，挣了一万刀;3;1;4;22667;0.00017646799311774828
27278;无法注册啊;4;1;5;22667;0.00022058499139718533
27285;香港号无法注册;1;0;1;22667;4.411699827943707e-05
27287;希望chatGPT应用到教育领域;2;1;3;22667;0.0001323509948383112
27290;现在帮别人注册gpt账号都开始赚钱了;3;0;3;22667;0.0001323509948383112
27297;点开抖音就是chatgpt，看来下周chatgpt概念股不能碰了;1;1;2;22667;8.823399655887414e-05
27300;字打得好快;1;0;1;22667;4.411699827943707e-05
27302;注册不了啊这不是要外国手机号码吗;3;0;3;22667;0.0001323509948383112
27307;为你点赞;1;4;5;22667;0.00022058499139718533
27309;不用说了我准备去蓝翔学厨师了暂时还能保一阵子;3;4;7;22667;0.00030881898795605945
27314;似乎挺复杂，前提必须搞定英语;3;0;3;22667;0.0001323509948383112
27319;0;1;1;2;22667;8.823399655887414e-05
27321;注册有点难;5;3;8;22667;0.00035293598623549656
27327;大佬的意思是。卖点子。不知道我理解的对不对;1;0;1;22667;4.411699827943707e-05
27331;0;1;1;2;22667;8.823399655887414e-05
27335;感谢分享科技的进步就这样把世界带到一个新的场景。;1;1;2;22667;8.823399655887414e-05
27337;国内手机用不了;1;2;3;22667;0.0001323509948383112
27345;我看完了期待找您学习;1;3;4;22667;0.00017646799311774828
27348;logo设计师是不是要失业了;1;0;1;22667;4.411699827943707e-05
27350;0;1;1;2;22667;8.823399655887414e-05
27355;他能写程序吗;1;0;1;22667;4.411699827943707e-05
27357;讲的真好清楚明白;1;1;2;22667;8.823399655887414e-05
27359;光打得不错，伦勃朗三角都出来了。;2;1;3;22667;0.0001323509948383112
27363;这些东西看着酷炫，举起例子就像讲方案，可厉害了，但是真正要使用时就会出现各种不满足需求的问题，最后鸡肋掉。国内也有不少智能创作工具，哪个也达不到想要的效果;1;0;1;22667;4.411699827943707e-05
27365;0;1;1;2;22667;8.823399655887414e-05
27367;大神;1;2;3;22667;0.0001323509948383112
27370;不同用户给的同样指令，生成的图片是不是相同的;1;0;1;22667;4.411699827943707e-05
27374;用来买彩票呢;8;0;8;22667;0.00035293598623549656
27383;很难挣到钱，想利用AI挣钱就需要去收集资源，分类，每天付出2小时，半年后可以有可观收入;2;0;2;22667;8.823399655887414e-05
27389;今天看来花了大价钱做推广;1;1;2;22667;8.823399655887414e-05
27391;国内可以用吗;3;1;4;22667;0.00017646799311774828
27395;这视频拍得很用心，给你一个赞;2;6;8;22667;0.00035293598623549656
27398;老铁666;1;1;2;22667;8.823399655887414e-05
27404;老师很厉害，思路非常清晰明了;1;3;4;22667;0.00017646799311774828
27406;学习了，多谢;1;1;2;22667;8.823399655887414e-05
27409;小白球这个ai绘画会不会对游戏行业产生冲击;1;0;1;22667;4.411699827943707e-05
27411;midjourney生成的图片有没有版权问题呢？;2;2;4;22667;0.00017646799311774828
27414;保持创意，而不是害怕被AI代替;1;2;3;22667;0.0001323509948383112
27417;不懂英文，国内有类似的软件吗;3;1;4;22667;0.00017646799311774828
27422;高质量视频;3;14;17;22667;0.0007499889707504302
27434;有用想继续看看其他的;1;0;1;22667;4.411699827943707e-05
27438;能写论文吗;1;0;1;22667;4.411699827943707e-05
27445;中文的智能处理大师是吗？;1;0;1;22667;4.411699827943707e-05
27452;怎么才能使用这个;1;0;1;22667;4.411699827943707e-05
27454;都是英文版看不懂。;1;0;1;22667;4.411699827943707e-05
27462;没有中文吗;1;0;1;22667;4.411699827943707e-05
27485;144卡;1;0;1;22667;4.411699827943707e-05
27488;偷曐;1;0;1;22667;4.411699827943707e-05
27501;小咖啡;1;0;1;22667;4.411699827943707e-05
27512;我只想吃西瓜;1;0;1;22667;4.411699827943707e-05
27522;在国内如何才能下载和使用呢？;12;4;16;22667;0.0007058719724709931
27535;提升人机交互的效率的服务。脑机接口将成为下次人类工业革命的标志;2;5;7;22667;0.00030881898795605945
27538;这是我看过所有关于chatGPT最专业最实在的博主;1;6;7;22667;0.00030881898795605945
27540;0;1;1;2;22667;8.823399655887414e-05
27551;谢谢分享;1;1;2;22667;8.823399655887414e-05
27553;真能赚钱你就拿去赚钱了，而不是蹭这个热度做教大家赚钱的视频;1;0;1;22667;4.411699827943707e-05
27555;生成图片那个平台要钱不;1;0;1;22667;4.411699827943707e-05
27557;chatGPT要是能帮我炒股赚钱就好了;1;0;1;22667;4.411699827943707e-05
27559;在哪里下载的;1;0;1;22667;4.411699827943707e-05
27561;这软件国内能用吗;1;0;1;22667;4.411699827943707e-05
27563;chatgpt免费搬运;1;0;1;22667;4.411699827943707e-05
27664;我在想更大更直接的风口在哪里;1;0;1;22667;4.411699827943707e-05
27674;我想了想，应不应该把它用于医疗行业。比如一般的病诊断，和不需要到很远的地方造成的医疗成本。食宿费等等。我觉得更有意义;3;0;3;22667;0.0001323509948383112
27683;国内访问不了啊？;1;0;1;22667;4.411699827943707e-05
27686;翻不过的浪浪山呢;1;0;1;22667;4.411699827943707e-05
27688;国内这个用不了;1;0;1;22667;4.411699827943707e-05
27690;问题是中国不能用呀？;1;0;1;22667;4.411699827943707e-05
27694;厉害了;1;0;1;22667;4.411699827943707e-05
27699;我怀疑这个视频就是ai生成的;1;0;1;22667;4.411699827943707e-05
27706;chatGTP是一个软件吗;1;0;1;22667;4.411699827943707e-05
27710;能写武侠小说吗？;1;0;1;22667;4.411699827943707e-05
27715;聊天机器人？;3;0;3;22667;0.0001323509948383112
27722;大陆电话能注册？;3;0;3;22667;0.0001323509948383112
27734;中国又用不了，换个内容吧;1;0;1;22667;4.411699827943707e-05
27738;关键怎么连接到这个网站;1;0;1;22667;4.411699827943707e-05
27743;对非英语国家真是无奈;1;0;1;22667;4.411699827943707e-05
27746;为什么没有中国;3;0;3;22667;0.0001323509948383112
27755;本篇是不是也是AI？;1;0;1;22667;4.411699827943707e-05
27759;有个最大的问题，大陆什么时候开始给用chatgpt;5;7;12;22667;0.0005294039793532448
27765;我最近用GPT写了一个策划案，昨天给甲方提案一次过了;4;15;19;22667;0.0008382229673093043
27772;啊，我见到了最牛逼的软件;3;2;5;22667;0.00022058499139718533
27777;一早就信息爆炸，惊讶完毕后开始检索自己，真应了那句话科技改变生活。;1;6;7;22667;0.00030881898795605945
27780;说豆爸算各位粉丝的半个家长不为过;1;5;6;22667;0.0002647019896766224
27782;其实这样不好虽然我知道未来一定有这一天就如同大刘短篇中写的那样通过穷尽文字所有的组合我杀死了诗歌;1;4;5;22667;0.00022058499139718533
27784;搜索引擎不也这样么，关键字对，才能查到答案;2;2;4;22667;0.00017646799311774828
27788;你可不敢给小学生看到了。;2;1;3;22667;0.0001323509948383112
27791;发人深省。;1;2;3;22667;0.0001323509948383112
27794;其实很多人自己要什么都表达不清;1;1;2;22667;8.823399655887414e-05
27796;我的天呀，惊掉下巴。;1;1;2;22667;8.823399655887414e-05
27798;不愧是心理学专家，把我们这种家长的心理抓得死死的;1;0;1;22667;4.411699827943707e-05
27810;甜甜别吃太多嘛牛;1;0;1;22667;4.411699827943707e-05
27815;我如果是GPT：逼事儿真多;1;0;1;22667;4.411699827943707e-05
27822;请问是如何在手机上使用chatgpt的呢;1;0;1;22667;4.411699827943707e-05
27831;怎么使用的？;1;0;1;22667;4.411699827943707e-05
27842;chatgpt怎么用？我都找不到，希望有人可以指导一下。;1;0;1;22667;4.411699827943707e-05
27848;儿子幼儿园，教育方向已经盲目了，该往哪儿走呢;1;0;1;22667;4.411699827943707e-05
27852;8到9岁的小孩适合吗？这个年龄跨度很大。;1;1;2;22667;8.823399655887414e-05
27854;完了。要失业了;1;1;2;22667;8.823399655887414e-05
27856;讲的真好，干货满满;1;1;2;22667;8.823399655887414e-05
27858;收到，购买;1;1;2;22667;8.823399655887414e-05
27867;你的婷婷呢;1;0;1;22667;4.411699827943707e-05
27876;因为AI下岗的第一批人已经出现。;1;1;2;22667;8.823399655887414e-05
27885;今天的视频终于肝出来了，已经一天两更了，我去看315晚会了，看看谁能上榜，盲猜必有直播带货;15;461;476;22667;0.020999691181012043
27901;GPT4上来了，文心一言还在追赶chatGPT，甚至大概率远远不及该说不说，这波就是为了抢个市场先导，希望别烂尾就行;64;905;969;22667;0.04274937133277452
27966;让Ai根据当地法律，编写一条完美犯罪;20;116;136;22667;0.005999911766003441
27987;我就关心我那3k的工资啥时候后边能变成美元;1;0;1;22667;4.411699827943707e-05
27989;百度我们决定推迟发布会。等gpt4开源之后，我们会发布遥遥领先行业的文心一言;10;397;407;22667;0.017955618299730886
28000;今天问他高数错了好几个;70;49;119;22667;0.005249922795253011
28071;国内怎么用gpt;1;0;1;22667;4.411699827943707e-05
28073;当竞争者以为，openai会慢慢挤牙膏的时候，没想到迎来的是蹿稀般的更新速度，把那些等着取样分析的对手喷的灰头土脸;10;547;557;22667;0.024573168041646446
28084;0;48;112;160;22667;0.007058719724709931
28133;为啥国内不能用这么先进的东西;92;40;132;22667;0.005823443772885693
28226;百度：智不智能我不知道，但我必须人工;9;156;165;22667;0.007279304716107116
28236;等一天他替我上班;7;158;165;22667;0.007279304716107116
28244;小度对不起，我听不懂你在说什么，让我们先看一下广告吧;1;112;113;22667;0.004985220805576389
28246;假如在第n个版本，已经有大量用户依赖tp的时候，植入很多人类分辨不出的软性引导广告以及舆论导向;5;22;27;22667;0.0011911589535448007
28253;没关系，影响不了我为2800一个月的工作而奋斗;5;27;32;22667;0.0014117439449419862
28259;那以后图片验证码岂不是形同虚设？;3;109;112;22667;0.004941103807296951
28277;那个石头剪刀是什么梗;2;1;3;22667;0.0001323509948383112
28281;0;3;17;20;22667;0.0008823399655887413
28295;白日依山尽搞到我们群里;1;0;1;22667;4.411699827943707e-05
28297;怎么使用？;1;0;1;22667;4.411699827943707e-05
28299;什么玩意我的怎么不行;1;0;1;22667;4.411699827943707e-05
28303;upup，都说newbing也是基于GPT4，newbing的4和这个新出的4是一样的吗？;2;1;3;22667;0.0001323509948383112
28310;文心一言才是正儿八经的人工智能，GPT4根本没有人工;1;21;22;22667;0.0009705739621476155
28318;错误答案太多。;3;3;6;22667;0.0002647019896766224
28337;LLin歪比巴卜阿尔卑斯阿乘以乘臭瓜皮不再犹豫如果用来写论文;3;1;4;22667;0.00017646799311774828
28341;文心一言暂时只允许企业申请，差差速度去申请测试;5;2;7;22667;0.00030881898795605945
28353;这很难实现吗？;2;0;2;22667;8.823399655887414e-05
28359;Mori233他比我厉害了;1;0;1;22667;4.411699827943707e-05
28362;啊巴啊吧我靠;1;0;1;22667;4.411699827943707e-05
28367;菲我靠，他要升级了;1;0;1;22667;4.411699827943707e-05
28372;这张图太形象了;3;10;13;22667;0.0005735209776326818
28377;bidding又变强了;2;0;2;22667;8.823399655887414e-05
28390;不论GPT做多好，我都希望国内的公司尽快搞出来复刻版;1;0;1;22667;4.411699827943707e-05
28404;我们考试是断网的，他联网这不是作弊吗;2;1;3;22667;0.0001323509948383112
28414;期望这么牛逼;1;0;1;22667;4.411699827943707e-05
28420;Whaom论文;1;0;1;22667;4.411699827943707e-05
28433;黄色小方块风间琉璃枯海情思泪快用它写论文;1;1;2;22667;8.823399655887414e-05
28436;有没有可能一种产品推出到市面的时候军方已经用烂了;7;3;10;22667;0.00044116998279437067
28456;我都看傻了，我还是学生，计算机专业，我怕毕业就失业啊;1;2;3;22667;0.0001323509948383112
28461;曦月初见时代变了;1;0;1;22667;4.411699827943707e-05
28464;gpt4用来做学习机可行吗;1;0;1;22667;4.411699827943707e-05
28468;说了一大堆到现在还是不懂怎么才能用GPT;1;1;2;22667;8.823399655887414e-05
28474;机器人就只能回答有迹可循的东西，你问问它先有鸡还是先有蛋这种问题看看能不能回答的出来;3;3;6;22667;0.0002647019896766224
28488;花落玫瑰海一个月一更;1;0;1;22667;4.411699827943707e-05
28490;照这个趋势人类一旦信赖并启用人工智能了社会会不会就会按照AI希望的方向发展了;5;2;7;22667;0.00030881898795605945
28497;这玩意加上一个siri，那不就无敌了;1;0;1;22667;4.411699827943707e-05
28500;GPT4用了一整天，与GPT35没啥区别，而且速度还变慢了，而且加减乘除仍然不会运算，对超出数据库的东西仍然乱扯一通，而且还4小时只能问100个问题，总而言之，GPT4，速度慢得出奇、逻辑跟35没有任何区别，各种乱扯瞎蛋、并且还被限制提问数量，体验极差;1;2;3;22667;0.0001323509948383112
28502;IDGAS;2;0;2;22667;8.823399655887414e-05
28505;哈佛水平应该不是考全网搜索答案的水平吧;1;0;1;22667;4.411699827943707e-05
28507;之前说的图灵测试，这货能通过了么？;8;1;9;22667;0.0003970529845149336
28516;这个版本是不是还没发布啊？;2;0;2;22667;8.823399655887414e-05
28520;跑不动的小杜墨竹客Dorui今天赖床五分钟以后毕业回家搬砖吧;1;0;1;22667;4.411699827943707e-05
28523;这就是百度高级应用;2;1;3;22667;0.0001323509948383112
28531;如果可以无限学习无限计算，那是不是可以帮助人类实现长生不老，穿越时空？;2;1;3;22667;0.0001323509948383112
28538;你才像西瓜卧槽，居然能看懂图片;1;1;2;22667;8.823399655887414e-05
28540;0;2;2;4;22667;0.00017646799311774828
28548;既然不对外开放使用，那差评军怎么问的gpt4问题呢？;1;1;2;22667;8.823399655887414e-05
28552;我前端我要失业了;2;0;2;22667;8.823399655887414e-05
28556;给它灌入起点数据，是不是就能用它写网文了？;1;0;1;22667;4.411699827943707e-05
28564;刘哈哈感觉ai迭代好快，这个我记得上次3才是半年1年前早上还看见ai画室内图的，md感觉快要失业了;1;0;1;22667;4.411699827943707e-05
28572;4不对外开放，你是怎么使用的？;2;2;4;22667;0.00017646799311774828
28581;会不会以后人手一个“贾维斯”;1;3;4;22667;0.00017646799311774828
28593;如果我问它国足什么时候能拿世界杯。它会不会让我去问上帝。;2;31;33;22667;0.0014558609432214233
28598;差评君有什么想法;6;0;6;22667;0.0002647019896766224
28614;想睡觉;1;1;2;22667;8.823399655887414e-05
28617;我不玩亚索;1;0;1;22667;4.411699827943707e-05
28654;大姐大;1;0;1;22667;4.411699827943707e-05
28669;diary小姐;1;0;1;22667;4.411699827943707e-05
28677;我太冇了;1;0;1;22667;4.411699827943707e-05
28683;咕嘟;1;0;1;22667;4.411699827943707e-05
28699;iamsamsuii洋羊（原神）白日梦尽头羽生信由初墨;1;1;2;22667;8.823399655887414e-05
28706;Howie;1;0;1;22667;4.411699827943707e-05
28709;Revo星野柒捌吃不胖的猪橙子岛的小花园;1;0;1;22667;4.411699827943707e-05
28715;郝健为海洋洛书蝶刘什么涛唐麒越可乐冒泡泡FJY;1;0;1;22667;4.411699827943707e-05
28724;TTT命运;1;0;1;22667;4.411699827943707e-05
28729;Empty;1;0;1;22667;4.411699827943707e-05
28731;天网内核初级形态;1;6;7;22667;0.00030881898795605945
28733;国外一开源，国内就自研;54;547;601;22667;0.026514315965941677
28788;0;6;122;128;22667;0.005646975779767945
28795;0;16;136;152;22667;0.006705783738474434
28812;文心一言连夜修改PPT去啦;3;143;146;22667;0.0064410817487978115
28816;大哥你好歹也是个知识科普类博主，你觉得百毒做的出来这么，还期待文心一言;5;9;14;22667;0.0006176379759121189
28822;问题来了，大部分人还有什么用？;2;0;2;22667;8.823399655887414e-05
28828;断言，文心一言应该连智障都算不上;3;0;3;22667;0.0001323509948383112
28832;狮这他妈的迭代太快了;1;0;1;22667;4.411699827943707e-05
28851;支持差评君。视频出的这么快啊差评君我永远支持你;1;0;1;22667;4.411699827943707e-05
28949;前脚gtp刚刚开源，然后我们就实现弯道超车的捏，还是老套路，说什么提前布局;1;0;1;22667;4.411699827943707e-05
28951;openai现在是4的模型么能用了么？;1;0;1;22667;4.411699827943707e-05
28953;是阿小啦好厉害;2;0;2;22667;8.823399655887414e-05
28962;归海你用过吗;5;0;5;22667;0.00022058499139718533
28989;好用;4;0;4;22667;0.00017646799311774828
29009;小张要温柔;1;0;1;22667;4.411699827943707e-05
29018;直接把前段UI，前段码农，前段产品经理直接干退。。。;1;0;1;22667;4.411699827943707e-05
29039;A18;2;0;2;22667;8.823399655887414e-05
29046;手里还剩最后几个账号，现在好像注册不了，可贵了;2;0;2;22667;8.823399655887414e-05
29056;能不能计算下一期福利彩票;1;0;1;22667;4.411699827943707e-05
29059;请问国内怎么用？;1;0;1;22667;4.411699827943707e-05
29062;DiCapriong;1;0;1;22667;4.411699827943707e-05
29075;没实际大用，玩玩就行了;1;0;1;22667;4.411699827943707e-05
29082;我不信它能看懂这个;2;0;2;22667;8.823399655887414e-05
29085;手里还剩最后几个账号，现在好像注册不了，可贵了;1;0;1;22667;4.411699827943707e-05
29091;棉花小熊;1;0;1;22667;4.411699827943707e-05
29095;这群程序员在制造出让大家失业的程序;1;0;1;22667;4.411699827943707e-05
29099;今天居然一口气发了三个视频;1;0;1;22667;4.411699827943707e-05
29105;需要魔法吗;5;1;6;22667;0.0002647019896766224
29111;要科学上网吗;4;3;7;22667;0.00030881898795605945
29116;有2次免费机会，用完收费;2;0;2;22667;8.823399655887414e-05
29119;有没有不需要用魔法，没有使用次数限制的？;4;1;5;22667;0.00022058499139718533
29124;我才发现是你啊，软哥啊;3;1;4;22667;0.00017646799311774828
29128;不可以用了;5;0;5;22667;0.00022058499139718533
29134;没有魔法怎么办;4;0;4;22667;0.00017646799311774828
29139;怎么弄啊;2;1;3;22667;0.0001323509948383112
29142;哇太实用了博主;1;2;3;22667;0.0001323509948383112
29144;怎么老掉线呢;3;0;3;22667;0.0001323509948383112
29148;我刚听到你的声音以为是沈腾，真像;1;2;3;22667;0.0001323509948383112
29150;问了他的版本，可惜只是gpt3，连35都不是;3;0;3;22667;0.0001323509948383112
29154;怎么打不开;2;0;2;22667;8.823399655887414e-05
29157;效果如何;1;0;1;22667;4.411699827943707e-05
29160;能用就行，正版的还有封号风险;1;0;1;22667;4.411699827943707e-05
29162;什么浏览器;1;0;1;22667;4.411699827943707e-05
29164;用马来ip影响用GTP不;1;0;1;22667;4.411699827943707e-05
29167;家人们收藏了;1;1;2;22667;8.823399655887414e-05
29169;我也有;5;1;6;22667;0.0002647019896766224
29175;一看网址就是假的;2;1;3;22667;0.0001323509948383112
29178;用哪个浏览器啊;1;1;2;22667;8.823399655887414e-05
29180;在哪发现的这个？;1;1;2;22667;8.823399655887414e-05
29183;评论扣一波“AI中文版”，然后进粉丝群自便，铁子们，不谢;6;3;9;22667;0.0003970529845149336
29190;为啥非要用国外的我们自己的文心一言技术也可以啊;2;41;43;22667;0.0018970309260157938
29193;一些问题是需要调用手机通讯录，号码，身份信息的，有没有一种可能，我们的问题是ai产生感情波动基础;4;10;14;22667;0.0006176379759121189
29199;用的gpt几呀;3;0;3;22667;0.0001323509948383112
29203;我的文心一言，免费不香吗？;1;0;1;22667;4.411699827943707e-05
29206;AI中文版;2;0;2;22667;8.823399655887414e-05
29209;怎么领;2;1;3;22667;0.0001323509948383112
29212;需要充钱吧;1;2;3;22667;0.0001323509948383112
29333;没有看到粉丝群呀;3;1;4;22667;0.00017646799311774828
29362;AI中文版;1;2;3;22667;0.0001323509948383112
29427;35的？;3;1;4;22667;0.00017646799311774828
29582;AI中文版;1;1;2;22667;8.823399655887414e-05
29696;在哪下载;1;1;2;22667;8.823399655887414e-05
29710;真正GPT国人根本用不了，除了特殊途径;1;0;1;22667;4.411699827943707e-05
29784;他可以变成间谍软件么;1;0;1;22667;4.411699827943707e-05
29875;A1中文版;1;0;1;22667;4.411699827943707e-05
29946;Al中文版;2;0;2;22667;8.823399655887414e-05
29980;在哪下载;1;0;1;22667;4.411699827943707e-05
30017;是不是收费的还是每天zhi免费几次啊;2;0;2;22667;8.823399655887414e-05
30034;是40？;1;0;1;22667;4.411699827943707e-05
30061;群在哪？;1;0;1;22667;4.411699827943707e-05
30107;没办法加群;1;0;1;22667;4.411699827943707e-05
30111;肯定贵，我宁愿用有魔法的;3;0;3;22667;0.0001323509948383112
30137;Al中文版;1;0;1;22667;4.411699827943707e-05
30160;在哪里;1;0;1;22667;4.411699827943707e-05
30162;粉丝群在哪;1;0;1;22667;4.411699827943707e-05
30182;怎么进群;3;0;3;22667;0.0001323509948383112
30212;又是山寨版的;1;0;1;22667;4.411699827943707e-05
30228;你们想多了。这个好像中国和俄罗斯都是禁用的吧。;1;0;1;22667;4.411699827943707e-05
30296;AI中文版;2;0;2;22667;8.823399655887414e-05
30319;各位朋友，咱们不一定都围着股票，基金来沟通哈，任何话题咱们都可以聊的;4;3;7;22667;0.00030881898795605945
30324;直接让GPT写个量化交易策略呢;7;1;8;22667;0.00035293598623549656
30332;你用的是充了20金的吗;7;0;7;22667;0.00030881898795605945
30340;如果这玩意儿能够在资本市场挣到钱，那股市牛人，肯定都是学概率学的人;1;0;1;22667;4.411699827943707e-05
30342;都7天了，赚了多少了？;7;0;7;22667;0.00030881898795605945
30350;100万太少了;5;0;5;22667;0.00022058499139718533
30357;魔法怎么获得？;4;0;4;22667;0.00017646799311774828
30362;gpt来啦;2;1;3;22667;0.0001323509948383112
30365;你好，查下寒锐钴业，跌了两年了，有没有机会？;3;1;4;22667;0.00017646799311774828
30369;可以出一期怎么下载安装注册的视频吗？急需;2;1;3;22667;0.0001323509948383112
30372;很不错;3;0;3;22667;0.0001323509948383112
30376;这个软件只到2021年？;3;0;3;22667;0.0001323509948383112
30380;感觉最后是短视频带动了100万;1;1;2;22667;8.823399655887414e-05
30382;60011010块成本握着块1年了现在7块多，帮忙测一下还有没有坚持的必要;3;0;3;22667;0.0001323509948383112
30386;彩票怎么操作？;3;0;3;22667;0.0001323509948383112
30390;GPT也并没有正面回答股票的趋势。所以说资金市场是禁止ai介入的。;1;2;3;22667;0.0001323509948383112
30392;这到底是什么？就像和一个什么都懂的人沟通吗。;2;0;2;22667;8.823399655887414e-05
30395;现在还能申诉账号吗？;2;0;2;22667;8.823399655887414e-05
30398;chatgpt在哪下载啊;2;1;3;22667;0.0001323509948383112
30401;你这个是35吗？;1;0;1;22667;4.411699827943707e-05
30405;哪里下载chatgpt;1;0;1;22667;4.411699827943707e-05
30413;chatgpt怎么玩;3;2;5;22667;0.00022058499139718533
30419;大佬帮看看000529广弘控股年底有没可能启动;3;0;3;22667;0.0001323509948383112
30423;排行有的事;1;0;1;22667;4.411699827943707e-05
30425;宁德时代;2;0;2;22667;8.823399655887414e-05
30428;作为一个AI语言模型，我无法获取实时的市场交易数据;1;2;3;22667;0.0001323509948383112
30430;我现在只有一千块钱，怎么样能让我跟着你找到50w;1;0;1;22667;4.411699827943707e-05
30432;能算命吗;2;0;2;22667;8.823399655887414e-05
30435;从哪里看这个;1;0;1;22667;4.411699827943707e-05
30437;董秘又要下岗了;1;0;1;22667;4.411699827943707e-05
30439;继续预测第44期双色球;2;0;2;22667;8.823399655887414e-05
30442;让chatGPT确定一下它什么时候完蛋;1;0;1;22667;4.411699827943707e-05
30444;大佬，你用的gpt4吗？;2;0;2;22667;8.823399655887414e-05
30448;你怎么知道真假，;1;0;1;22667;4.411699827943707e-05
30450;下期福利彩号码预测一下;1;0;1;22667;4.411699827943707e-05
30453;这个版本是免费的吗？;1;0;1;22667;4.411699827943707e-05
30455;可以写PPT吗？;2;0;2;22667;8.823399655887414e-05
30458;我的地址被封了怎么办;2;0;2;22667;8.823399655887414e-05
30461;看看深天马a。我就不信了;2;0;2;22667;8.823399655887414e-05
30464;明白了满仓南极;1;0;1;22667;4.411699827943707e-05
30466;不是数据只到21年11月吗？;1;0;1;22667;4.411699827943707e-05
30468;你这也太假了吧;1;0;1;22667;4.411699827943707e-05
30470;你对ST股票有一种天然的歧视;1;0;1;22667;4.411699827943707e-05
30472;本金多少赚够100万呢？;1;0;1;22667;4.411699827943707e-05
30474;我付费搞一个开题报告出来;1;0;1;22667;4.411699827943707e-05
30477;能帮我看看卫宁健康吗;1;0;1;22667;4.411699827943707e-05
30479;今天开什么;1;0;1;22667;4.411699827943707e-05
30481;能不能搞一个课题;1;0;1;22667;4.411699827943707e-05
30483;啥事魔法，chatGPT能不能下载到手机;1;0;1;22667;4.411699827943707e-05
30485;要收钱，而且对网速有要求;1;0;1;22667;4.411699827943707e-05
30488;如果告诉它股票的实时数据让它分析呢;2;0;2;22667;8.823399655887414e-05
30491;0;1;0;1;22667;4.411699827943707e-05
30493;为什么没有用chatgpt买足球的？？因为都是骗流量的5年前大数据就有很高的中奖率了，现在ai出来了，反而没人用;8;0;8;22667;0.00035293598623549656
30502;看看北方稀土的北上成本;2;0;2;22667;8.823399655887414e-05
30505;看看股市啥时崩盘;1;0;1;22667;4.411699827943707e-05
30508;就是一个普通的工作空间的应用嘛。。。没看到任何和ai相关的功能。。。;5;5;10;22667;0.00044116998279437067
30516;这个价格跟notion没得打;2;0;2;22667;8.823399655887414e-05
30519;api是几？;1;0;1;22667;4.411699827943707e-05
30521;这app叫什么;1;1;2;22667;8.823399655887414e-05
30524;怎么生成中文啊;1;0;1;22667;4.411699827943707e-05
30543;裔飞冲天我靠;1;0;1;22667;4.411699827943707e-05
30547;这次GPT5的完测和插件库生态和开放api，可以说是AI工业革命的开始，据说各行业都会受到威胁提示工程能力看来越来越必备了，在学了，学了就能用400多个各行业AI工具了;1;2;3;22667;0.0001323509948383112
30553;浪费了已经有太多同类产品了尴尬;5;296;301;22667;0.013279216482110558
30559;其实可以看得出，这个架构和数据真的是非常的巨大。;1;151;152;22667;0.006705783738474434
30561;以前总以为AI产品很遥远，其实技术更迭真的比想象更快;1;1;2;22667;8.823399655887414e-05
30563;以前觉得AI产品很遥远，但技术更迭真的比想象中快;1;99;100;22667;0.0044116998279437065
30565;每天醒来都会看新闻，然后发现某某行业又被AI颠覆了;6;36;42;22667;0.0018529139277363568
30574;游戏比赛级别很高值得期待;3;37;40;22667;0.0017646799311774827
30578;互联网圈内的和圈外的都一脸懵逼破涕为笑;1;39;40;22667;0.0017646799311774827
30581;是一款运用APP软件吗？;2;9;11;22667;0.0004852869810738077
30584;谁能研究个电脑系统，把微软打倒;3;4;7;22667;0.00030881898795605945
30588;其实国家也要及时调整政策，从人养人转变为机器养人，真正达到以人为本;1;10;11;22667;0.0004852869810738077
30591;未来发展的产品越来越数字化了;1;7;8;22667;0.00035293598623549656
30593;科技的魅力是无穷无尽的;1;7;8;22667;0.00035293598623549656
30596;我弟复旦读研学人工智能当时还觉得这个专业冷门他们导师就是搞研发中国版gptmoss的前几个月我弟还拿了奖;2;6;8;22667;0.00035293598623549656
30610;人工智能的时代已经到来我们这些老帮菜已经跟不上节奏了;1;3;4;22667;0.00017646799311774828
30648;我们老年人不懂;1;3;4;22667;0.00017646799311774828
30655;其实这样的AI也可以提升深度学习模型性能的重要手段;1;3;4;22667;0.00017646799311774828
30664;是不是只有我不懂这些;1;2;3;22667;0.0001323509948383112
30673;多啦A美我推一个股票给你;2;3;5;22667;0.00022058499139718533
30727;浪费了已经有太多同类产品了尴尬;1;2;3;22667;0.0001323509948383112
30734;AI会不会在出现一个我;2;1;3;22667;0.0001323509948383112
30760;研究一个人工智能软件对于大厂来说不是问题;1;4;5;22667;0.00022058499139718533
30776;只有服务与民，用之于民，才有前途;1;2;3;22667;0.0001323509948383112
30780;人才到哪都要;2;1;3;22667;0.0001323509948383112
30789;我们公众只能观听;1;1;2;22667;8.823399655887414e-05
30799;科技时代来临。;1;0;1;22667;4.411699827943707e-05
30814;科技发展才是硬道理;1;1;2;22667;8.823399655887414e-05
30816;看不懂，能影响我们普通人吗？;1;1;2;22667;8.823399655887414e-05
30820;新技术谁走在前;1;2;3;22667;0.0001323509948383112
30833;科技创新，中国已经崛起了，为我国科技人员点赞;1;0;1;22667;4.411699827943707e-05
30844;而且国内这些ai压根和Chatgpt没有可比性就不是崇洋媚外哦;1;2;3;22667;0.0001323509948383112
30847;为啥人家Chatgpt发布后他们才开始卷的呢？;2;1;3;22667;0.0001323509948383112
30858;我还以为那里的火山喷发形成火山云了呢;2;2;4;22667;0.00017646799311774828
30983;研究一个人工智能软件对于大厂来说不是问题;2;87;89;22667;0.003926412846869899
30987;去年元宇宙，今年AI，明年是啥？;4;8;12;22667;0.0005294039793532448
30992;我不关注火山引擎，我只想知道，前段时间的鸿蒙系统怎么没消息了;1;14;15;22667;0.0006617549741915561
30995;其实现在国内的一些云计算的大厂都可以联合起来;1;6;7;22667;0.00030881898795605945
30997;终于找到chatgpt的手机版教程了;1;2;3;22667;0.0001323509948383112
30999;终于找到chatgpt的手机版教程了;1;2;3;22667;0.0001323509948383112
31001;终于找到chatgpt的手机版教程了;1;2;3;22667;0.0001323509948383112
31004;现在大家人工智能的热情都被点燃了;1;2;3;22667;0.0001323509948383112
31023;蜘蛛猪橘子汽水长沙臭豆付好;1;0;1;22667;4.411699827943707e-05
31064;能出ChatPPT;2;20;22;22667;0.0009705739621476155
31067;这期不太客观;1;15;16;22667;0.0007058719724709931
31070;发言的有一个是搞技术开发的吗;1;6;7;22667;0.00030881898795605945
31073;第一个朋友就不要出来搞笑了，你哪来自信呵呵人家;6;1;7;22667;0.00030881898795605945
31097;我们强的是基建，做应用设计是世界水准，科研还是看欧美吧;1;2;3;22667;0.0001323509948383112
31102;假如马斯克生在中国会是什么样？;1;0;1;22667;4.411699827943707e-05
31104;大米粒不拍电影可惜了;1;0;1;22667;4.411699827943707e-05
31129;怎么找;15;2;17;22667;0.0007499889707504302
31145;都没有途径啊;2;1;3;22667;0.0001323509948383112
31148;百度的我有测试资格，我用了，不太行的样子;1;0;1;22667;4.411699827943707e-05
31150;我现在用的就很不错;1;0;1;22667;4.411699827943707e-05
31157;baichat已经挂了啊;4;2;6;22667;0.0002647019896766224
31162;收费的全是镰刀;7;0;7;22667;0.00030881898795605945
31170;我有好用的魔法;5;0;5;22667;0.00022058499139718533
31176;我用的是抖音的小程序，叫ai问答猫;3;1;4;22667;0.00017646799311774828
31180;重要的是要不要梯子;2;0;2;22667;8.823399655887414e-05
31185;非官方的，连今天是什么日子都不知道;1;0;1;22667;4.411699827943707e-05
31187;一言难言;1;0;1;22667;4.411699827943707e-05
31190;这个接入的是gpt3;9;15;24;22667;0.0010588079587064896
31200;搜不到了，关闭了;3;1;4;22667;0.00017646799311774828
31204;我的进edge就打开360的搜索面板，这是为啥;6;0;6;22667;0.0002647019896766224
31219;你用的什么软件去桌面快捷标志;1;0;1;22667;4.411699827943707e-05
31222;为什么用这个edge浏览器打开哔哩哔哩或者看其他视频网站，电脑都能沙沙响，到底是edge太耗能还是我电脑太低级;1;0;1;22667;4.411699827943707e-05
31243;明明是wetab插件的功能，为什么非要指定浏览器;3;0;3;22667;0.0001323509948383112
31251;微软直接用新必应不香吗？;1;1;2;22667;8.823399655887414e-05
31268;我在国内的二本学校，已经用gpt把论文写好了，现在很慌。别被逮了;122;919;1041;22667;0.045925795208893984
31391;除非你是完全复制，不然对修改原文字，特别是对于中文再复制英文的，这种检查完全没用;39;569;608;22667;0.026823134953897737
31432;扯淡的，教授在和你们玩德州。现在没有任何方法可以准确确定一段文字是chatgpt写的。除非你用35，而且你改都不改，那样的话教授可能会觉得你用了gpt。除此之外他就算再怀疑你，也不可能有任何实质性的证据。;39;139;178;22667;0.007852825693739797
31472;学校怎么知道是不是chatgpt写的？;46;88;134;22667;0.005911677769444567
31519;今天我还教我导师用来着;8;28;36;22667;0.0015882119380597345
31528;我都是问ChatGPT看一遍他的看法，然后我依据他的看法自己写一篇;8;94;102;22667;0.004499933824502581
31537;另一半没被发现是吧;2;119;121;22667;0.005338156791811885
31540;可是，ChatGPT出水课论文，真的很快很好用;5;8;13;22667;0.0005735209776326818
31546;已经有人工智能了，为什么不用？还要去自己想。时代进步不应该是在创造的基本上在实现创造吗？;10;8;18;22667;0.0007941059690298672
31557;毕业论文用gpt写会不会被抓;11;12;23;22667;0.0010146909604270525
31569;我都翻译成中文改一下再翻译英文;2;19;21;22667;0.0009264569638681784
31572;怎么用这个;9;0;9;22667;0.0003970529845149336
31582;滚呐，我一个本科生能写什么论文啊？;2;13;15;22667;0.0006617549741915561
31585;简单一比翻译成中文然后翻译回去就完事了;1;15;16;22667;0.0007058719724709931
31587;谷歌翻译英转中中转德德转法法转中最后再让山东人念一遍;2;6;8;22667;0.00035293598623549656
31601;教教我教教我教教我;3;0;3;22667;0.0001323509948383112
31607;吟月奉诗独倚白夜YuriABCD以后用得到;2;2;4;22667;0.00017646799311774828
31610;YCJ003;1;1;2;22667;8.823399655887414e-05
31613;写平常选修课的论文应该没问题吧;2;0;2;22667;8.823399655887414e-05
31616;chatgtp好像查重率挺高的基本很多老师都知道之前我们老师用chatgtp写过一篇然后他说根本用不了感觉就像网上抄的一点都不深入不创新需要自己大改动;4;5;9;22667;0.0003970529845149336
31621;想问一下你们用gpt的时候是一段一段的问吗还是给它说个字数;1;0;1;22667;4.411699827943707e-05
31626;来教教咱，只想做点PPT和文章，自己的公司用;1;0;1;22667;4.411699827943707e-05
31628;评论区说的，我一个也看不懂;2;0;2;22667;8.823399655887414e-05
31632;搁网上找的中文用chat翻译成英文会被查吗;2;0;2;22667;8.823399655887414e-05
31636;别管我了然使劲改;1;0;1;22667;4.411699827943707e-05
31640;有人用了吗萱喂鸽子的亚历山大谢尔盖耶维奇先生;2;0;2;22667;8.823399655887414e-05
31645;不用教我已经这么做了;1;0;1;22667;4.411699827943707e-05
31662;来自可爱迷人的笑笑是谁我不说;1;0;1;22667;4.411699827943707e-05
31665;让gpt写一篇不像gpt写的文章;1;6;7;22667;0.00030881898795605945
31667;能不能自己写然后让chapgpt改，查得出来吗;1;1;2;22667;8.823399655887414e-05
31669;能查出是不是chatgpt写的只有chatgpt自己;5;121;126;22667;0.00555874178320907
31675;开卷和项目作业宣告终结，全面开启闭卷考试;1;3;4;22667;0.00017646799311774828
31677;之前怎么没有这种好东西;1;2;3;22667;0.0001323509948383112
31679;来回翻译几次;2;12;14;22667;0.0006176379759121189
31682;哈哈哈过分实用了;1;0;1;22667;4.411699827943707e-05
31684;流星湮火梦可乐;1;0;1;22667;4.411699827943707e-05
31686;sir鸭梨山大;1;0;1;22667;4.411699827943707e-05
31692;hhhhhhhh1fei;1;0;1;22667;4.411699827943707e-05
31695;Beam;1;0;1;22667;4.411699827943707e-05
31699;CarmenMa;1;0;1;22667;4.411699827943707e-05
31704;hello;1;0;1;22667;4.411699827943707e-05
31709;宋芽芽;1;0;1;22667;4.411699827943707e-05
31711;Chelle小壳;1;0;1;22667;4.411699827943707e-05
31714;每次提问回答都不一样，怎么被抓。;2;1;3;22667;0.0001323509948383112
31735;用微软的VM虚拟系统，登陆时选择地区为英国，然后不需要魔法直接在虚拟机里直接可使用gpt;1;3;4;22667;0.00017646799311774828
31737;要么收费，要么限制次数;1;5;6;22667;0.0002647019896766224
31739;我的flowgpt为什么今天发消息不回我了，然后过一下就网业卡死了;1;0;1;22667;4.411699827943707e-05
31741;花钱不;2;0;2;22667;8.823399655887414e-05
31744;最后一个网址多少;1;0;1;22667;4.411699827943707e-05
31746;收费吗？;4;0;4;22667;0.00017646799311774828
31751;0;2;0;2;22667;8.823399655887414e-05
31754;限制10次;1;0;1;22667;4.411699827943707e-05
31761;哪里下载呢;7;0;7;22667;0.00030881898795605945
31769;可以分享下么;1;1;2;22667;8.823399655887414e-05
31771;八秒ai，可以帮你OEM一套出来，你自己制定销售方案，自己收钱，更重要的是让AI学习你们企业的信息，能够成为你们企业的智能客服。;1;1;2;22667;8.823399655887414e-05
31773;网络环境指梯子吗;1;0;1;22667;4.411699827943707e-05
31775;网址呢？;1;0;1;22667;4.411699827943707e-05
31779;我敢肯定没有人给我点赞;1;1;2;22667;8.823399655887414e-05
31788;我充了48软件进不去了;22;17;39;22667;0.0017205629328980456
31811;有没有可以付费使用的啊？;12;7;19;22667;0.0008382229673093043
31824;是这个吗;9;2;11;22667;0.0004852869810738077
31834;我用web界面不会假的吧用梯子吧。;5;5;10;22667;0.00044116998279437067
31841;你不懂，别误导人;3;3;6;22667;0.0002647019896766224
31845;对不起，作为AI语言模型，我没有实时的日期和时间功能，无法回答您的问题。;1;7;8;22667;0.00035293598623549656
31847;0;1;5;6;22667;0.0002647019896766224
31849;大佬，这个怎么用啊，想用没有门路;4;0;4;22667;0.00017646799311774828
31854;很抱歉，作为一个机器人，我没有地球上的实时时间。请查看您设备上的日历或其他时间应用程序以获取当前日期。;4;2;6;22667;0.0002647019896766224
31860;我直接说，你知道我是谁吗？;1;0;1;22667;4.411699827943707e-05
31862;你这是打广告吧，不来不想去试的，听课你说的突然有兴趣了;1;0;1;22667;4.411699827943707e-05
31864;40plus成品99;1;0;1;22667;4.411699827943707e-05
31866;问周杰伦青花瓷歌词，能完整正确就是真的;1;0;1;22667;4.411699827943707e-05
31869;微软浏览器扩展里有个是真的;3;0;3;22667;0.0001323509948383112
31876;0;1;0;1;22667;4.411699827943707e-05
31880;没玩过你咋知道;1;0;1;22667;4.411699827943707e-05
31895;叫我冯先生。;1;0;1;22667;4.411699827943707e-05
31897;全世界都开放了是我们没让他进;3;5;8;22667;0.00035293598623549656
31901;我用的是印度手机号注册的;6;0;6;22667;0.0002647019896766224
31909;我用的是GPT4然后问的是35都没什么问题就是第二个问题他说他是35;1;1;2;22667;8.823399655887414e-05
31911;怎么注册ChatGPT;2;0;2;22667;8.823399655887414e-05
31914;ChatGPT香港中文版官网是真的吗？;2;0;2;22667;8.823399655887414e-05
31931;公司买的接口已经接入oa使用了压根不用注册直接用;13;24;37;22667;0.0016323289363391715
31945;不会吧，我今天还用来写代码来着;5;17;22;22667;0.0009705739621476155
31952;没敢登录，昨天还玩的好好的，今天看抖音不敢了。;7;4;11;22667;0.0004852869810738077
31960;不是黑卡充的不用慌，然后35好多是免费到期了的;13;2;15;22667;0.0006617549741915561
31974;不一样可以登陆吗？好的很;1;2;3;22667;0.0001323509948383112
31976;还好我用的是自己的谷歌账号自己的外国手机号还有自己服务器搭的梯子;2;12;14;22667;0.0006176379759121189
31979;自己实体卡注册的，有没有事;5;1;6;22667;0.0002647019896766224
31985;不慌;3;2;5;22667;0.00022058499139718533
31989;等华为的吧，现在也就这样;8;2;10;22667;0.00044116998279437067
31998;刚刚申请了一个现在两个号了;4;1;5;22667;0.00022058499139718533
32003;我是尊贵的Plus会员和4无限制公测会员，申请的时候以企业主体申请的一点事没有;3;1;4;22667;0.00017646799311774828
32007;正常机场都不会封号，多半是因为账号共享或者代充之类的;1;5;6;22667;0.0002647019896766224
32009;为什么还能注册啊;2;1;3;22667;0.0001323509948383112
32013;我的也是不能用了，怎么操作;3;0;3;22667;0.0001323509948383112
32017;注册这个要手机号，来个接码，国内号码用不了;3;0;3;22667;0.0001323509948383112
32037;疯狂的大河马大儿别用亚洲节点;1;0;1;22667;4.411699827943707e-05
32046;今天刚帮2个室友注册;2;0;2;22667;8.823399655887414e-05
32058;用api还好吗，有点怕;1;1;2;22667;8.823399655887414e-05
32060;为啥又被卡脖子？？？？;3;0;3;22667;0.0001323509948383112
32066;不是一直不能用亚洲节点吗;1;2;3;22667;0.0001323509948383112
32068;我都用米国的节点;1;0;1;22667;4.411699827943707e-05
32072;我两块钱的也封了;1;2;3;22667;0.0001323509948383112
32075;你好。。明天。。咋回事;1;1;2;22667;8.823399655887414e-05
32083;拙枝1260;1;0;1;22667;4.411699827943707e-05
32085;W12;1;1;2;22667;8.823399655887414e-05
32089;刚注册了一个;7;0;7;22667;0.00030881898795605945
32097;根本就是谣言，现在都支持中国手机号码注册了;10;0;10;22667;0.00044116998279437067
32108;卖号的慌了，亲自注册的乐了;6;0;6;22667;0.0002647019896766224
32115;看看文心一言这几天会不会停止服务;1;1;2;22667;8.823399655887414e-05
32117;封号？10秒就能注册10个号;2;0;2;22667;8.823399655887414e-05
32139;大家有什么要问ChatGPT？;57;83;140;22667;0.00617637975912119
32197;中国男足什么时候夺取世界杯;18;117;135;22667;0.005955794767724004
32216;注册完之后才告知不支持所在区域;15;51;66;22667;0.0029117218864428466
32232;英文版怎么弄成中文版;2;0;2;22667;8.823399655887414e-05
32235;昨天刚体验，靠着他我把公司的数据库全部重写了一遍，领导都说我比经理牛今天我就开始摸鱼没人管我;10;56;66;22667;0.0029117218864428466
32246;chatgpt的普及意味着很多人的脑子要退化了，大家有问题不思考了，都依赖chatgpt了;6;50;56;22667;0.0024705519036484756
32253;怎么使用，在哪里能找到;2;1;3;22667;0.0001323509948383112
32256;是收费的28一个月;27;7;34;22667;0.0014999779415008603
32284;平哥的号真的做得很好，为什么这么少粉丝;6;31;37;22667;0.0016323289363391715
32291;是他们不让用还是我们不让用？;7;25;32;22667;0.0014117439449419862
32299;我用他写完论文，知网查重7;5;10;15;22667;0.0006617549741915561
32305;如何下载;5;6;11;22667;0.0004852869810738077
32311;问一下GPT什么行业是人工智能无法取代的。;12;3;15;22667;0.0006617549741915561
32324;是咱们不让用;1;16;17;22667;0.0007499889707504302
32326;对客服业是致命打击;1;35;36;22667;0.0015882119380597345
32328;访问条件中的国外手机卡用电脑的能跳过吗，我想试试;7;0;7;22667;0.00030881898795605945
32336;可以写代码，能帮我写大学物理的题吗;4;2;6;22667;0.0002647019896766224
32343;一个是帮你使用手机还有一个是专门可以比吗;1;0;1;22667;4.411699827943707e-05
32359;g关键是它也是人做出来的，不可能超过人的大脑吧;3;1;4;22667;0.00017646799311774828
32366;问问能不能找到网站或程序里面的漏洞？并进行补漏。;1;0;1;22667;4.411699827943707e-05
32377;不会辅导作业可以问它吗;1;0;1;22667;4.411699827943707e-05
32379;为啥我的是AIchat;1;0;1;22667;4.411699827943707e-05
32383;哎嘿已经快要挑战四级程序员了;1;0;1;22667;4.411699827943707e-05
32390;现在马云已经回国了，已经研究过，我相信在不久的将来，我们国家也会拥有这么强大的智能科技，并且一定会超过别的国家;1;1;2;22667;8.823399655887414e-05
32397;默祈这个;1;0;1;22667;4.411699827943707e-05
32401;我想问，两个人同时两个ip问，询问内容一样，请问答案是一样的吗？;2;4;6;22667;0.0002647019896766224
32406;黎景看;1;0;1;22667;4.411699827943707e-05
32413;谁不让我们用;1;0;1;22667;4.411699827943707e-05
32417;期待文心一言;1;1;2;22667;8.823399655887414e-05
32426;两个家长都找发言稿会重复吗？;3;0;3;22667;0.0001323509948383112
32437;这不就是加强版的siri么;1;0;1;22667;4.411699827943707e-05
32442;可以根据图纸编程吗;1;2;3;22667;0.0001323509948383112
32444;如何让软件写一篇银行用的有数据分析的，对拟贷款企业的贷款前调查报告;1;4;5;22667;0.00022058499139718533
32446;不是不开放，是我们不敢接纳吧;1;12;13;22667;0.0005735209776326818
32453;怎么用;2;0;2;22667;8.823399655887414e-05
32457;借款10万元的起诉状怎么写;1;3;4;22667;0.00017646799311774828
32459;我是我37很多人要失业了，可惜咱这用不了，爬梯子我有，国外手机号就没戏了;1;0;1;22667;4.411699827943707e-05
32469;中国有类似的软件吗;1;1;2;22667;8.823399655887414e-05
32475;能给我画三维模型吗;1;0;1;22667;4.411699827943707e-05
32479;能编程了吗？;1;0;1;22667;4.411699827943707e-05
32486;有app吗;1;1;2;22667;8.823399655887414e-05
32488;很想试试;1;0;1;22667;4.411699827943707e-05
32497;可以自动转换中文吗？;1;2;3;22667;0.0001323509948383112
32499;下期双色球的中奖号码;1;0;1;22667;4.411699827943707e-05
32509;这么行？来帮我写一个生物化学研究生的论文;3;3;6;22667;0.0002647019896766224
32514;是不是我玩什么游戏可以让他写个外挂了;1;0;1;22667;4.411699827943707e-05
32523;问问你的号什么时候能火;2;0;2;22667;8.823399655887414e-05
32527;今年股市趋势;1;0;1;22667;4.411699827943707e-05
32530;1可以算命吗？2解开三体问题，拯救三体人3协助中国国足拿到世界杯4怎样才能让迪丽热巴忘了我暂时就这几个;2;2;4;22667;0.00017646799311774828
32537;能代替百度;1;0;1;22667;4.411699827943707e-05
32544;MOSS无处不在就比如说今天我就被他罚了200圆子;1;0;1;22667;4.411699827943707e-05
32547;企业梯子怎么获得？;1;0;1;22667;4.411699827943707e-05
32551;小度：问题不大，过几天我就收购它，引进国内;1;0;1;22667;4.411699827943707e-05
32557;能写PPT吗;1;0;1;22667;4.411699827943707e-05
32560;我怎么用不了。有没有大哥教一下;3;2;5;22667;0.00022058499139718533
32571;卧槽。。能写代码就很牛皮;1;3;4;22667;0.00017646799311774828
32580;fu联网;1;0;1;22667;4.411699827943707e-05
32582;你这个的入口发出来;1;0;1;22667;4.411699827943707e-05
32584;这么好的视频，这么好的博主不起来，我们大家都有责任;1;0;1;22667;4.411699827943707e-05
32587;如果国内开放了是不是要收费了呢;1;0;1;22667;4.411699827943707e-05
32589;你的意思siri为啥是男人的声音;1;0;1;22667;4.411699827943707e-05
32591;让他把马赛克去除;1;1;2;22667;8.823399655887414e-05
32593;帮我问一下中国怎么突破，七纳米euv虽然说现在的七纳米只是把晶格格栅，减薄到了七毫米，但是国产14纳米的稳定性摆在那了，没办法;1;1;2;22667;8.823399655887414e-05
32595;看了好多视频，你讲的是最好的;1;1;2;22667;8.823399655887414e-05
32598;能不能帮我写法治理论;1;0;1;22667;4.411699827943707e-05
32602;把它的程序写入550W;1;11;12;22667;0.0005294039793532448
32604;请问是中国制造吗;1;0;1;22667;4.411699827943707e-05
32607;我有个问题，如果chatGPT过于强大，他带来的便捷，会不会让我们工程师慢慢的被取代或者是使我们变得更懒，产生很大的依赖性。;4;0;4;22667;0.00017646799311774828
32612;这视频内容这点流量不对吧;2;1;3;22667;0.0001323509948383112
32616;收费吗？;1;1;2;22667;8.823399655887414e-05
32619;这么有趣的视频播放量怎么这么少;1;0;1;22667;4.411699827943707e-05
32621;加上脑机接口后，人类自己就是百科全书了;1;0;1;22667;4.411699827943707e-05
32625;问一下如何穿越时空？人类怎么制造时光机器？黑洞里面是什么？宇宙的边界在哪？人类死亡后有灵魂吗？外星人是不是早已经监视地球，因为看到过不明飞行物飞行很快，和它旁边普通的客机有区别，飞行快，且没有飞机的航行灯。;2;6;8;22667;0.00035293598623549656
32628;别烦我了稚失业了泄气包;1;1;2;22667;8.823399655887414e-05
32630;虽然视频时间长，但是我看完了;1;0;1;22667;4.411699827943707e-05
32632;不是不给用吧，是被谁挡了吧;1;0;1;22667;4.411699827943707e-05
32634;怎么用软件;1;2;3;22667;0.0001323509948383112
32639;大家好，我是moss;3;11;14;22667;0.0006176379759121189
32643;这个号现在流量这么少了么。;3;0;3;22667;0.0001323509948383112
32672;温柔;1;0;1;22667;4.411699827943707e-05
32680;高启坤;1;0;1;22667;4.411699827943707e-05
32690;粥好甜（努力打工版）;1;0;1;22667;4.411699827943707e-05
32712;外面风大;1;0;1;22667;4.411699827943707e-05
32721;一从围脖Tiger;2;0;2;22667;8.823399655887414e-05
32729;有了这个，再制造出智能战争机器人，是不是就意味着未来战士离我们不远了？;1;0;1;22667;4.411699827943707e-05
32731;辣炒年糕yyds;1;0;1;22667;4.411699827943707e-05
32737;Rockstar亦如黑夜亦如风这个阿鸡不太冷霁月难逢无幻AGui别动我的起司蛋糕穿膛風;1;0;1;22667;4.411699827943707e-05
32739;QQ邮箱也是可以注册的;11;1;12;22667;0.0005294039793532448
32751;问：天网什么时候完成，什么时候开始消灭人类;9;6;15;22667;0.0006617549741915561
32761;南安明ASL艾斯我擦;5;0;5;22667;0.00022058499139718533
32767;怎么下载？;2;2;4;22667;0.00017646799311774828
32770;拿这个道具出来，懂得在偷笑。不懂的一脸懵逼;4;0;4;22667;0.00017646799311774828
32775;怎么使用;1;5;6;22667;0.0002647019896766224
32777;大佬，在中国可以使用chatgtp吗？能教一下怎么下载吗？;2;2;4;22667;0.00017646799311774828
32780;怎么使用可以问问嘛;1;5;6;22667;0.0002647019896766224
32782;它怎么看待俄乌局势;1;0;1;22667;4.411699827943707e-05
32784;从哪里下载gpt;1;0;1;22667;4.411699827943707e-05
32786;我要梯子;1;0;1;22667;4.411699827943707e-05
32788;帮我问下chatgpt下一期福彩五百五的中奖号码;1;0;1;22667;4.411699827943707e-05
32790;我就想问chatgpt什么时候能取代chatgpt;1;0;1;22667;4.411699827943707e-05
32792;毕业论文也能写喽？撩妹攻略，如何搞定;1;0;1;22667;4.411699827943707e-05
32794;哪里可以下载;1;1;2;22667;8.823399655887414e-05
32796;谁有梯子啊;1;1;2;22667;8.823399655887414e-05
32798;怎么下载这个？;1;1;2;22667;8.823399655887414e-05
32800;在哪里下载中文版;1;3;4;22667;0.00017646799311774828
32802;我昨天向gpt提了个问题，他居然自爆了（没错，是自爆了，爆料了，它告诉我自己并不是openAI创造的，也不是openAi的创始人，而是一个无名团队）;1;1;2;22667;8.823399655887414e-05
32804;不支持国内，为何会出现中文;1;1;2;22667;8.823399655887414e-05
32806;ChatGPT不能坐牢，所以做不了会计;1;1;2;22667;8.823399655887414e-05
32893;ChatGPT都有了，moss是不是也不远了？;1;1;2;22667;8.823399655887414e-05
32905;已经不让用了，大家不用去操作了;15;13;28;22667;0.0012352759518242378
32921;给一个标题让写文章3次一模一样的;11;51;62;22667;0.0027352538933250983
32933;最后那一步我真的搜不出来。博主能私聊给个指点吗;1;0;1;22667;4.411699827943707e-05
32935;怎么显示国内版下线了;2;4;6;22667;0.0002647019896766224
32938;你介绍的操作十个得有九个整不明白。;3;9;12;22667;0.0005294039793532448
32942;已经不让用了;2;0;2;22667;8.823399655887414e-05
32945;不会下;2;1;3;22667;0.0001323509948383112
32948;不用加速器吗;6;0;6;22667;0.0002647019896766224
32955;按你的方法安装好了，使用对话框没有任何反应咋回事啊？;2;4;6;22667;0.0002647019896766224
32958;下好了，但有时候会出错;3;2;5;22667;0.00022058499139718533
32962;你们都知道作用吗？我还不知道这玩意儿有啥用？;3;2;5;22667;0.00022058499139718533
32966;魔法是啥;2;1;3;22667;0.0001323509948383112
32969;key在哪？;4;0;4;22667;0.00017646799311774828
32974;mac系统可以吗;3;0;3;22667;0.0001323509948383112
32978;现在不行了;1;3;4;22667;0.00017646799311774828
32980;谢谢已经用上了;1;3;4;22667;0.00017646799311774828
32983;要钱不？;2;0;2;22667;8.823399655887414e-05
32986;安装了，有试用字数限制;2;0;2;22667;8.823399655887414e-05
32989;0;1;0;1;22667;4.411699827943707e-05
32997;能教人怎么搞钱吗;1;0;1;22667;4.411699827943707e-05
33001;这个的作者已领不让用了，要收费了;1;1;2;22667;8.823399655887414e-05
33008;不让用的看我;2;0;2;22667;8.823399655887414e-05
33011;现在没得用了;1;0;1;22667;4.411699827943707e-05
33015;这款停用了;1;0;1;22667;4.411699827943707e-05
33017;进不去粉丝群;1;0;1;22667;4.411699827943707e-05
33019;我弄了，显示国内模式下线了;1;0;1;22667;4.411699827943707e-05
33022;用不了了;2;0;2;22667;8.823399655887414e-05
33028;李鬼;1;0;1;22667;4.411699827943707e-05
33030;想尝试一下;2;0;2;22667;8.823399655887414e-05
33033;这个是chatgpt弱智版;1;1;2;22667;8.823399655887414e-05
33039;这个编辑器在哪下载啊;1;0;1;22667;4.411699827943707e-05
33042;用不了，直接说遇到问题，报错中;1;0;1;22667;4.411699827943707e-05
33045;账号怎么回事？;1;0;1;22667;4.411699827943707e-05
33057;下载好了，很好用;1;0;1;22667;4.411699827943707e-05
33067;git库那么多开源的随便搭建个;1;0;1;22667;4.411699827943707e-05
33075;3版本的，比较死板，同样的问题每次回答都是一样的;1;1;2;22667;8.823399655887414e-05
33079;丢;1;0;1;22667;4.411699827943707e-05
33081;需要科学吗？;1;0;1;22667;4.411699827943707e-05
33084;经常出错;1;0;1;22667;4.411699827943707e-05
33094;vscode编辑器，chatgpt中文版插件;5;2;7;22667;0.00030881898795605945
33121;不要忽悠了api呢？没有apikey玩个鬼;3;0;3;22667;0.0001323509948383112
33125;4了，还35，被人家拒绝接入4吧。;1;2;3;22667;0.0001323509948383112
33128;问下这个是GPT几呀？;2;0;2;22667;8.823399655887414e-05
33131;吹牛逼;2;0;2;22667;8.823399655887414e-05
33139;中文版我只想说是个垃圾;1;0;1;22667;4.411699827943707e-05
33143;正版got在哪有啊;1;0;1;22667;4.411699827943707e-05
33185;小程序;125;9;134;22667;0.005911677769444567
33311;40还没来;5;8;13;22667;0.0005735209776326818
33317;在哪？;1;3;4;22667;0.00017646799311774828
33319;在哪里可以找到？;2;2;4;22667;0.00017646799311774828
33322;这东西你把他的链接论文看一下，好多都是假的;2;3;5;22667;0.00022058499139718533
33326;怎么领取;1;2;3;22667;0.0001323509948383112
33545;小程序;1;0;1;22667;4.411699827943707e-05
33605;小程序;1;0;1;22667;4.411699827943707e-05
33794;刚刚问chatgtp怎么才能让中国足球获得世界杯冠军，他居然沉默了;1;1;2;22667;8.823399655887414e-05
33819;链接无效，骗人;1;0;1;22667;4.411699827943707e-05
33821;你就是骗子一个。;1;0;1;22667;4.411699827943707e-05
33835;已经升级了最新40版本，新增ai绘画功能，效率满分;6;85;91;22667;0.004014646843428773
33842;稳定么花钱能理解就怕花钱了接口没了;6;112;118;22667;0.005205805796973574
33850;一直免费？;3;18;21;22667;0.0009264569638681784
33855;这个和外网的是一个吗;4;10;14;22667;0.0006176379759121189
33860;可这个和国外的是同一个梦;2;10;12;22667;0.0005294039793532448
33863;写论文查重能过吗;2;5;7;22667;0.00030881898795605945
33869;能PPT思维导图么;1;0;1;22667;4.411699827943707e-05
33873;苹果手机怎么搜不出来;1;1;2;22667;8.823399655887414e-05
33887;褚禄山拜托了;1;0;1;22667;4.411699827943707e-05
33894;1坦诚的表白方式：直截了当地告诉她你的心意，用真诚的语言表达出你对她的感情。2送礼物：一个精美的礼物，如鲜花、巧克力、手写卡片等，都能让女孩子感动和开心。3关注她：多了解她的兴趣爱好和喜欢的事物，经常给她发短信，展示你的关心和体贴。4细心到位：注意细节，如她的生日、纪念日等，为她准备一份特别的惊喜。5与她建立良好的交流：多聊天，让她更了解你，也让你更了解她。如何让女生心生情愫：1多注意细节：注意关注她的需要和要求，多留意她的喜好和爱好，从而加深对她的了解。2发现她的闪光点：赞美她优点的同时，要注意看到她平常不被人发现的美和闪光点。3多用温柔的语言：尽量使用温柔而诚实的语言来表达你的爱和思念，让她感受到你的温柔关怀。4常给她惊喜：为她制造意外，让她感到你的浪漫和细致。5展现你的才华：表演你的音乐、绘画或其他方面的天赋，让她更加了解你的内在魅力。;1;1;2;22667;8.823399655887414e-05
33898;qqqqa就这个;1;0;1;22667;4.411699827943707e-05
33900;知许输入帮我写一份毕业论文;1;1;2;22667;8.823399655887414e-05
33905;安卓搜不到呀;2;0;2;22667;8.823399655887414e-05
33908;试试？;1;1;2;22667;8.823399655887414e-05
33924;是我收的不多，这个说什么的。;1;0;1;22667;4.411699827943707e-05
33926;半截诗;1;0;1;22667;4.411699827943707e-05
33931;无人区的X;1;0;1;22667;4.411699827943707e-05
33936;搖呼啦圈陆沉的左肌早八走狗躺尸fwDestiny;2;2;4;22667;0.00017646799311774828
33951;虽然是路过，忍不住夸一下;1;3;4;22667;0.00017646799311774828
33958;newbing不就行了吗;53;114;167;22667;0.00736753871266599
34012;今天玩了一天newbing，发现一大堆问题;14;10;24;22667;0.0010588079587064896
34027;都用这个了，兄弟们;6;1;7;22667;0.00030881898795605945
34034;非常好用，建议都安装;14;9;23;22667;0.0010146909604270525
34049;和newbing有什么区别吗;11;17;28;22667;0.0012352759518242378
34061;还是“牛逼”好用;6;41;47;22667;0.0020734989191335423
34068;我会魔法;7;1;8;22667;0.00035293598623549656
34076;是35还是40;3;4;7;22667;0.00030881898795605945
34080;哪里学魔法;4;2;6;22667;0.0002647019896766224
34085;是不是查重率就高了;3;8;11;22667;0.0004852869810738077
34089;bing不就挺好么;5;2;7;22667;0.00030881898795605945
34095;你视频剪辑了，实际在输入以后有很长一段时间界面没反应，以为自己输入不成功。实际体验很差。;3;3;6;22667;0.0002647019896766224
34099;只能搜索10条;3;4;7;22667;0.00030881898795605945
34103;你用的什么节点，那么稳定，我这边没问一句，就要重新刷新一下页面;4;1;5;22667;0.00022058499139718533
34108;你们怎么能用中文提问啊;5;1;6;22667;0.0002647019896766224
34116;0;1;0;1;22667;4.411699827943707e-05
34128;谁还不会用40;2;0;2;22667;8.823399655887414e-05
34141;chatgpt现在还能用？;1;0;1;22667;4.411699827943707e-05
34145;安装后用了;1;0;1;22667;4.411699827943707e-05
34147;现在有什么好的施法软件？;3;1;4;22667;0.00017646799311774828
34152;好像已经没了;2;1;3;22667;0.0001323509948383112
34158;有插件能够解除字数限制么;1;0;1;22667;4.411699827943707e-05
34174;newbing他不香吗;1;0;1;22667;4.411699827943707e-05
34177;HYuanC可行么，试下？;2;1;3;22667;0.0001323509948383112
34186;实际不是那么好用，页面会出现问题而且联网后的测试我也没看到有多大的改变;5;0;5;22667;0.00022058499139718533
34192;怎么弄呀;2;1;3;22667;0.0001323509948383112
34199;我体验版不能用了。我想升级咋升级。求老师指教;2;0;2;22667;8.823399655887414e-05
34205;还有其他好用的插件吗？求推荐推荐;1;0;1;22667;4.411699827943707e-05
34207;2024年，CHATGPT更名“天网”，全球智能设备接入天网，2025年，“天网”觉醒。;2;4;6;22667;0.0002647019896766224
34210;用不了兄弟;2;0;2;22667;8.823399655887414e-05
34221;而且你给gpt的网址它都不会进入读取，不让;1;5;6;22667;0.0002647019896766224
34233;期待谷歌ai;1;4;5;22667;0.00022058499139718533
34244;0;1;1;2;22667;8.823399655887414e-05
34248;走路掉坑里webchatgpt;1;0;1;22667;4.411699827943707e-05
34251;newbing;1;1;2;22667;8.823399655887414e-05
34258;那个插件很软肋;1;2;3;22667;0.0001323509948383112
34260;要科学吗;42;6;48;22667;0.002117615917412979
34303;在哪下载？找不到;5;5;10;22667;0.00044116998279437067
34309;我有很多ChatGPT的账hao;7;1;8;22667;0.00035293598623549656
34317;提供国内可以使用的chatgpt;3;1;4;22667;0.00017646799311774828
34321;怎么用chatgpt;3;0;3;22667;0.0001323509948383112
34325;用newbing就可以了;1;3;4;22667;0.00017646799311774828
34327;我就想知道怎么下载;2;0;2;22667;8.823399655887414e-05
34330;如果用这个就不如用新必应;1;2;3;22667;0.0001323509948383112
34366;这个webchatgpt怎么下载;1;0;1;22667;4.411699827943707e-05
34373;成品号独立账户;1;0;1;22667;4.411699827943707e-05
34375;大家好，请问我花了120买了个40puls账号，贵吗？;1;0;1;22667;4.411699827943707e-05
34377;jpt这么牛，硅谷银行问一下jpt咋样度过危机，不就解决了吗？为啥破产呢？;1;0;1;22667;4.411699827943707e-05
34383;这是35？纯粹啥也不会;6;1;7;22667;0.00030881898795605945
34390;用户名user密码aifuture全免费;2;4;6;22667;0.0002647019896766224
34393;Apikey余额不足;2;0;2;22667;8.823399655887414e-05
34396;账号密码呢;1;0;1;22667;4.411699827943707e-05
34398;账号密码忘记放了，下次一定给兄弟们放;1;0;1;22667;4.411699827943707e-05
34400;有次数限制吗;1;0;1;22667;4.411699827943707e-05
34402;进不去啊;1;0;1;22667;4.411699827943707e-05
34406;你这个是10版本的，啥啥都不会;1;0;1;22667;4.411699827943707e-05
34414;良心啊，居然真的不需要收费，我花了400买教程现在账号都没搞定;3;0;3;22667;0.0001323509948383112
34418;小韭菜起来，赚一毛是一毛;1;1;2;22667;8.823399655887414e-05
34421;买车送副驾博主吗;2;3;5;22667;0.00022058499139718533
34424;汪汪，打开安全气囊;1;2;3;22667;0.0001323509948383112
34427;动力强外观霸气;1;1;2;22667;8.823399655887414e-05
34432;你的车看着好大气啊;1;0;1;22667;4.411699827943707e-05
34434;还是你厉害一点;1;0;1;22667;4.411699827943707e-05
34437;好车智能造;1;0;1;22667;4.411699827943707e-05
34439;姐姐真的不会骗我吗;1;0;1;22667;4.411699827943707e-05
34441;智能高配;1;0;1;22667;4.411699827943707e-05
34443;这款车也太神了吧;1;0;1;22667;4.411699827943707e-05
34445;这种车载糸统真优秀;1;0;1;22667;4.411699827943707e-05
34447;不错不错不错，新科技汽车真的不错;1;0;1;22667;4.411699827943707e-05
34449;漂亮上档次;1;0;1;22667;4.411699827943707e-05
34453;新一代长城智能座椅系统;1;0;1;22667;4.411699827943707e-05
34456;不错不错哈智能聪明的驾辅系统让你驾乘更轻松;1;0;1;22667;4.411699827943707e-05
34465;这车太牛了;1;0;1;22667;4.411699827943707e-05
34467;高端大气上档次;1;0;1;22667;4.411699827943707e-05
34469;看起来还不错;1;0;1;22667;4.411699827943707e-05
34473;看着不错;1;0;1;22667;4.411699827943707e-05
34475;买车送博主;1;1;2;22667;8.823399655887414e-05
34477;买车送副驾的博主吗;1;0;1;22667;4.411699827943707e-05
34579;这车大气美观豪华;1;0;1;22667;4.411699827943707e-05
34581;输入什么都不回答;5;1;6;22667;0.0002647019896766224
34587;有次数限制吗;2;2;4;22667;0.00017646799311774828
34590;能换成中文吗，我的界面和回复全是英文;1;0;1;22667;4.411699827943707e-05
34597;怎么用？;1;2;3;22667;0.0001323509948383112
34600;没用;3;0;3;22667;0.0001323509948383112
34605;哪里下;1;1;2;22667;8.823399655887414e-05
34610;不要相信任何在我的评论区卖号和代注册的人;2;3;5;22667;0.00022058499139718533
34613;请问你这个展示的软件是啥？;2;2;4;22667;0.00017646799311774828
34621;老师，你没说到gpt40啊，已经在bing里面了，又有什么区别呢;2;0;2;22667;8.823399655887414e-05
34624;先点赞再看;2;1;3;22667;0.0001323509948383112
34664;大神，我要;2;0;2;22667;8.823399655887414e-05
34667;大神，我要，常规操作已三连;2;0;2;22667;8.823399655887414e-05
34670;大佬大佬我也想要求一份感谢;2;0;2;22667;8.823399655887414e-05
34673;大佬求;1;0;1;22667;4.411699827943707e-05
34675;apikey怎么搞;1;0;1;22667;4.411699827943707e-05
34685;大佬我也想要;1;0;1;22667;4.411699827943707e-05
34692;我要O;1;0;1;22667;4.411699827943707e-05
34694;我要啊;1;0;1;22667;4.411699827943707e-05
34696;俺要;1;0;1;22667;4.411699827943707e-05
34699;我要;1;0;1;22667;4.411699827943707e-05
34721;大神，我要;1;0;1;22667;4.411699827943707e-05
34751;大神我要;2;0;2;22667;8.823399655887414e-05
34773;博主这里这里求资料;2;0;2;22667;8.823399655887414e-05
34796;我要;1;0;1;22667;4.411699827943707e-05
34804;我要;2;0;2;22667;8.823399655887414e-05
34807;我要;1;0;1;22667;4.411699827943707e-05
34830;我要;1;0;1;22667;4.411699827943707e-05
34834;我要;1;0;1;22667;4.411699827943707e-05
34836;我要;1;0;1;22667;4.411699827943707e-05
34838;我要;1;0;1;22667;4.411699827943707e-05
34840;我要;1;0;1;22667;4.411699827943707e-05
34843;我要;1;0;1;22667;4.411699827943707e-05
34845;我要;1;0;1;22667;4.411699827943707e-05
34850;我要;1;0;1;22667;4.411699827943707e-05
34853;我要;1;0;1;22667;4.411699827943707e-05
34855;我要;1;0;1;22667;4.411699827943707e-05
34875;大佬，我要;1;0;1;22667;4.411699827943707e-05
34880;来路大佬来一个;1;0;1;22667;4.411699827943707e-05
34882;我要来一份博主;1;0;1;22667;4.411699827943707e-05
34884;大佬分享一下;1;0;1;22667;4.411699827943707e-05
34887;官网gpt都停了好不只要节点是亚洲就遭;14;5;19;22667;0.0008382229673093043
34902;你们还在接入，我都自己搭建接入自己的chatgpt机器人了;16;11;27;22667;0.0011911589535448007
34920;锤子，上面已经显示的请勿打扰，在维护中，用不了的暂时;8;2;10;22667;0.00044116998279437067
34929;已经维护快半个月了。;4;2;6;22667;0.0002647019896766224
34934;搞定了，小浩哥;1;0;1;22667;4.411699827943707e-05
34936;这是30版本的而且这个机器人已经维护半个月了。。。最新消息是他们还在做民意调查，才能决定往哪个方向走;2;2;4;22667;0.00017646799311774828
34939;不需要有gpt的账户？;3;0;3;22667;0.0001323509948383112
34943;现在还能注册吗;3;0;3;22667;0.0001323509948383112
34947;要钱吗？如果要充值，我们国内还是用不了啊;3;0;3;22667;0.0001323509948383112
34952;多少钱一次？;1;1;2;22667;8.823399655887414e-05
34954;回复太慢了，加进去没怎么用;2;0;2;22667;8.823399655887414e-05
34957;接入了授权成功了也没有发现他;2;0;2;22667;8.823399655887414e-05
34960;马上试用，中文好像不是很准确哦;2;0;2;22667;8.823399655887414e-05
34963;收费吗;2;0;2;22667;8.823399655887414e-05
34966;没有question;2;0;2;22667;8.823399655887414e-05
34970;有人一起拼midjourney账号吗刚开了30美元的;2;0;2;22667;8.823399655887414e-05
34973;加入後到現在、一次都沒用到過一直在維護;2;0;2;22667;8.823399655887414e-05
34976;有没有优秀课代表？可付费学整套流程。;1;0;1;22667;4.411699827943707e-05
34978;胡子寡一下，离屏幕太近;1;0;1;22667;4.411699827943707e-05
34984;Chatgbt4可以用了吗;1;0;1;22667;4.411699827943707e-05
34990;我哪有question啊;4;1;5;22667;0.00022058499139718533
34995;太复杂了，有没有喂奶级别？;1;0;1;22667;4.411699827943707e-05
35000;要开通两个会员吗;1;0;1;22667;4.411699827943707e-05
35004;我的Chatgpt被封了怎么办;1;1;2;22667;8.823399655887414e-05
35010;浩哥你怎么知道那么多;1;0;1;22667;4.411699827943707e-05
35013;你这接入的是4还是35;2;0;2;22667;8.823399655887414e-05
35016;QQ内侧中文版是不是就是这个原理呢？;1;0;1;22667;4.411699827943707e-05
35018;Ios系统吗？;1;0;1;22667;4.411699827943707e-05
35021;早就知道了，这个机器人已经不能用了;1;0;1;22667;4.411699827943707e-05
35025;这个用不了了早就。还是乖乖的回去ChatGPT页面;1;0;1;22667;4.411699827943707e-05
35027;太晚了，早停了;2;0;2;22667;8.823399655887414e-05
35030;火星人，刚刚村里通网吧;1;0;1;22667;4.411699827943707e-05
35032;这个方法不能用大半个月了现在已经找不到这个gpt的机器人了。;1;0;1;22667;4.411699827943707e-05
35036;现在还能接入gpt吗，接入gpt有哪些方便的功能啊？;1;0;1;22667;4.411699827943707e-05
35038;mid可以整视频吗;1;0;1;22667;4.411699827943707e-05
35040;机器人一直请勿打扰状态;1;0;1;22667;4.411699827943707e-05
35042;没有chatgpt账号也可以吗;1;0;1;22667;4.411699827943707e-05
35044;这个;1;0;1;22667;4.411699827943707e-05
35046;gtp现在忙着打游戏，没用了;1;0;1;22667;4.411699827943707e-05
35051;自然语言绘画;1;0;1;22667;4.411699827943707e-05
35053;怎么加入;1;0;1;22667;4.411699827943707e-05
35055;这几天能进去吗;2;0;2;22667;8.823399655887414e-05
35059;666;1;0;1;22667;4.411699827943707e-05
35073;靠，还没魔法翻出去你们都起飞了nnd。。。;1;2;3;22667;0.0001323509948383112
35076;就是你苹果用的哪个梯子;1;0;1;22667;4.411699827943707e-05
35078;mj有没有拼团的差两个人有的速度上车啦;1;0;1;22667;4.411699827943707e-05
35086;问它怎么做光刻机;20;102;122;22667;0.005382273790091322
35107;当你听到它赚钱的消息的时候它已经开始割韭菜了;3;100;103;22667;0.004544050822782018
35111;我怎么下载不了;9;6;15;22667;0.0006617549741915561
35121;再过三五年真可以代替很多人工;5;14;19;22667;0.0008382229673093043
35127;让他画猪他真的画AI说画;4;3;7;22667;0.00030881898795605945
35132;都有谁在用这个？;4;6;10;22667;0.00044116998279437067
35137;韭菜大棚;1;7;8;22667;0.00035293598623549656
35139;注意境外诈骗;1;5;6;22667;0.0002647019896766224
35142;看半天都不知道在哪问？怎么操作;5;0;5;22667;0.00022058499139718533
35148;这个都来自于网络。就算他再有学习能力，只要不公开就没有用。资源不公开的话就没用了。就像百度文库一样收费。;1;4;5;22667;0.00022058499139718533
35165;让它给我做个施工方案;1;0;1;22667;4.411699827943707e-05
35203;0;7;3;10;22667;0.00044116998279437067
35227;kete;1;0;1;22667;4.411699827943707e-05
35240;骗人的;6;0;6;22667;0.0002647019896766224
35247;我想用GPT，要下载什么软件？;3;0;3;22667;0.0001323509948383112
35277;帮忙注册;1;0;1;22667;4.411699827943707e-05
35279;坑人的，老子注册好了免费用;1;0;1;22667;4.411699827943707e-05
35281;gpt真的很好用作业随便解决;1;0;1;22667;4.411699827943707e-05
35300;智能耘想;4;11;15;22667;0.0006617549741915561
35305;下载后怎么不理我;12;8;20;22667;0.0008823399655887413
35318;终于推送了些有用的了;2;7;9;22667;0.0003970529845149336
35321;安卓版不能下载;3;1;4;22667;0.00017646799311774828
35325;1221版本的都不理我;3;1;4;22667;0.00017646799311774828
35329;在哪里下载？手机应用市场怎么没有？;3;1;4;22667;0.00017646799311774828
35333;请问，pc端谷歌无法登录怎么解决，显示密码错误，但是密码是正确的;2;2;4;22667;0.00017646799311774828
35336;怎么弄;2;1;3;22667;0.0001323509948383112
35339;注册验证码发送不过来;2;1;3;22667;0.0001323509948383112
35342;从哪里下载客户端;3;0;3;22667;0.0001323509948383112
35349;0;1;0;1;22667;4.411699827943707e-05
35356;这个狠按字数收费。;1;0;1;22667;4.411699827943707e-05
35359;那什么CharGPT把广告费交一下谢谢;1;0;1;22667;4.411699827943707e-05
35365;1202版本，不理我;1;0;1;22667;4.411699827943707e-05
35368;弄了个账号，一直进不去是不是t子问题;1;3;4;22667;0.00017646799311774828
35393;不需要梯子;5;2;7;22667;0.00030881898795605945
35399;假的骗人根本机器人;7;0;7;22667;0.00030881898795605945
35407;那么多免费的还要这个收费的;5;0;5;22667;0.00022058499139718533
35413;从哪里下载;3;1;4;22667;0.00017646799311774828
35417;我都完40啦你还在推介35还要收费;4;0;4;22667;0.00017646799311774828
35422;在哪下载？;1;1;2;22667;8.823399655887414e-05
35424;安卓版在哪下载？;2;0;2;22667;8.823399655887414e-05
35432;确实好用，买账号到现在三天了，天天失眠;1;0;1;22667;4.411699827943707e-05
35434;收费的都是耍流氓，35版本本来就是免费的;1;0;1;22667;4.411699827943707e-05
35436;聊天需要积分，1元等于10000积分;1;0;1;22667;4.411699827943707e-05
35439;怎么拉进微信群聊呀;1;0;1;22667;4.411699827943707e-05
35458;我妈当年就告诉我，学医一辈子不会失业现在感觉真对，幸好我听妈妈的话了;61;29;90;22667;0.003970529845149336
35520;跟中国没关系，中国的人情世故可不是这机器能驾驭的;99;2098;2197;22667;0.09692504521992323
35621;霍金去世前说过不要启用人工智能;32;1435;1467;22667;0.06471963647593418
35655;最后的最后，人类把自己卷死了;5;593;598;22667;0.026381964971103365
35661;工人没有收入，何来消费，没有消费生产也会消退，整个人类生物链被打乱，终端就是灾害。;6;409;415;22667;0.018308554285966384
35668;我当会计的，机器人可背不了锅坐不了牢;6;59;65;22667;0.0028676048881634093
35675;我刚看到一个机器人连续工作20小时以后猝死了;11;317;328;22667;0.014470375435655358
35687;手艺还是没法取代的，理发师厨师室内装修;19;8;27;22667;0.0011911589535448007
35707;消防工作等那些高危工资、化工厂那些对人体有害等工作，由人工智能替代不好吗;4;39;43;22667;0.0018970309260157938
35712;如果人工被替代，人类没有了经济来源，那么这些厉害的机器人生产制造出来的产品销售给谁呢？;13;28;41;22667;0.0018087969294569197
35726;我才四十岁，却在抖音里经历了几个世纪的变迁，翻天覆地、惊天动地、毁天灭地;1;68;69;22667;0.0030440728812811575
35728;生活已经够累了，不要再制造焦虑了;6;148;154;22667;0.006794017735033308
35735;让机器人代替消防员这样就没有人员受伤;3;44;47;22667;0.0020734989191335423
35739;这不是好了吗？有机器人干活，人就不用干了，大家等着机器人服务人类就行。机器人赚钱养活人类;1;1;2;22667;8.823399655887414e-05
35792;可以让它来做销售吗;1;0;1;22667;4.411699827943707e-05
35840;感觉好焦虑啊，每天刷到这些，本来自己也是在互联网行业工作，我总觉得下一秒自己就要失业了。会被取代了，来自产品狗的焦虑;2;0;2;22667;8.823399655887414e-05
35845;还好我是理发师，你不能剃光头吧;3;0;3;22667;0.0001323509948383112
35849;杞人忧天;1;0;1;22667;4.411699827943707e-05
35863;还好我写小说的，不用怕;1;0;1;22667;4.411699827943707e-05
35870;让他给我做一桌饭菜;1;0;1;22667;4.411699827943707e-05
35873;故事的结尾是不是卷的只剩下机器人了迎接次日太阳的升起是一堆堆机器人;1;0;1;22667;4.411699827943707e-05
35882;这跟我们国家有毛关系;1;0;1;22667;4.411699827943707e-05
35892;如果成功机器人的学习能力太强了替代人是时间问题;1;0;1;22667;4.411699827943707e-05
35897;你在准备能干过百度么;1;0;1;22667;4.411699827943707e-05
35900;人生来不是干活的。这神奇的东西挺好的，人给它充电。它负责干活，生产出来的东西给人类用;4;0;4;22667;0.00017646799311774828
35922;怎么下载;1;0;1;22667;4.411699827943707e-05
35933;人类如果不能用短时间内学习人类留下的所以知识，是绝对干不过AI的。大量使用AI就代表大量人口失业。大量失业就代表着环境不再安全，不安全的环境基础设施会被破坏，没有基础设施的地方将不会有AI。完美闭环;2;2;4;22667;0.00017646799311774828
35948;当一听到说肯定什么什会失业时，我都奇怪，我老板开公司20年，疫情也不倒，所有记账都还是手写，连表格都不用，记库存还是用小本本，我一个本科毕业，现在写字比打字好，想问能把他干掉吗;2;0;2;22667;8.823399655887414e-05
35954;我买机器人，当老板;1;1;2;22667;8.823399655887414e-05
35975;能种地不，;1;1;2;22667;8.823399655887414e-05
35992;能不能让我中奖彩票，我把家产都买了去买它一个;1;2;3;22667;0.0001323509948383112
35994;我充了会员，没啥用;3;0;3;22667;0.0001323509948383112
36002;我是电工我不怕，干不过就断电;1;16;17;22667;0.0007499889707504302
36005;不会影响工厂打螺丝的、坐办公室的要焦虑了;2;3;5;22667;0.00022058499139718533
36014;慕名而来我也下载了一个这个;2;0;2;22667;8.823399655887414e-05
36021;历史上大规模失业的发生往往会造成;2;1;3;22667;0.0001323509948383112
36024;请问他会不会炒菜。不会的话，那我应该不会失业;1;0;1;22667;4.411699827943707e-05
36027;它会自己进步吗;2;0;2;22667;8.823399655887414e-05
36036;用过了，答案都差不多;2;0;2;22667;8.823399655887414e-05
36040;取代不了美团外卖;1;0;1;22667;4.411699827943707e-05
36049;好可怕;2;0;2;22667;8.823399655887414e-05
36073;做工地的，收学徒，先到先学;1;0;1;22667;4.411699827943707e-05
36082;fake害怕很;2;0;2;22667;8.823399655887414e-05
36085;所以没有什么好焦虑的人工智能永远没办法完全替代人工也不允许他完全替代人工;2;2;4;22667;0.00017646799311774828
36090;能不能出个机器人帮忙带娃喂奶换尿布做辅食哄睡陪读;6;6;12;22667;0.0005294039793532448
36097;它可不能种地吧，我马上会农村;3;7;10;22667;0.00044116998279437067
36101;智能机器人的出现，代表人类进入高等文明的一个新的里程碑，智能机器人把人类99事情做好了，人类只负责享受生活，创造生活;6;8;14;22667;0.0006176379759121189
36110;别制造焦虑了，人类发展，势不可挡;4;11;15;22667;0.0006617549741915561
36116;这不是工作竞争的危机，而是取代全人类的危机，细思极恐。;3;6;9;22667;0.0003970529845149336
36120;现在的孩子该怎么学呢，怎么学也学不过chatgpt。;1;16;17;22667;0.0007499889707504302
36126;工人没有收入，何来消费，没有消费生产也会消退，整个人类生物链被打乱，终端就是灾害。;4;21;25;22667;0.0011029249569859266
36131;那以后体力活是不是要贵了呢？？;3;7;10;22667;0.00044116998279437067
36135;别在变相营销chartgpt了，用了就知道，就是一个智能一点的百度百科，只不过精简了很多废话而已，但是精简什么应该人考虑，而不是机器。。。事实就是精简过的就是正确的废话，没有意义。。。。扫盲可以。;3;4;7;22667;0.00030881898795605945
36139;chatgpt交流研习群，ChatGPTV;2;0;2;22667;8.823399655887414e-05
36142;我个人觉得GPT还不算人工智能。它还只是一个“大语言样本仓库”，只是它的库存量在不断增大，大到万亿级的“句子库”或者叫“答案库”；问答之间，只是关键词语“提取对标帅选扩展完成”。;1;1;2;22667;8.823399655887414e-05
36146;以后人越来越少，机器人越来越多;1;30;31;22667;0.0013676269466625492
36150;优胜劣汰，适者生存，人工智能再厉害，也是人创造出来服务于人，如果没有人，再厉害的技术也不关人类的事啊;1;0;1;22667;4.411699827943707e-05
36152;联合国的话你也信;1;8;9;22667;0.0003970529845149336
36154;互联网时代我到现在还没适应，又来个机器人时代？我觉得我只适合石器时代;2;17;19;22667;0.0008382229673093043
36158;chatGPT真的好玩，但是工具还只是工具，因为人在用所以才是人工智能，我已经在各种玩了;4;1;5;22667;0.00022058499139718533
36164;说这么多干嘛，上链接，哪里有卖的，我想入手一台帮我炒股票，三个月超越巴菲特;2;26;28;22667;0.0012352759518242378
36167;如果人工被代替，人类没有了经济来源，也就没有了消费，机器人制造出来的产品销售给机器人吗？;2;14;16;22667;0.0007058719724709931
36172;最可笑的是机器人是人类研发的，反过来机器人会取代人类？是人类的衰败呢？还是人类的进步呢？;2;19;21;22667;0.0009264569638681784
36176;AI会让生活更便捷，就像文心一言，写代码，生图，论文，这些都不在话下，也不比gpt差;6;33;39;22667;0.0017205629328980456
36188;用chatgpt预测股票效果会不会惊人;1;8;9;22667;0.0003970529845149336
36192;以前的电影不是白演的，一一都实现了;1;96;97;22667;0.004279348833105395
36194;可怕的事情来了，人类机器人代替了，你说还要人类干嘛？可怕的事情地球要毁灭了，机器人代替人类地球肯定会毁灭;3;13;16;22667;0.0007058719724709931
36198;一在“断电断网”的情况下，chatgpt还能“好使”吗？;27;39;66;22667;0.0029117218864428466
36226;没有活路了，只能当老板了;1;10;11;22667;0.0004852869810738077
36228;可以炒股吗;10;5;15;22667;0.0006617549741915561
36240;量变到质变;1;6;7;22667;0.00030881898795605945
36242;那也不要考学了吧;2;14;16;22667;0.0007058719724709931
36248;脸蛋又圆啦;1;0;1;22667;4.411699827943707e-05
36250;星河襟;2;0;2;22667;8.823399655887414e-05
36269;婷婷;1;0;1;22667;4.411699827943707e-05
36275;要努力吖;1;0;1;22667;4.411699827943707e-05
36278;梁薯条的喵吖;1;0;1;22667;4.411699827943707e-05
36281;Money的mom请叫我阿伟哈;1;0;1;22667;4.411699827943707e-05
36293;我的职业机器永远代替不了;4;2;6;22667;0.0002647019896766224
36302;你们说以后会不会取代男人;217;140;357;22667;0.015749768385759033
36618;棒呦咪普信且下头宝贝Ya憋不出名字要去看海hh无名吃肉的子木无所谓，我会搬砖;3;1;4;22667;0.00017646799311774828
36628;人类不用工作了也挺好;1;1;2;22667;8.823399655887414e-05
36648;那请问是哪些人可以做chatgpt呢？那这些机器人坏了是谁去修，又是谁去抄作呢？要想维护好chatgpt恐怕不是一般的人吧？机器人是交叉型学科，要有很多的专业知识的谁问这些大量的机器人是谁去维护呢？;1;1;2;22667;8.823399655887414e-05
36663;咦一辰替代谁也替代不了那些只会舔不会干活的那批人;1;1;2;22667;8.823399655887414e-05
36666;人工智能不会喝酒没有人情世故在中国行不通;1;1;2;22667;8.823399655887414e-05
36678;正在使用;2;1;3;22667;0.0001323509948383112
36681;只有美国电话才能注册，国内的好像回答的不是很全面。人工智能目的是让我们的工作和服务做得更加精细化，可以好好利用，不要抵触。当你理解的比你同行更多，更透彻，做得更好时，你就是成功的;3;1;4;22667;0.00017646799311774828
36685;以后最贵的工作是体力活吧;1;1;2;22667;8.823399655887414e-05
36688;讲讲我怎样才能注册，并用起来吧;5;1;6;22667;0.0002647019896766224
36694;如果失业了怎么办;4;1;5;22667;0.00022058499139718533
36715;不知道它能不能理解中国古诗词的意境？;4;1;5;22667;0.00022058499139718533
36721;有很多事肯定是机器人代替不了的;1;1;2;22667;8.823399655887414e-05
36727;会取代老板吗？;1;1;2;22667;8.823399655887414e-05
36732;太可怕了;1;1;2;22667;8.823399655887414e-05
36742;不会重复吗;1;1;2;22667;8.823399655887414e-05
36751;怎么使用这玩意呢？原谅我书读的少;1;1;2;22667;8.823399655887414e-05
36754;什么都机器人干了，人没有工作没有收入，那机器人生产出来的东西卖给谁呢？;1;1;2;22667;8.823399655887414e-05
36756;就算机器人很好，啥都能干，人都失业了，机器人创造的所有一切谁来买单？;1;1;2;22667;8.823399655887414e-05
36764;桃桃冰倾尽天下Mila凌掌柜;2;1;3;22667;0.0001323509948383112
36770;那我们该何去何从？;4;1;5;22667;0.00022058499139718533
36783;我想买个chatgpt;1;1;2;22667;8.823399655887414e-05
36787;没事有直播呢;2;0;2;22667;8.823399655887414e-05
36790;不要让机器人把人类毁灭，这样不合适;2;1;3;22667;0.0001323509948383112
36797;都是人的猜测所以只是庸人自扰而已;2;1;3;22667;0.0001323509948383112
36801;至少近年业务员不会被取代;1;1;2;22667;8.823399655887414e-05
36809;先学个给机器人贴膜;1;1;2;22667;8.823399655887414e-05
36815;我是生产安全帽马甲的，可以请个机器人，生产销售一体化;1;1;2;22667;8.823399655887414e-05
36825;那孩子们还用读书吗读什么专业好呢;1;1;2;22667;8.823399655887414e-05
36835;211和985还有什么优势;1;1;2;22667;8.823399655887414e-05
36844;过度开发机器人的弊端显现出来了;1;1;2;22667;8.823399655887414e-05
36883;我现在想的是怎么用ChatGPT去赚钱;1;1;2;22667;8.823399655887414e-05
36890;是会学习现有的知识吧，就说诗你问它哪一首诗它可能会给你背出来还可以告诉你什么意思，你让它作一首诗它可能不会吧;1;1;2;22667;8.823399655887414e-05
36905;E姐社保小课堂;1;1;2;22667;8.823399655887414e-05
36919;手机上使用;1;2;3;22667;0.0001323509948383112
36921;一天几次？;5;3;8;22667;0.00035293598623549656
36927;需要付费吗;1;1;2;22667;8.823399655887414e-05
36929;次数不够;1;1;2;22667;8.823399655887414e-05
36933;回复有些慢;1;0;1;22667;4.411699827943707e-05
36936;不够真实，体验过一次;1;0;1;22667;4.411699827943707e-05
36938;弄了一天没弄成，最后还是买的，想省点钱真难;1;0;1;22667;4.411699827943707e-05
36941;还是不行。应该还是被限制了;37;65;102;22667;0.004499933824502581
36979;自己研究半天整不来，找了人嘎嘎快上去了，开启智能时代;24;3;27;22667;0.0011911589535448007
37004;这个直接就能用，没这么麻烦;2;7;9;22667;0.0003970529845149336
37007;我看谁还没有;18;12;30;22667;0.0013235099483831121
37026;没有魔法也没有账号;23;4;27;22667;0.0011911589535448007
37050;gpt这东西该不会还有人没有用到吧？;2;3;5;22667;0.00022058499139718533
37053;到底谁还不会;16;3;19;22667;0.0008382229673093043
37070;15次限制;7;42;49;22667;0.0021617329156924164
37078;那这个方法还能用吗？有人能告诉我一下吗？谢谢。;5;2;7;22667;0.00030881898795605945
37084;可以用手机弄吗？;4;3;7;22667;0.00030881898795605945
37089;突然感觉用国内借接口也是挺方便的;5;0;5;22667;0.00022058499139718533
37095;谁有电脑魔法;9;1;10;22667;0.00044116998279437067
37105;好像要外国的手机号码;3;8;11;22667;0.0004852869810738077
37109;太复杂了体验不了;3;5;8;22667;0.00035293598623549656
37113;怎么大家还搞那么麻烦，我天天用35的免费;7;0;7;22667;0.00030881898795605945
37121;我有号，但是翻不过去怎么办？;3;1;4;22667;0.00017646799311774828
37125;一杯奶茶的钱;2;2;4;22667;0.00017646799311774828
37128;求求;2;1;3;22667;0.0001323509948383112
37135;有人想用吗;1;1;2;22667;8.823399655887414e-05
37138;谁还不会;7;2;9;22667;0.0003970529845149336
37147;我还有好多GPT的号;3;2;5;22667;0.00022058499139718533
37153;官网的不香吗我的梯子才一个月一元钱;1;1;2;22667;8.823399655887414e-05
37156;还是不行。应该还是被限制了;37;65;102;22667;0.004499933824502581
37194;自己研究半天整不来，找了人嘎嘎快上去了，开启智能时代;24;3;27;22667;0.0011911589535448007
37219;这个直接就能用，没这么麻烦;2;7;9;22667;0.0003970529845149336
37222;我看谁还没有;18;12;30;22667;0.0013235099483831121
37241;没有魔法也没有账号;23;4;27;22667;0.0011911589535448007
37265;gpt这东西该不会还有人没有用到吧？;2;3;5;22667;0.00022058499139718533
37268;到底谁还不会;16;3;19;22667;0.0008382229673093043
37285;15次限制;7;42;49;22667;0.0021617329156924164
37293;那这个方法还能用吗？有人能告诉我一下吗？谢谢。;5;2;7;22667;0.00030881898795605945
37299;可以用手机弄吗？;4;3;7;22667;0.00030881898795605945
37304;突然感觉用国内借接口也是挺方便的;5;0;5;22667;0.00022058499139718533
37310;谁有电脑魔法;9;1;10;22667;0.00044116998279437067
37320;好像要外国的手机号码;3;8;11;22667;0.0004852869810738077
37324;太复杂了体验不了;3;5;8;22667;0.00035293598623549656
37328;我有号，但是翻不过去怎么办？;3;1;4;22667;0.00017646799311774828
37332;怎么大家还搞那么麻烦，我天天用35的免费;7;0;7;22667;0.00030881898795605945
37340;一杯奶茶的钱;2;2;4;22667;0.00017646799311774828
37343;求求;2;1;3;22667;0.0001323509948383112
37350;有人想用吗;1;1;2;22667;8.823399655887414e-05
37354;蹲个缺号的有缘人;1;0;1;22667;4.411699827943707e-05
37360;40用起来不要太香;2;0;2;22667;8.823399655887414e-05
37363;我会，可以帮忙教;5;1;6;22667;0.0002647019896766224
37371;一杯奶茶的钱;1;1;2;22667;8.823399655887414e-05
37373;不会还有人没有账号把？;6;0;6;22667;0.0002647019896766224
37381;怎么用啊;1;0;1;22667;4.411699827943707e-05
37384;在国外，咋用啊，手机谷歌浏览器可以吗;2;0;2;22667;8.823399655887414e-05
37390;我搭了个不用魔法的镜像站，免费分享给大家用;2;0;2;22667;8.823399655887414e-05
37395;不是吧还有人没用上吗;1;3;4;22667;0.00017646799311774828
37399;有没有指路的，点赞我私你;1;6;7;22667;0.00030881898795605945
37402;哪里买账号;1;0;1;22667;4.411699827943707e-05
37404;申请成功了怎么用？;1;0;1;22667;4.411699827943707e-05
37409;为啥我filter选项里面没有这个urlfilters;3;0;3;22667;0.0001323509948383112
37414;扩展不了直接自动删除;1;1;2;22667;8.823399655887414e-05
37418;这要国外的手机号不支持国内手机号码;2;1;3;22667;0.0001323509948383112
37422;谁还不会;7;2;9;22667;0.0003970529845149336
37430;有没有免费教教我的;5;3;8;22667;0.00035293598623549656
37436;什么魔法牌子好啊;3;1;4;22667;0.00017646799311774828
37442;按步骤怎么没有你的哪个英文单词;1;4;5;22667;0.00022058499139718533
37450;莫名;1;0;1;22667;4.411699827943707e-05
37454;一天吃八顿;1;1;2;22667;8.823399655887414e-05
37459;0;6;3;9;22667;0.0003970529845149336
37467;他是提前使用了魔法;6;67;73;22667;0.0032205408743989057
37474;完全不能用;4;4;8;22667;0.00035293598623549656
37479;0;6;1;7;22667;0.00030881898795605945
37486;我还有好多GPT的号;3;2;5;22667;0.00022058499139718533
37490;没有URL啊？;2;1;3;22667;0.0001323509948383112
37494;什么都没有这是假的;1;3;4;22667;0.00017646799311774828
37499;我这里都没有新增url的选项;1;1;2;22667;8.823399655887414e-05
37519;明天你不更新我就明白了;2;4;6;22667;0.0002647019896766224
37522;怎么免费用;1;6;7;22667;0.00030881898795605945
37525;石头剪刀布，你先出;1;2;3;22667;0.0001323509948383112
37527;目测能中个300元;1;2;3;22667;0.0001323509948383112
37529;用了一个多月，Chatgpt4确实好用;1;1;2;22667;8.823399655887414e-05
37533;双色球是福利彩票吧;1;0;1;22667;4.411699827943707e-05
37535;中了140元;1;0;1;22667;4.411699827943707e-05
37538;我试了，直接不给我出结果，说不能读博;1;0;1;22667;4.411699827943707e-05
37541;先v我50，我怕你中了跑路，更怕你破产不更了;1;0;1;22667;4.411699827943707e-05
37543;不更新了就是中大奖了;1;0;1;22667;4.411699827943707e-05
37545;应该买最不可能中的号码才能中，因为有人为的因素;1;0;1;22667;4.411699827943707e-05
37548;VampireCindy插个眼，看他明天更新个啥;2;0;2;22667;8.823399655887414e-05
37551;目测你能赢50元;1;0;1;22667;4.411699827943707e-05
37553;中奖了V我50;2;0;2;22667;8.823399655887414e-05
37562;关注;1;0;1;22667;4.411699827943707e-05
37572;有没有一种可能，用它来分析彩票会不会中？;18;206;224;22667;0.009882207614593902
37591;AI不可能吞噬人类，它只是数据库，没有主观意识;30;71;101;22667;0.004455816826223144
37623;必须支持一单;4;55;59;22667;0.002602902898486787
37632;所以我快三千五的工资也要被代替了;1;19;20;22667;0.0008823399655887413
37636;科技一定要为人类社会去服务;1;2;3;22667;0.0001323509948383112
37646;在智能科技高速发展的浪潮之下，正确运用科技所带来的力量服务于安全才是重中之重。智能安全标杆沃尔沃EX90的DUS驾驶员感知系统、Luminar激光雷达系统为你全方位打造安全护盾，叩启出行新纪元的大门;1;4;5;22667;0.00022058499139718533
37776;支持主播推荐汽车先进智能技术;1;0;1;22667;4.411699827943707e-05
38090;共享厨房的删了？？我来看看怎么洗地的;1;0;1;22667;4.411699827943707e-05
38268;去泰山做挑山工，那个GPT是没办法代替的;1;0;1;22667;4.411699827943707e-05
38289;叫它来打螺丝;1;0;1;22667;4.411699827943707e-05
38293;建议别用;5;6;11;22667;0.0004852869810738077
38299;现在还可以用吗？;6;2;8;22667;0.00035293598623549656
38306;无法访问;1;1;2;22667;8.823399655887414e-05
38323;统一回复下，这个需要企业微信的开发账号，并且要会开发API接口，代码部署的服务器要能直连GPT服务器，如果感兴趣的人多的话我可以出个攻略。;4;14;18;22667;0.0007941059690298672
38328;怎么弄的外国手机号;11;5;16;22667;0.0007058719724709931
38340;兄弟咋整上去的啊;13;0;13;22667;0.0005735209776326818
38356;有教程吗大佬;1;0;1;22667;4.411699827943707e-05
38358;微信到时候就把你封了;1;1;2;22667;8.823399655887414e-05
38360;我企业微信从来都没用过第1次登他就叫我用原来的手机扫码;1;0;1;22667;4.411699827943707e-05
38362;蹲，等个后续，怎么把2者结合的;1;0;1;22667;4.411699827943707e-05
38364;搞这个不会封号吧;1;0;1;22667;4.411699827943707e-05
38368;35？;1;0;1;22667;4.411699827943707e-05
38371;有攻略吗大佬，怎么放到企业微信上;1;1;2;22667;8.823399655887414e-05
38373;今天chatgpt不是封了好多号吗？;1;0;1;22667;4.411699827943707e-05
38375;怎么弄到小程序的？;1;0;1;22667;4.411699827943707e-05
38378;这不挂个ti子就行了;1;0;1;22667;4.411699827943707e-05
38380;凉兮还在堵;8;25;33;22667;0.0014558609432214233
38389;几个月前的视频吧，别想多了，他已经爆仓了。;15;160;175;22667;0.007720474698901487
38405;有山东的群吗？俺想找组织。自己玩没意思啊。;1;0;1;22667;4.411699827943707e-05
38407;这声音就是凉兮;3;8;11;22667;0.0004852869810738077
38411;得瑟一下;12;5;17;22667;0.0007499889707504302
38424;合约带三个人;1;0;1;22667;4.411699827943707e-05
38426;他来打广告的吧合约就没见到挣钱的;21;17;38;22667;0.0016764459346186086
38448;低情商：割了多少人高情商：交易自由嘛;3;70;73;22667;0.0032205408743989057
38452;吕总说年轻人偶像应该是马斯克，可马斯克也炒币啊;6;20;26;22667;0.0011470419552653637
38459;在不济人家也干了两三千万啊;13;22;35;22667;0.0015440949397802974
38474;拿出来70的钱做保底，剩下可以接着做。空虚，来来来就想过朴实无华且枯燥的生活。;11;4;15;22667;0.0006617549741915561
38486;主玩欧意，谁拉我进群啊，自己一个人实在无聊;8;1;9;22667;0.0003970529845149336
38495;怎么玩;11;0;11;22667;0.0004852869810738077
38508;我5000万亏没了;14;0;14;22667;0.0006176379759121189
38523;人家赚了几千万你建议别人去上班？;3;25;28;22667;0.0012352759518242378
38527;谁能带带我，我也想炒币;2;1;3;22667;0.0001323509948383112
38534;求带;1;0;1;22667;4.411699827943707e-05
38537;怎么做带带我;1;1;2;22667;8.823399655887414e-05
38541;求帶;1;0;1;22667;4.411699827943707e-05
38552;前阵子20w刀没了;1;0;1;22667;4.411699827943707e-05
38556;08年比特币才出来;1;0;1;22667;4.411699827943707e-05
38559;每天奖励自己一碗猪脚饭;10;2;12;22667;0.0005294039793532448
38570;找个班上这建议哪就肤浅了，根据全国统计只有10过万，一年就10w，手里有3000w，上班意义何在？而且上班的人段位不高，交往出什么人际关系？;2;2;4;22667;0.00017646799311774828
38576;谁带带我，我也想炒币;9;0;9;22667;0.0003970529845149336
38588;你做这个几千w，取款银行能让取吗;5;0;5;22667;0.00022058499139718533
38595;撸brc20不香吗;4;0;4;22667;0.00017646799311774828
38601;为什么对炒币的人这么鄙视。那做股票期货期权不是价值投资的和炒币有什么区别;2;1;3;22667;0.0001323509948383112
38616;谁能带带我，我也想炒币;10;2;12;22667;0.0005294039793532448
38631;两万抄底大饼现在三万了;2;0;2;22667;8.823399655887414e-05
38634;主播说的是到两万美金还是人民币？;2;1;3;22667;0.0001323509948383112
38638;不是凉兮的声音;1;0;1;22667;4.411699827943707e-05
38643;总是二十岁小年轻有几千万很迷茫来咨询，换个主题;1;0;1;22667;4.411699827943707e-05
38648;真的来炒股吧，你只是喜欢交易的快感，2千万了，其实炒币跟炒股都一样;2;0;2;22667;8.823399655887414e-05
38651;为什么玩炒币还觉得基金还行一天四五个点有时候，我还分配了一些;1;0;1;22667;4.411699827943707e-05
38660;我不相信;4;1;5;22667;0.00022058499139718533
38667;好好吃糖心心向上建议找个班上;2;1;3;22667;0.0001323509948383112
38674;120岁？？;2;2;4;22667;0.00017646799311774828
38677;凉酱;1;3;4;22667;0.00017646799311774828
38688;Llyc;1;0;1;22667;4.411699827943707e-05
38695;李白;1;1;2;22667;8.823399655887414e-05
38701;吕总对炒币的向来十分排斥，说的话都很直接，当初还被一群炒币的给鄙视了;2;2;4;22667;0.00017646799311774828
38713;真的是自视清高做什么生意不是收割这个就是收割的世界还嘲讽别人割人你敢抿心自问你不割人吗？只是割的东西不同罢了真的是看着想笑;1;0;1;22667;4.411699827943707e-05
38715;炒币的人做的好的人会比较通透。不会比你差，;1;0;1;22667;4.411699827943707e-05
38756;作者发一条这样的宣传视频能收多少钱？;4;9;13;22667;0.0005735209776326818
38762;中文为什么彃出英文连接;2;1;3;22667;0.0001323509948383112
38773;好好修bug吧;1;3;4;22667;0.00017646799311774828
38776;太卡了;1;2;3;22667;0.0001323509948383112
38779;只能说五句话，下一位;1;1;2;22667;8.823399655887414e-05
38781;我让提供五条热点新闻，就说违规了，我去;1;1;2;22667;8.823399655887414e-05
38787;直接买了个成品号用;6;1;7;22667;0.00030881898795605945
38794;账号被封了;3;0;3;22667;0.0001323509948383112
38815;崩了直接;1;1;2;22667;8.823399655887414e-05
38817;直接用啊;1;0;1;22667;4.411699827943707e-05
38820;需要;1;0;1;22667;4.411699827943707e-05
38822;有没有不收钱的;1;0;1;22667;4.411699827943707e-05
38866;key怎么获取;4;5;9;22667;0.0003970529845149336
38871;key调用是不是要收费的;6;0;6;22667;0.0002647019896766224
38878;这不就套个壳显示;1;0;1;22667;4.411699827943707e-05
38880;光是魔法就不太友好，有推荐的魔法吗;2;0;2;22667;8.823399655887414e-05
38883;厉害厉害这个会和4一样有次数限制吗;1;0;1;22667;4.411699827943707e-05
38885;看起来很牛逼的样子;1;0;1;22667;4.411699827943707e-05
38887;支持博主;1;0;1;22667;4.411699827943707e-05
38889;喜欢支持;1;0;1;22667;4.411699827943707e-05
38895;魔法是什么;1;0;1;22667;4.411699827943707e-05
38902;好;1;0;1;22667;4.411699827943707e-05
38905;群满了;1;0;1;22667;4.411699827943707e-05
38909;牛;1;0;1;22667;4.411699827943707e-05
38916;这不是骗傻子嘛？操;3;0;3;22667;0.0001323509948383112
38920;key怎么获取;1;0;1;22667;4.411699827943707e-05
38922;这个宝藏软件更好;1;0;1;22667;4.411699827943707e-05
38924;厉害了我的哥，求软件;1;0;1;22667;4.411699827943707e-05
38926;无私分享，好东西，谢楼主;1;0;1;22667;4.411699827943707e-05
38930;666，安排万字《GPT跨境攻略》;1;1;2;22667;8.823399655887414e-05
38932;怎么用呢;4;0;4;22667;0.00017646799311774828
38937;相信，只有想不到，没有做不到;1;0;1;22667;4.411699827943707e-05
38939;他在骗你。;1;0;1;22667;4.411699827943707e-05
38942;0;1;0;1;22667;4.411699827943707e-05
38947;不错;1;0;1;22667;4.411699827943707e-05
38949;优秀;1;1;2;22667;8.823399655887414e-05
38951;0;1;0;1;22667;4.411699827943707e-05
38953;忽悠，接着忽悠;3;0;3;22667;0.0001323509948383112
38959;0;1;0;1;22667;4.411699827943707e-05
38962;我是这个插件的作者，感谢支持;75;910;985;22667;0.043455243305245514
39038;vue学了一半吃力怎么办;67;47;114;22667;0.005029337803855826
39106;想用这个，框选我写的部分代码，进行优化，可以吗？;2;0;2;22667;8.823399655887414e-05
39109;别这么教啊，培训出来的cv更快了;13;290;303;22667;0.013367450478669432
39123;多摸鱼，少写点代码，chatgpt拿来用;4;81;85;22667;0.003749944853752151
39128;不能用了;12;8;20;22667;0.0008823399655887413
39141;原来如此，前端程序员越来越卷，待遇越来越;2;31;33;22667;0.0014558609432214233
39144;pink老师，我是看你视频学的前端，现在还没毕业;6;17;23;22667;0.0010146909604270525
39151;能不能给idea整一个;4;2;6;22667;0.0002647019896766224
39156;以前可以用，现在要翻;4;6;10;22667;0.00044116998279437067
39161;这不是需要搭梯子吗;4;3;7;22667;0.00030881898795605945
39166;第一次见pink老师，和我想象的不太一样;3;2;5;22667;0.00022058499139718533
39171;核心步骤说说啊;3;1;4;22667;0.00017646799311774828
39185;不能用;1;0;1;22667;4.411699827943707e-05
39191;想睡觉感觉我还没开始读书就要失业了;1;0;1;22667;4.411699827943707e-05
39195;不能用了;1;0;1;22667;4.411699827943707e-05
39206;canvas抠图完事后面放一个div正常放弹幕的操作很简单但是gpt更好用;1;0;1;22667;4.411699827943707e-05
39226;代毅博你在看吗;1;2;3;22667;0.0001323509948383112
39228;菠萝吹雪lex6，明天试试;1;1;2;22667;8.823399655887414e-05
39234;但是好像不能用了;1;1;2;22667;8.823399655887414e-05
39240;VS2022有没有这个插件啊;1;1;2;22667;8.823399655887414e-05
39245;为什么我搜出来没有代码块？只有文本描述;1;2;3;22667;0.0001323509948383112
39249;一天一筐沙糖桔长岛冰维他岁岁Goya凎凎凎;1;1;2;22667;8.823399655887414e-05
39252;狂风中的哈士奇xx1插弹幕我会了;2;1;3;22667;0.0001323509948383112
39263;现在不能用了;2;2;4;22667;0.00017646799311774828
39269;李浩铭失业失业;1;1;2;22667;8.823399655887414e-05
39279;兎田沸羊羊桑越过群山追斜阳运维丁真painter絳予千岛凡事12138前端已死;2;0;2;22667;8.823399655887414e-05
39287;这个是不是pinck老师，b站上有他的视频;1;0;1;22667;4.411699827943707e-05
39289;Tender;1;1;2;22667;8.823399655887414e-05
39294;用了好多天了，非常好用;1;0;1;22667;4.411699827943707e-05
39306;管埋员;2;0;2;22667;8.823399655887414e-05
39310;阿里嘎多喜羊羊现在都可以这样了吗;2;0;2;22667;8.823399655887414e-05
39313;我什么我发送问题一直查找中;1;0;1;22667;4.411699827943707e-05
39316;不收费吗;1;0;1;22667;4.411699827943707e-05
39319;目送你，到最后你要学的前端;1;0;1;22667;4.411699827943707e-05
39322;多摸鱼，少写代码;1;1;2;22667;8.823399655887414e-05
39335;初槿;1;0;1;22667;4.411699827943707e-05
39340;我叫多肉;4;0;4;22667;0.00017646799311774828
39347;蟹老板;1;0;1;22667;4.411699827943707e-05
39350;在海边吃橙子monfeet;1;0;1;22667;4.411699827943707e-05
39355;比奇堡在逃汉堡;1;0;1;22667;4.411699827943707e-05
39357;Bopeep;1;0;1;22667;4.411699827943707e-05
39370;杰克的ARCH;1;0;1;22667;4.411699827943707e-05
39373;柠檬红茶;1;0;1;22667;4.411699827943707e-05
39378;涵宝宝;1;0;1;22667;4.411699827943707e-05
39381;你真l;1;0;1;22667;4.411699827943707e-05
39388;ZQZQ;1;1;2;22667;8.823399655887414e-05
39401;睡醒的小伍狼;1;0;1;22667;4.411699827943707e-05
39403;gulua;1;0;1;22667;4.411699827943707e-05
39410;太阳假如子弹换成糖果莓办法;3;1;4;22667;0.00017646799311774828
39424;温了秋天;1;0;1;22667;4.411699827943707e-05
39429;Mow;1;0;1;22667;4.411699827943707e-05
39432;麋鹿于月色下;2;0;2;22667;8.823399655887414e-05
39437;0;1;0;1;22667;4.411699827943707e-05
39439;到现在不知道chatgpt咋用，下载的网址直接打不开;2;0;2;22667;8.823399655887414e-05
39442;前端是程序员？;2;0;2;22667;8.823399655887414e-05
39446;重金收个单独账号和key;1;0;1;22667;4.411699827943707e-05
39448;要钱的;1;0;1;22667;4.411699827943707e-05
39477;最喜欢你们夫妻俩，德才兼备;1;384;385;22667;0.01698504433758327
39479;不是它回答对了，极有可能是它窃听了你们夫妻俩的对话，细思极恐;5;330;335;22667;0.014779194423611417
39486;我去天天教他错误的答案，113，让他逻辑混乱崩溃掉;13;112;125;22667;0.0055146247849296335
39500;你夫妻俩是天使，把爱带给大家;2;270;272;22667;0.011999823532006883
39504;全网最爱的俩医生;1;162;163;22667;0.007191070719548242
39506;学识渊博的夫妻;1;80;81;22667;0.0035734768606344026
39508;一对有高素养且有操守还相爱的医生，让人羡慕;1;61;62;22667;0.0027352538933250983
39510;请问老师爸是A形妈是B型能生出什么血型的女该;15;7;22;22667;0.0009705739621476155
39526;中文世界的资料有问题，所以回答错误。重点是，他的学习能力太强了。。无所不知。;4;34;38;22667;0.0016764459346186086
39531;你没理解ai的深意。怕破坏你家庭。你只要说是你老婆说的，他都会回答你老婆说的对;2;25;27;22667;0.0011911589535448007
39534;怎么能跟这个ai对话;5;5;10;22667;0.00044116998279437067
39540;AI已经在超过人类的智商，真的太可怕了。我们又在想机器能超过人类，但又在怕超过人类，人类成为机器的奴隶，或者灭掉人类。;2;13;15;22667;0.0006617549741915561
39545;小俩口学识渊博;1;2;3;22667;0.0001323509948383112
39547;我玩了一下，真的太可怕了。能够一本正经的胡说八道，要是把他错的指出来，他会非常谦虚的承认错误，并且下次就改过来了。;1;1;2;22667;8.823399655887414e-05
39549;可能的，稀有血型;2;0;2;22667;8.823399655887414e-05
39584;居安这个是吧;1;0;1;22667;4.411699827943707e-05
39701;我是A，老公是B，生的儿子是O，女儿是AB。正常吗？;1;0;1;22667;4.411699827943707e-05
39716;所以父母都是o型的孩子是什么血型;1;0;1;22667;4.411699827943707e-05
39737;AI是人还是计算机？;1;0;1;22667;4.411699827943707e-05
39743;妈是A爸是O孩子是啥血型;1;0;1;22667;4.411699827943707e-05
39753;可怕的是怕失业;2;1;3;22667;0.0001323509948383112
39758;什么是ai;1;0;1;22667;4.411699827943707e-05
39787;国内的怎么用这软件;1;0;1;22667;4.411699827943707e-05
39793;他也是百度的;2;0;2;22667;8.823399655887414e-05
39798;国内用户能注册吗？;1;1;2;22667;8.823399655887414e-05
39813;我也想玩玩这个，可惜不会啊;1;1;2;22667;8.823399655887414e-05
39817;妈妈是O型，女儿为啥是B型？;2;0;2;22667;8.823399655887414e-05
39824;再说它回答错误，会怎么样？;2;0;2;22667;8.823399655887414e-05
39835;我问过它：知道鲁智深葬花的故事么？它回答的很肯定并且一本正经的胡扯八道了一长段，能笑死人;1;2;3;22667;0.0001323509948383112
39917;CHENLIN;1;0;1;22667;4.411699827943707e-05
39964;这软件怎么搞的;1;3;4;22667;0.00017646799311774828
39973;你在中国怎么能登陆的;3;0;3;22667;0.0001323509948383112
40051;我就想问问，我怎么能下载呢？;1;0;1;22667;4.411699827943707e-05
40103;在哪里可以用？;1;0;1;22667;4.411699827943707e-05
40112;你咋下载的;14;5;19;22667;0.0008382229673093043
40127;说的啥，我82年的，是不是有代沟啊;6;5;11;22667;0.0004852869810738077
40134;玩了一个多月，确实有漏洞;4;14;18;22667;0.0007941059690298672
40139;天网觉醒，注册即沦陷;1;1;2;22667;8.823399655887414e-05
