label;一级评论;真实二级评论数;真实点赞数;边数;最大边数;集群密度
0;你是丝毫没意识到自己快失业了;130;2846;2976;8447;0.35231443115899136
131;甲方“这么简单。。。要减钱”;26;1817;1843;8447;0.21818397064046408
158;要玩midjourney的进主页粉丝群“midjourney”粉丝群，里面管理员教你们，也可以代冲;1;1;2;8447;0.00023677045104770924
160;感觉你快失业了;83;98;181;8447;0.021427725819817688
244;如果你不画画了，靠配音可能挣得更多，你声音自带喜感。;55;724;779;8447;0.09222209068308275
300;画这个必须要discord？;2;0;2;8447;0.00023677045104770924
303;你电脑怎么进的discord啊，我一直卡在转圈圈那;11;5;16;8447;0.001894163608381674
315;糟糕大批失业者在路上;20;233;253;8447;0.02995146205753522
336;失不了业，放心吧以前是给这个人配个电脑以后是给这个电脑配个人;8;38;46;8447;0.005445720374097312
345;半瓶水晃荡的画手在那边抵制AI，喊着要失业了。而厉害的画手会用AI当工具，提升自己;7;149;156;8447;0.018468095181721322
353;用这个需要梯子嘛？;25;114;139;8447;0.01645554634781579
379;其实搞这么久，你自己都画出来了;12;71;83;8447;0.009825973718479934
392;哈哈模仿一下;7;39;46;8447;0.005445720374097312
400;好了安妮也要失业了以后可以专心搞直播了;1;95;96;8447;0.011364981650290044
402;第一次画;5;33;38;8447;0.004498638569906475
408;正在使用不过制作的图和自己想的差距太大了;9;6;15;8447;0.0017757783828578194
418;真的好好玩yea感觉以后工作会更轻松啦棒棒哒我已经get到我的风格的ai调教了;9;49;58;8447;0.006866343080383568
428;所以重要的是脑洞和审美，Ai只是简化过程。;1;3;4;8447;0.0004735409020954185
442;宫村666;1;0;1;8447;0.00011838522552385462
471;喜马拉雅山还没毕业就失业了;2;0;2;8447;0.00023677045104770924
480;我本来也想出一期，想说明ai根本无法到达画师的要求，或者说还有一点距离;3;0;3;8447;0.00035515567657156387
501;失不失业的问题是会用AI并能够掌握一手信息的人淘汰掉不会用AI并且信息闭塞的人，所以大佬依旧是大佬，菜鸡更菜了;1;2;3;8447;0.00035515567657156387
510;ai拼完人类画手的图，人类再拼ai的图;2;14;16;8447;0.001894163608381674
517;爱吃糖炒栗子等我培训完我们一起学下新软件;1;0;1;8447;0.00011838522552385462
521;midjoureny画的这是怎么弄出图层的;1;1;2;8447;0.00023677045104770924
523;请教下midjourney生成的图可以有图层吗？我看你后面可以单独拖动猫咪的某一部分。;1;0;1;8447;0.00011838522552385462
530;出教程妮妮;1;0;1;8447;0.00011838522552385462
534;大家都在说她，只有我一个人感觉到她在不断学习进步，而你们;2;9;11;8447;0.001302237480762401
569;0;1;1;2;8447;0.00023677045104770924
573;这个是不是要搭梯子才能用？;2;1;3;8447;0.00035515567657156387
584;然后甲方提了多几个角度选选吧又回到手绘的工作里了;2;0;2;8447;0.00023677045104770924
594;我说一下，不会有人事业;1;1;2;8447;0.00023677045104770924
614;所以AI是让画师失业，还是让画师能更高效工作？;3;2;5;8447;0.0005919261276192731
655;catmplon谐音怪怪的;2;0;2;8447;0.00023677045104770924
664;辣酱学费了吗？;1;0;1;8447;0.00011838522552385462
668;怎么还进discord了;3;0;3;8447;0.00035515567657156387
675;其实百度也不赖;2;1;3;8447;0.00035515567657156387
707;整的包装设计;1;2;3;8447;0.00035515567657156387
720;这样也能赚到钱啊，这不是一样的吗？;2;3;5;8447;0.0005919261276192731
732;菜菜的小日子现在ai很火;1;0;1;8447;0.00011838522552385462
738;以后就跟MJ说，给我画个“谢安妮风”的狗子。。。AI就自动生成了。。。。谢安妮就失业了。。。。;1;6;7;8447;0.0008286965786669824
740;劝你出一期使用ai绘画的教程;1;0;1;8447;0.00011838522552385462
752;评论区置顶是我的所有技能的课程之后项目中、课程中也可以引进AI绘画啦真棒;15;105;120;8447;0.014206227062862556
768;有偷懒工具喽，要藏起来用噢;2;20;22;8447;0.002604474961524802
780;呆忒忒;1;0;1;8447;0.00011838522552385462
787;一粒儿;1;0;1;8447;0.00011838522552385462
791;桥豆;1;0;1;8447;0.00011838522552385462
801;Joyouth;1;0;1;8447;0.00011838522552385462
804;A七妹吖;1;0;1;8447;0.00011838522552385462
815;塞满Sama;1;0;1;8447;0.00011838522552385462
828;林儿响叮当欢迎光林西瓜砸了也不给你吃;1;0;1;8447;0.00011838522552385462
835;回忆青葱;1;0;1;8447;0.00011838522552385462
846;布丁秃头姬;3;0;3;8447;0.00035515567657156387
853;JacksonHu;1;0;1;8447;0.00011838522552385462
856;KingYo;1;0;1;8447;0.00011838522552385462
858;叫嚣的小蜜蜂LFZ;1;0;1;8447;0.00011838522552385462
860;Rain;1;0;1;8447;0.00011838522552385462
876;在等月亮叭;1;0;1;8447;0.00011838522552385462
879;你的小喇叭;1;0;1;8447;0.00011838522552385462
881;奶味豬豬;1;1;2;8447;0.00023677045104770924
892;小小小小小小慧;1;0;1;8447;0.00011838522552385462
900;图如何，不需要梯子midjourney接口;5;2;7;8447;0.0008286965786669824
906;pppppp桜紫金八刀汤花花是我爹;1;1;2;8447;0.00023677045104770924
908;免费25张刚刚知道如何白嫖如何无限输出;1;0;1;8447;0.00011838522552385462
910;拉个群大家谈过一下;1;0;1;8447;0.00011838522552385462
913;吃遍所有西瓜;1;0;1;8447;0.00011838522552385462
916;崔然竣牛，这个软件，牛;1;0;1;8447;0.00011838522552385462
923;用AI代替设计师，我好像看到了财路;1;0;1;8447;0.00011838522552385462
1052;要交钱么？;1;0;1;8447;0.00011838522552385462
1064;方無樂;1;0;1;8447;0.00011838522552385462
1079;ddddddddoddddddddo;1;0;1;8447;0.00011838522552385462
1095;kofuyu给我学;1;0;1;8447;0.00011838522552385462
1121;我还是觉得你的第一版手绘那个好看;1;0;1;8447;0.00011838522552385462
1125;你为什么不用stabledifftion;5;0;5;8447;0.0005919261276192731
1141;大窝瓜看，这就是人工智能画画。;2;0;2;8447;0.00023677045104770924
1197;这个diacord频道叫什么哇;2;0;2;8447;0.00023677045104770924
1201;派大星;1;0;1;8447;0.00011838522552385462
1210;甲方血亏;1;0;1;8447;0.00011838522552385462
1219;可问题是，无法满足商业需求，比如生成客户产品的图。。;4;0;4;8447;0.0004735409020954185
1230;阿幺好厉害;1;0;1;8447;0.00011838522552385462
1255;富贵;2;0;2;8447;0.00023677045104770924
1261;这个有PC版吗？;6;0;6;8447;0.0007103113531431277
1286;喝杯牛奶好睡觉midjourney;1;0;1;8447;0.00011838522552385462
1327;事业有“陈”;2;0;2;8447;0.00023677045104770924
1346;这就是不同层次的人被AIGC加持后的显著差异。别的低端画师是直接被取代，但是你只会取代别的公司;3;0;3;8447;0.00035515567657156387
1354;经过一段时间的测试，发现这个网站的处理效果并不理想，所以并不推荐大家使用。;4;32;36;8447;0.004261868118858767
1359;很显然国外正在AI技术大爆炸;22;227;249;8447;0.0294779211554398
1382;悄悄问问：能不能去马赛克？;17;43;60;8447;0.007103113531431278
1400;不好用，edge，谷歌，换了几个浏览器了，官网卡的进不去，好不容易进去了，随便用个图片，都是过了半天显示失败，平板，电脑都试了，浪费我二十分钟;3;1;4;8447;0.0004735409020954185
1404;一点不慌，我做丧葬的;6;41;47;8447;0.005564105599621168
1411;好捞啊，用了之后。;9;0;9;8447;0.0010654670297146917
1421;但是图片是有著作权的，这怎么办;20;6;26;8447;0.0030780158636202204
1442;那Ai生成视频什么时候来;6;6;12;8447;0.0014206227062862555
1449;adobe发布firefly支持adobe全家桶;4;12;16;8447;0.001894163608381674
1454;咱就是说画画的市场已经够难了，从古至今都难，为啥还来卷我们;7;3;10;8447;0.0011838522552385462
1462;不能完全取代，但百分90的人将转行;2;17;19;8447;0.0022493192849532377
1465;要收费吗？;6;0;6;8447;0.0007103113531431277
1472;奉劝各位，电脑配置一般，特别是显存低于8G的就不要尝试这个了，而且这个上手还是有一点难度的，大部分想尝试ai绘图的小白还是去玩midjourney吧，简单好上手;6;7;13;8447;0.0015390079318101102
1479;所以，以后可以吧转过来看背面了？;2;3;5;8447;0.0005919261276192731
1482;其实还是midj更容易用;2;4;6;8447;0.0007103113531431277
1485;泠安安安安安pong这个应该有用吧;1;0;1;8447;0.00011838522552385462
1487;这个和midjournal哪个好？;1;0;1;8447;0.00011838522552385462
1493;用这个软件后期可以嘛，能否代替pslr;1;0;1;8447;0.00011838522552385462
1495;Joe用的这个吗，还是你们公司自己训练的模型;1;0;1;8447;0.00011838522552385462
1501;要失业了;1;0;1;8447;0.00011838522552385462
1506;这个能不能3卡通图片转真人么呢？;1;0;1;8447;0.00011838522552385462
1508;说真的这个生出来的图没mj好看;1;0;1;8447;0.00011838522552385462
1512;有没有哪位能告诉我一下，这个需要电脑高配置吗，我的Mac也想用;3;0;3;8447;0.00035515567657156387
1525;留名;1;0;1;8447;0.00011838522552385462
1527;要科学上网不;1;0;1;8447;0.00011838522552385462
1533;ai这么强大，什么时候能智能去除马赛克啊;1;0;1;8447;0.00011838522552385462
1535;一只追随海草的美人鱼p图神器;3;0;3;8447;0.00035515567657156387
1541;收费吗？;1;1;2;8447;0.00023677045104770924
1545;为什么都是英文的;1;0;1;8447;0.00011838522552385462
1550;收费的;1;0;1;8447;0.00011838522552385462
1558;免费的么;1;0;1;8447;0.00011838522552385462
1563;真好用;1;0;1;8447;0.00011838522552385462
1567;能不能把我的日本女神超清晰一点;2;0;2;8447;0.00023677045104770924
1578;觉觉;1;0;1;8447;0.00011838522552385462
1582;无敌霹雳战神;1;0;1;8447;0.00011838522552385462
1589;陆小寒小白小曼今天也很开心;1;0;1;8447;0.00011838522552385462
1595;老外高科技层出不穷，嗯，我们这为啥搞科研的什么都没研究出来了？;2;3;5;8447;0.0005919261276192731
1600;ai就是下一次的工业革命;1;1;2;8447;0.00023677045104770924
1602;要梯子吗？;2;0;2;8447;0.00023677045104770924
1605;哈哈，那个clip就是一坨屎;1;1;2;8447;0.00023677045104770924
1607;是不是要先下discord;2;0;2;8447;0.00023677045104770924
1612;AI再厉害，需要厉害的人，和有想法的人操作Ai，不是ai操作人。ai没有情感和交流，包括发现问题和解决问题生成那多图，什么合适什么不合适？什么能用什么不能用。工具学两天谁都会，大家都会了，比的还是想法设计，审美，还是和现在一样，只不过大家都升级了装备;2;1;3;8447;0.00035515567657156387
1617;这个视频博主骚，我喜欢;1;0;1;8447;0.00011838522552385462
1619;刚上了一下这个StableDiffusion，就很扯蛋，不信你自己放一张自己手上的图片试试;1;0;1;8447;0.00011838522552385462
1641;起初人们只是觉得好玩直到很多人都丢了工作;80;2658;2738;8447;0.324138747484314
1722;昨晚画的;13;684;697;8447;0.08251450219012667
1736;多少美金一月;1;1;2;8447;0.00023677045104770924
1738;0;102;446;548;8447;0.06487510358707234
1841;快点开源，我们要弯道超车，我们要遥遥领先;18;327;345;8447;0.040842902805729844
1860;我是人类，开始区分了;5;230;235;8447;0.027820527998105835
1866;我突然有一些大胆的想法，不知道是否可行;39;87;126;8447;0.014916538416005683
1906;我学广告设计的，我是不是最先饿死的一批;23;56;79;8447;0.009352432816384515
1930;还是stablediffusion可控性高，虽然画出来还是六指;36;117;153;8447;0.018112939505149757
1967;很快就会被告到破产了侵权问题挺严肃的;24;130;154;8447;0.018231324730673612
1992;各位冷嘲热讽的不要高兴的太早，ai的刀会落到每个人头上;3;37;40;8447;0.004735409020954185
1996;0;79;247;326;8447;0.03859358352077661
2076;已经不能免费使用了，不如自己搭建个stablediffusion;7;39;46;8447;0.005445720374097312
2084;我想要的花木兰;6;29;35;8447;0.004143482893334912
2091;这AI啥时把地种了，不用农民操心，不用杀虫剂，24小时物理驱虫，这多牛逼;11;19;30;8447;0.003551556765715639
2106;为什么我这边按操作？它提示要缴费定阅或者是预约;3;0;3;8447;0.00035515567657156387
2118;怣梦你需要;1;0;1;8447;0.00011838522552385462
2132;笑该动人、你;1;0;1;8447;0.00011838522552385462
2137;要收费了用不了，有没不收费的;1;2;3;8447;0.00035515567657156387
2139;还是要学习英语啊;1;0;1;8447;0.00011838522552385462
2141;LEILEI右上角的我已经很满意;1;0;1;8447;0.00011838522552385462
2145;建立自己服务器后想要添加midj但是点击mid后没有成员列表怎么？;1;0;1;8447;0.00011838522552385462
2148;刚做的;1;2;3;8447;0.00035515567657156387
2157;用这个做单子不会侵权吧。。。;1;2;3;8447;0.00035515567657156387
2161;很简单，关键是咒语的准确性;6;2;8;8447;0.000947081804190837
2168;加一琪产品设计不是铁定失业了;1;1;2;8447;0.00023677045104770924
2170;可以搞视频吗？;3;2;5;8447;0.0005919261276192731
2175;普通人下载都下载不了。;2;0;2;8447;0.00023677045104770924
2179;0;1;0;1;8447;0.00011838522552385462
2185;烧卖画大饼赶紧学就不用找图画师了;1;0;1;8447;0.00011838522552385462
2189;感觉好难啊;3;0;3;8447;0.00035515567657156387
2194;30美元一个月;2;1;3;8447;0.00035515567657156387
2216;要钱吗？;1;0;1;8447;0.00011838522552385462
2226;在国内能实现吗;4;0;4;8447;0.0004735409020954185
2237;文字翻译那里没听懂，翻译的链接在哪呢;2;1;3;8447;0.00035515567657156387
2245;为什么国内不能用呢，AI已势不可挡，国内能正常是正常用上也不知道要多久，到时我们又落后别人了;2;5;7;8447;0.0008286965786669824
2250;0;1;1;2;8447;0.00023677045104770924
2252;真的吗，有人教练我吗;1;1;2;8447;0.00023677045104770924
2258;还是差别很大，细节方面，很多不符合商用要求;1;3;4;8447;0.0004735409020954185
2260;渝北猪儿虫鬼鬼每个月30;1;0;1;8447;0.00011838522552385462
2262;是不是要翻的;1;1;2;8447;0.00023677045104770924
2264;为什么我的提示订阅或者明天再试呢？;1;1;2;8447;0.00023677045104770924
2266;看了一下生成的图，龙都不是中国龙，细节问题还是有西化感，脱离了民族风格。;1;0;1;8447;0.00011838522552385462
2268;宴宴哈人;1;1;2;8447;0.00023677045104770924
2271;多少钱一个月;1;0;1;8447;0.00011838522552385462
2274;就是一点加入就卡死怎么回事啊;1;0;1;8447;0.00011838522552385462
2281;独这才是未来，给8我旺旺;1;0;1;8447;0.00011838522552385462
2287;也是徐一念出教程热度还是持续往上升的，大多数人还是都不会这个的;1;0;1;8447;0.00011838522552385462
2289;要钱吗？;1;0;1;8447;0.00011838522552385462
2291;进不去啊一直在转，魔法开全局都不行，还在转;3;4;7;8447;0.0008286965786669824
2297;这么智能为什么不直接翻译成中文。。。;1;0;1;8447;0.00011838522552385462
2304;验证第一步为啥是“我是人类”？;1;1;2;8447;0.00023677045104770924
2307;收费吗？？;1;0;1;8447;0.00011838522552385462
2312;luo女可以画吗;1;0;1;8447;0.00011838522552385462
2316;我儿子问我，为什么机器人和人工智能不能代替士兵去打仗？;4;1;5;8447;0.0005919261276192731
2321;无奈的游者;1;0;1;8447;0.00011838522552385462
2327;现在得需要会员了;1;1;2;8447;0.00023677045104770924
2339;手机收不到验证码;1;3;4;8447;0.0004735409020954185
2341;国内怎么安装;1;0;1;8447;0.00011838522552385462
2344;估计ai动画也不远了;1;1;2;8447;0.00023677045104770924
2347;怎么玩的;1;0;1;8447;0.00011838522552385462
2350;discord我都注册不了;1;0;1;8447;0.00011838522552385462
2353;下一步就是AI厨师，想吃什么都能合成出来了;3;2;5;8447;0.0005919261276192731
2363;他怎么说我作业操作受限，由于需求量很大，我们目前无法提供免费试用。请订阅或明天重试。;3;1;4;8447;0.0004735409020954185
2368;要付费么;2;0;2;8447;0.00023677045104770924
2377;说实话，我这两天一直看相关Ai的视频，绘画真的我怕了特别害怕了，特别恐怖了，你想象不到的任何东西ia分分钟给你搞定，特别完整没有任何破绽，人类面对着什么样的危机？设计师，模特，作者会不会败给ia呢机器真的会取代人类吗？;18;22;40;8447;0.004735409020954185
2397;甜句去弄;2;0;2;8447;0.00023677045104770924
2400;能做酒包装吗;4;0;4;8447;0.0004735409020954185
2406;AI设计的是AI原创的吗，会不会和别人的撞上;1;0;1;8447;0.00011838522552385462
2411;作业操作受限由于需求巨大，我们现在无法提供免费试用。请订阅或明天再试。;2;0;2;8447;0.00023677045104770924
2414;风信子感觉设计不太有光景了;2;0;2;8447;0.00023677045104770924
2419;我连下载都不会;1;0;1;8447;0.00011838522552385462
2443;点JOIN的时候就没反应了;1;0;1;8447;0.00011838522552385462
2445;为什么我登录不进去;1;1;2;8447;0.00023677045104770924
2450;为什么进不去啊;2;1;3;8447;0.00035515567657156387
2458;欧润吉鸭鸭;1;0;1;8447;0.00011838522552385462
2460;怎么用啊我都打不开直接;1;0;1;8447;0.00011838522552385462
2462;这个收费吗，老铁;1;0;1;8447;0.00011838522552385462
2464;关音卧槽？;1;0;1;8447;0.00011838522552385462
2469;最重要的网络问题怎么解决呢;3;4;7;8447;0.0008286965786669824
2480;我好落后，我连网站都打不开，更别说用关联的另外的了;3;5;8;8447;0.000947081804190837
2485;能用ai帮我写一篇论文吗;6;0;6;8447;0.0007103113531431277
2495;让它给我来个乌鸡鲅鱼;6;0;6;8447;0.0007103113531431277
2503;没看懂，chatgpt除了翻译中文，啥也没干？;6;0;6;8447;0.0007103113531431277
2511;帮我画一个卖核弹的小女孩，然后小女孩非常冷，点燃了核弹，全村人都看见了她奶奶;2;12;14;8447;0.0016573931573339647
2515;0;1;2;3;8447;0.00035515567657156387
2518;好像免费体验关闭了，今天一晚上都没成功;6;4;10;8447;0.0011838522552385462
2527;如果越来越多人用会不会很多图都会相似了毕竟能吃的图也就这么多画师不画了就没有参考;7;6;13;8447;0.0015390079318101102
2535;和我的夫妻肺片相比，差太多了;2;5;7;8447;0.0008286965786669824
2539;我输入指令后，ai只能生成4张图片吗？;1;0;1;8447;0.00011838522552385462
2541;可以绘画出ai自己觉得自己的模样吗;4;0;4;8447;0.0004735409020954185
2546;平面设计师要下岗了;4;13;17;8447;0.0020125488339055287
2551;为啥我discord验证完手机号就被封了;2;0;2;8447;0.00023677045104770924
2554;这个赫敏我觉得也不错，当然手指是硬伤，但如果扔ps擦一下也就分分钟的事。关键是它出来的图确实很符合我的描述。;4;4;8;8447;0.000947081804190837
2559;如果连上3D打印很多行业要重新洗牌;2;97;99;8447;0.011720137326861607
2562;如果两个人的条件相同会出现一样的图吗;2;6;8;8447;0.000947081804190837
2565;甲方：能不能把杯子倒过来？我想看看杯子底部;3;31;34;8447;0.004025097667811057
2569;需要梯子才能使用吗;1;0;1;8447;0.00011838522552385462
2571;为什么我按照你的文字，chatgpt不会英文，只会和我对话？;1;0;1;8447;0.00011838522552385462
2575;是收费的，。画的怎么样完全看你的表达能力，翻译很重要;13;51;64;8447;0.007576654433526696
2590;为什么我gpt他回答是中文的;2;0;2;8447;0.00023677045104770924
2593;一切需要在网络中处理的结果，都不安全。也不智能。什么时候没有网络他依然可以运行，那才是有用的。;70;12;82;8447;0.009707588492956078
2664;今天画的;4;17;21;8447;0.002486089736000947
2671;必须要付费么;3;9;12;8447;0.0014206227062862555
2676;Jointhebeta打不开咋弄;1;9;10;8447;0.0011838522552385462
2678;0;2;11;13;8447;0.0015390079318101102
2682;有没有办法把杯子上的图展开？;8;75;83;8447;0.009825973718479934
2691;我画的;20;9;29;8447;0.003433171540191784
2712;我能玩一天;3;9;12;8447;0.0014206227062862555
2716;快夸夸我描述出来的图片咋样;5;11;16;8447;0.001894163608381674
2722;刚生成的;24;72;96;8447;0.011364981650290044
2750;想好了哦;1;0;1;8447;0.00011838522552385462
2758;阿九一天饿三顿;1;0;1;8447;0.00011838522552385462
2767;Nana;1;0;1;8447;0.00011838522552385462
2770;偷偷想我;1;0;1;8447;0.00011838522552385462
2774;半颗梨子程大小姐;2;0;2;8447;0.00023677045104770924
2789;小黄爱吃辣;1;0;1;8447;0.00011838522552385462
2792;yoo;1;0;1;8447;0.00011838522552385462
2798;达米恩红红;1;0;1;8447;0.00011838522552385462
2804;昱核发布;1;0;1;8447;0.00011838522552385462
2816;同学你几年级吖我是企鹅23390后遇上00后;2;0;2;8447;0.00023677045104770924
2819;圆圆脸仙女;1;0;1;8447;0.00011838522552385462
2822;Aug;1;0;1;8447;0.00011838522552385462
2830;bot1;1;0;1;8447;0.00011838522552385462
2836;董大俊喲;1;1;2;8447;0.00023677045104770924
2870;唔西迪西c;2;0;2;8447;0.00023677045104770924
2873;咕噜lulu今天还是这么可爱;1;0;1;8447;0.00011838522552385462
2879;M、;1;0;1;8447;0.00011838522552385462
2881;Xxxxxxx;1;0;1;8447;0.00011838522552385462
2890;杨光指弹;1;0;1;8447;0.00011838522552385462
2906;我也是无语了;3;0;3;8447;0.00035515567657156387
2912;这个可以加线稿或者半成品去让ai深化拓展吗？;1;0;1;8447;0.00011838522552385462
2916;无需科学上网，国内midjourneyv5接口，每天免费20张图，还不来爽？;18;4;22;8447;0.002604474961524802
2935;我突然有一个大胆又变态的想法;7;3;10;8447;0.0011838522552385462
2943;呵呵，每个人输入同样的描述，出来的图都一样，这样的设计有意义？;11;7;18;8447;0.0021309340594293834
2955;GitHub只能帮你们到这里了;4;39;43;8447;0.005090564697525749
2960;我觉得这个好比之前的百度，搜索一个中国风杯子，等素材，这个只是在搜索这个基础上可能加了点电脑自己的创作，而且很复杂，还有待进步，;3;4;7;8447;0.0008286965786669824
2964;怎么下载啊。？？;4;0;4;8447;0.0004735409020954185
2969;为啥有免费的sd不用？;4;0;4;8447;0.0004735409020954185
2974;有没有跟视频相关的Ai软件？;3;0;3;8447;0.00035515567657156387
2978;怎么下载呀;2;0;2;8447;0.00023677045104770924
2981;biubiubiu别难为我胖虎关阝木木YA非常讨厌做有氧watson姐妹你广告设计可以用ai;2;0;2;8447;0.00023677045104770924
2991;和百度搜图片有什么区别呢;1;0;1;8447;0.00011838522552385462
2993;这网站是不是得要梯子才能进啊？;1;0;1;8447;0.00011838522552385462
2995;关键，没有梯子啊;1;0;1;8447;0.00011838522552385462
2997;求梯子;1;0;1;8447;0.00011838522552385462
2999;求梯子;1;0;1;8447;0.00011838522552385462
3001;它用的梯子。咱们用不了;1;0;1;8447;0.00011838522552385462
3003;怎么翻？求大佬告知;1;0;1;8447;0.00011838522552385462
3066;王高兴你用的上吗;2;0;2;8447;0.00023677045104770924
3076;这个软件需要翻么;1;0;1;8447;0.00011838522552385462
3079;亿万富翁臭屁桃;1;0;1;8447;0.00011838522552385462
3084;全网都在用AI，为何我找不到;1;0;1;8447;0.00011838522552385462
3089;我们平面设计的是不是要失业了;1;0;1;8447;0.00011838522552385462
3092;你C哥;1;0;1;8447;0.00011838522552385462
3102;需要爬墙吗？;1;0;1;8447;0.00011838522552385462
3110;小鹿啊你要失业了;1;0;1;8447;0.00011838522552385462
3115;为啥一直显示目前无法提供免费试用要订阅;7;0;7;8447;0.0008286965786669824
3125;老王你的绘画;1;0;1;8447;0.00011838522552385462
3134;喂自己袋盐你专业好像要被人工取代了;4;0;4;8447;0.0004735409020954185
3143;想问为何我一直登陆不上去discard吗;4;0;4;8447;0.0004735409020954185
3149;为啥我没法注册;3;0;3;8447;0.00035515567657156387
3153;梯子哪里找啊;1;0;1;8447;0.00011838522552385462
3171;atopos;1;0;1;8447;0.00011838522552385462
3179;不知道为什么封了;1;0;1;8447;0.00011838522552385462
3181;Iris叉叉太可怕了太可怕了，我在想我要不要去研究研究。。。;2;0;2;8447;0.00023677045104770924
3198;有点小烦;1;0;1;8447;0.00011838522552385462
3206;这玩意儿就怕定向训练，定向黑客手段攻击，在数字化产品时代，高纬度打击低纬度，整个国家给你整瘫痪掉然后定向训练机器人操作，你能想象一个自动化GPT训练操作机器人的操作熟练度嘛;1;0;1;8447;0.00011838522552385462
3213;0;1;0;1;8447;0.00011838522552385462
3219;S苏;1;0;1;8447;0.00011838522552385462
3221;英语不好的估计很难操作咯;1;0;1;8447;0.00011838522552385462
3225;别吵我睡觉;1;0;1;8447;0.00011838522552385462
3236;MZY;1;0;1;8447;0.00011838522552385462
3240;VIP是只小娘娘;1;0;1;8447;0.00011838522552385462
3244;王小静吖好牛;1;0;1;8447;0.00011838522552385462
3247;猪猪咩;1;0;1;8447;0.00011838522552385462
3252;海的那边会是你吗他有个我是人类的选项;1;0;1;8447;0.00011838522552385462
3269;如果多人问了或要求它做同样的事情，得出的结果会是一样或近似吗？;1;0;1;8447;0.00011838522552385462
3284;可恶啊，我明明每一步都把你暂停了都比你快，为什么登不进去你的账号;1;0;1;8447;0.00011838522552385462
3294;为什么我的要收费才可以用？;1;0;1;8447;0.00011838522552385462
3305;AWANJXdhxbekdhhsAi绘图;1;0;1;8447;0.00011838522552385462
3313;非斂葉云;1;0;1;8447;0.00011838522552385462
3315;这就是国外的软件所谓的中国元素，感觉都一样，不是龙就是凤;1;0;1;8447;0.00011838522552385462
3327;对一个人外貌详细描述会和本人长得一样吗？;2;0;2;8447;0.00023677045104770924
3331;晨;1;0;1;8447;0.00011838522552385462
3337;小猪肘子新的工业革命太可怕了;2;0;2;8447;0.00023677045104770924
3340;冷风死歌王有意思来;3;0;3;8447;0.00035515567657156387
3346;沉入了冰洋;1;0;1;8447;0.00011838522552385462
3356;Ashhhh坏尐絯你们还没工作就快失业了;1;0;1;8447;0.00011838522552385462
3364;怎么我的要收费？提示加入订阅;6;0;6;8447;0.0007103113531431277
3376;给我生成一部电影，今晚需要，谢谢;1;0;1;8447;0.00011838522552385462
3380;太牛了以后广告设计都能自己做了太牛了;2;0;2;8447;0.00023677045104770924
3385;我想知道每次生成的都不一样还是生成的都是同样的内容？;1;0;1;8447;0.00011838522552385462
3399;我在想能不能画一些;1;0;1;8447;0.00011838522552385462
3411;不氪金只能画25张？;1;0;1;8447;0.00011838522552385462
3413;25次用完之后呢？？;1;0;1;8447;0.00011838522552385462
3421;免费吗？;1;0;1;8447;0.00011838522552385462
3437;Estefan臭宝儿想要AMG;1;0;1;8447;0.00011838522552385462
3443;网页打不开;1;0;1;8447;0.00011838522552385462
3448;从未遇见;1;0;1;8447;0.00011838522552385462
3453;能剪视频吗？;2;0;2;8447;0.00023677045104770924
3473;456789;1;0;1;8447;0.00011838522552385462
3485;进了半天没进去;5;0;5;8447;0.0005919261276192731
3496;费用好贵啊;3;0;3;8447;0.00035515567657156387
3509;这是国外的一个APP吗还是啥呀？我都还没整明白;2;0;2;8447;0.00023677045104770924
3521;试了，我让他画中国队世界杯夺冠，他给我画了个大大的“滚”字。;1;0;1;8447;0.00011838522552385462
3525;能帮我做机械产品设计吗？能出工程图吗？那就牛逼了;1;0;1;8447;0.00011838522552385462
3541;我用edge浏览器打不开啊;1;0;1;8447;0.00011838522552385462
3553;鱼粥粥哇，会不会影响你的行业;1;0;1;8447;0.00011838522552385462
3561;提示暂时无法免费提供;1;0;1;8447;0.00011838522552385462
3575;他能做室内设计吗？;1;0;1;8447;0.00011838522552385462
3586;某某某;4;0;4;8447;0.0004735409020954185
3594;为啥无法访问;1;0;1;8447;0.00011838522552385462
3598;嘻吁许;3;0;3;8447;0.00035515567657156387
3612;为什么一直加不进去;5;0;5;8447;0.0005919261276192731
3640;SkinDeep试一下;1;0;1;8447;0.00011838522552385462
3654;SUNLTH森林子（韶关）;1;0;1;8447;0.00011838522552385462
3656;0;1;0;1;8447;0.00011838522552385462
3674;Jennifer;3;0;3;8447;0.00035515567657156387
3678;Tenero学会了;1;0;1;8447;0.00011838522552385462
3684;可以写脚本吗？;2;0;2;8447;0.00023677045104770924
3690;不懂就问：用作商业用途，有侵权风险吗;3;0;3;8447;0.00035515567657156387
3697;s这玩意很适合你啊;1;0;1;8447;0.00011838522552385462
3702;羊仔旺旺;1;0;1;8447;0.00011838522552385462
3709;你在做咩啊;1;0;1;8447;0.00011838522552385462
3747;雷大哥;15;0;15;8447;0.0017757783828578194
3763;步骤太多太复杂，等到我可以直接对手机说一句用ai帮我画个中国风杯子就ok的那天;3;0;3;8447;0.00035515567657156387
3767;Rui嘟嘟嘟是你阿紫你俩快失业了朋友;1;0;1;8447;0.00011838522552385462
3772;请问是什么网络这么的流畅;1;0;1;8447;0.00011838522552385462
3775;需要账户付费吗;1;0;1;8447;0.00011838522552385462
3777;小方mj加上adobe最近出的萤火虫AI画图设计我感觉我现在学设计来不及了;1;0;1;8447;0.00011838522552385462
3785;ApersonNice你的瓶子用这个设计不就行了;2;0;2;8447;0.00023677045104770924
3790;Gotit绝了;1;0;1;8447;0.00011838522552385462
3797;插画师还没毕业就失业了;1;0;1;8447;0.00011838522552385462
3800;生椰大满贯不用画画了;2;0;2;8447;0.00023677045104770924
3803;友人;1;0;1;8447;0.00011838522552385462
3813;为什么我是工作量太大，明天在重试;1;0;1;8447;0.00011838522552385462
3820;老师，现在免费的不能画图吗？提示受限;4;0;4;8447;0.0004735409020954185
3827;PXY;1;0;1;8447;0.00011838522552385462
3829;passer真担心有一天会被ai代替;2;0;2;8447;0.00023677045104770924
3837;责任任我觉得该认真研究下这个东西;2;0;2;8447;0.00023677045104770924
3846;我输入指令后，提示现在需求量过大让我明天再试或者订阅，有遇到同样问题的人吗？求交流;2;0;2;8447;0.00023677045104770924
3851;这种有版权吗;3;0;3;8447;0.00035515567657156387
3856;只给我画了一个就说累了，要我明天再用。没啥意思。删了;1;0;1;8447;0.00011838522552385462
3864;有侵权问题吗;1;0;1;8447;0.00011838522552385462
3877;ai画的;1;0;1;8447;0.00011838522552385462
3881;金潮;1;0;1;8447;0.00011838522552385462
3885;西蒙Z;1;0;1;8447;0.00011838522552385462
3897;还有一朵猫;1;0;1;8447;0.00011838522552385462
3902;阿棋潜匿在水中这个国内能下载嘛？;1;0;1;8447;0.00011838522552385462
3911;小璐爱吃柚子好狠以后不要设计师了;4;0;4;8447;0.0004735409020954185
3919;31415;1;0;1;8447;0.00011838522552385462
3928;胡萝北好6，想玩。;1;0;1;8447;0.00011838522552385462
3933;为啥都是英文的。不是中文的;1;0;1;8447;0.00011838522552385462
3952;让它画个吓死人的克苏鲁，能画出来吗;1;0;1;8447;0.00011838522552385462
3991;在路上琉璃若火记得睡觉哦LIKEYO牛仔nzz;1;0;1;8447;0.00011838522552385462
3999;怎么连接不上呢，点击网页就无法链接了，是要外网吗？;1;0;1;8447;0.00011838522552385462
4007;可以用自己图片去喂养出图吗;2;0;2;8447;0.00023677045104770924
4011;Aoliviya丶HoKi;1;0;1;8447;0.00011838522552385462
4015;刚刚画的;1;0;1;8447;0.00011838522552385462
4037;郑州和风;1;0;1;8447;0.00011838522552385462
4055;出现“我是人类”这个选项就开始恐怖了;1;0;1;8447;0.00011838522552385462
4063;请问你们怎么进去的;5;0;5;8447;0.0005919261276192731
4070;Justdoit;1;0;1;8447;0.00011838522552385462
4073;这个设计到底是原创还是挖到的最适合的现成设计？还是别人设计元素的拼接？;3;0;3;8447;0.00035515567657156387
4106;KStube;1;0;1;8447;0.00011838522552385462
4108;ZhAo;1;0;1;8447;0.00011838522552385462
4124;这个解决不了客户要求原创的需求;1;0;1;8447;0.00011838522552385462
4135;RachelRachel;1;0;1;8447;0.00011838522552385462
4138;JonnyZ;2;0;2;8447;0.00023677045104770924
4142;搜索引擎，从个人或公司互联事先架构整合完成的。不联网啥都不是;1;0;1;8447;0.00011838522552385462
4153;需要钱呢;1;0;1;8447;0.00011838522552385462
4165;这个图片是矢量图吗，不是矢量图没有用;1;0;1;8447;0.00011838522552385462
4172;这个软件是免费的，还是收费的？;1;0;1;8447;0.00011838522552385462
4183;要花钱吗？;1;0;1;8447;0.00011838522552385462
4193;问下40怎么访问;1;0;1;8447;0.00011838522552385462
4195;MJ要收费，而且还有局限性。还是stablediffusion好用，用的好，啥图都能生成;1;0;1;8447;0.00011838522552385462
4203;您的教程才是真的教程;3;0;3;8447;0.00035515567657156387
4212;源文件能让它导出来吗;1;0;1;8447;0.00011838522552385462
4224;玉生烟试试;1;0;1;8447;0.00011838522552385462
4232;价格怎么样;3;0;3;8447;0.00035515567657156387
4237;卷;1;0;1;8447;0.00011838522552385462
4241;在图库里找到了几张效果图然后发出来了做设计的人都应该知道，每年大量的设计公司做的飞机稿都去哪里了;7;0;7;8447;0.0008286965786669824
4265;0;2;0;2;8447;0.00023677045104770924
4270;不需要付费吗;1;0;1;8447;0.00011838522552385462
4273;MID升级到V5，都需要付费订阅，你视频上没说。是可以不付费吗？;1;0;1;8447;0.00011838522552385462
4276;我就想问，discord账号你们都咋注册的，那个网页也打不开，下载discord也打不开，就想知道你们是怎么注册discord账号的;20;0;20;8447;0.0023677045104770924
4304;windows电脑可以用么;1;0;1;8447;0.00011838522552385462
4312;周一你看;1;0;1;8447;0.00011838522552385462
4320;这不就是在素材库里重新拼凑吗，是这个意思不;1;0;1;8447;0.00011838522552385462
4329;他们生成的图片都比较诡异，也许这是我自己的感觉，不知道为什么。;2;0;2;8447;0.00023677045104770924
4337;百亩林的噗噗;1;0;1;8447;0.00011838522552385462
4339;早就不免费了，30美金一个月;1;0;1;8447;0.00011838522552385462
4341;多次输入相同指令会生成同样的图片吗？;1;0;1;8447;0.00011838522552385462
4346;有手机版本没？;2;0;2;8447;0.00023677045104770924
4351;在这个页面不动了怎么回事;1;0;1;8447;0.00011838522552385462
4354;注册后，安全检验绑定手机号，收不到验证码怎么解决？;1;0;1;8447;0.00011838522552385462
4364;兔兔次兔兔不长肉肉有用根据需求出效果图;1;0;1;8447;0.00011838522552385462
4367;西方式审美;1;0;1;8447;0.00011838522552385462
4370;狼竺跨境站外推广;1;0;1;8447;0.00011838522552385462
4376;对电脑配置要求高吗;2;0;2;8447;0.00023677045104770924
4383;画出来的是你需要的吗;1;0;1;8447;0.00011838522552385462
4386;我的天，这太恐怖了;1;0;1;8447;0.00011838522552385462
4388;跟Stablediffusion有什么不同吗？;3;0;3;8447;0.00035515567657156387
4398;0;1;0;1;8447;0.00011838522552385462
4407;你这个为什么是中文版;1;0;1;8447;0.00011838522552385462
4409;手机号码验证搞了十几次，都是invaildphonenumber;1;0;1;8447;0.00011838522552385462
4417;adobe都出了自己的ai：firefly，其他的都靠边吧;27;42;69;8447;0.008168580561145968
4445;Firefly秒杀一切;9;55;64;8447;0.007576654433526696
4455;您的所在地区无法使用imageCreator敬请期待;15;112;127;8447;0.015034923641529536
4471;stableDiffusion才是王者;4;5;9;8447;0.0010654670297146917
4476;你所在的区域即将推出映像创建;1;0;1;8447;0.00011838522552385462
4478;那个生成的漂亮女人，看起来不算漂亮;17;61;78;8447;0.009234047590860661
4496;中国地区不能使用;8;23;31;8447;0.003669941991239493
4506;edge采用Chrome内核后放弃万年IE，感觉微软这几年开窍了啊，一做就是爆款;2;9;11;8447;0.001302237480762401
4509;突然间感觉多了很多新的AI这个AI那个AI就那个AI今天叫你去试那个，明天叫你去试那个;3;1;4;8447;0.0004735409020954185
4513;广东佛山，刚打开网站，无法使用;2;9;11;8447;0.001302237480762401
4517;还得是本地部署;4;0;4;8447;0.0004735409020954185
4523;挺不错的，就是输入关键词之后要审核。增强功能要花钱，不花钱的话就得等。;3;0;3;8447;0.00035515567657156387
4543;我只服文心一言;1;0;1;8447;0.00011838522552385462
4550;我试了目前仅支持英语描述中文不行;1;0;1;8447;0.00011838522552385462
4559;我有个大胆的想法;1;0;1;8447;0.00011838522552385462
4581;收费嘛？;1;0;1;8447;0.00011838522552385462
4583;国内用不了;1;0;1;8447;0.00011838522552385462
4586;让它画起重机;1;0;1;8447;0.00011838522552385462
4588;我们这个Region好像不太受欢迎;1;0;1;8447;0.00011838522552385462
4595;打不开呀;1;0;1;8447;0.00011838522552385462
4602;这图片是生成的还是搜索的;1;1;2;8447;0.00023677045104770924
4608;发现当一个新的东西出来就会有一群东西出来每次都是毫不意外是科技在躲躲藏藏还是什么;1;0;1;8447;0.00011838522552385462
4612;慢慢慢冷山看海可以生成涩图吗;2;0;2;8447;0.00023677045104770924
4624;想知道AI绘图是AI自己生成的还是他在网上搜索的结果;2;1;3;8447;0.00035515567657156387
4628;这个用钱吗;1;0;1;8447;0.00011838522552385462
4632;免费的吗;1;0;1;8447;0.00011838522552385462
4637;画了6次，5次被阻止提示;3;0;3;8447;0.00035515567657156387
4642;好像有人说所有的ai绘图都处理不好手的部分。;1;0;1;8447;0.00011838522552385462
4644;这种图片版权怎么算;1;0;1;8447;0.00011838522552385462
4667;我生成的都是歪嘴眼;1;1;2;8447;0.00023677045104770924
4675;midjonrey有點複雜。個人感覺頁面比較亂。但是功能還是很強大的;1;0;1;8447;0.00011838522552385462
4679;不让用;2;0;2;8447;0.00023677045104770924
4689;这个需要像mj一样付费吗？;4;0;4;8447;0.0004735409020954185
4703;这跟绘画有什么联系吗？有谁会绘画这个？要照相机干什么？这明明是摄影吧？;1;0;1;8447;0.00011838522552385462
4760;我用i513500HRTX30506GB的的Pro14感觉不咋吃配置;7;34;41;8447;0.004853794246478039
4768;从这做出来的图片需要担心版权问题吗？;2;21;23;8447;0.002722860187048656
4771;画个我们都喜欢的呗;1;13;14;8447;0.0016573931573339647
4773;能不能说一下，如何网上的视频下载保存到c盘上，电脑小白提问;4;0;4;8447;0.0004735409020954185
4778;拯救者行不行;4;3;7;8447;0.0008286965786669824
4784;吃不吃显;1;1;2;8447;0.00023677045104770924
4788;能画人吗;2;1;3;8447;0.00035515567657156387
4791;为啥安装不能继续;3;0;3;8447;0.00035515567657156387
4795;那我是AMD的显卡能用吗？;1;2;3;8447;0.00035515567657156387
4799;直接说多少钱？;1;1;2;8447;0.00023677045104770924
4803;锐龙可以用吗;1;0;1;8447;0.00011838522552385462
4806;英伟达更牛逼的是正在自动驾驶领域布局;1;1;2;8447;0.00023677045104770924
4827;暴躁年年;2;0;2;8447;0.00023677045104770924
4833;只能RTX，GTX的别想了;1;1;2;8447;0.00023677045104770924
4835;小新16pro2023锐龙版可以用吗;1;1;2;8447;0.00023677045104770924
4841;苹果m1的有吗;1;0;1;8447;0.00011838522552385462
4852;速度变快，效率变高，然后，，，，设计费变低，价格就被打下来了;1;283;284;8447;0.033621404048774714
4867;晴星尘就这个网站刚注册完下一秒就给我发邮件说违反了社区规定，账号被封禁了;1;1;2;8447;0.00023677045104770924
4941;文心一格人工智障;2;14;16;8447;0.001894163608381674
4955;摄影工作室和模特血崩;287;8160;8447;8447;1.0
5243;有没有发现ai的内容在国内被限流;292;5855;6147;8447;0.7277139812951343
5537;平面模特要失业了，谁能想到取代他们的竟然不是人;191;3517;3708;8447;0.4389724162424529
5730;以后在抖音上扭屁股的，全是AI了，完美身型，还不累，一直跳;57;3087;3144;8447;0.3722031490469989
5788;这是我自己描述的女人;192;330;522;8447;0.06179708772345211
5981;有些职位已经开始失业了;33;1289;1322;8447;0.15650526814253582
6015;看看ai生成的汉服漂亮的不要不要的;65;4472;4537;8447;0.5371137682017284
6081;婚纱摄影行业就要倒闭了。弄个人脸和身高体型数据给AI一键生成婚纱照，要马尔代夫就马尔代夫，要尼泊尔就尼泊尔，省掉十几万的费用。。。;34;119;153;8447;0.018112939505149757
6116;chatgpt的能力不用怀疑，倒是如何提问成了一门技术活;27;987;1014;8447;0.12004261868118858
6144;完了电商设计师平面设计视觉设计都要失业了;79;115;194;8447;0.022966733751627798
6224;以后洗浴中心技师的颜值水平将被再次拉高了;21;364;385;8447;0.04557831182668403
6246;好多美女要失业了，ai生成的美女，目前就手指不好处理，其他的想怎么设定就怎么设定;63;1176;1239;8447;0.1466792944240559
6310;箱包类渲染质感更好;94;536;630;8447;0.0745826920800284
6405;鱼与剑与花好家伙果然赚钱的路子有人研究，你上次那个照片也是这个意思;2;0;2;8447;0.00023677045104770924
6414;这是盗版行为，公然盗版;2;0;2;8447;0.00023677045104770924
6422;外国手机号怎么弄啊;1;0;1;8447;0.00011838522552385462
6434;梦吖不可限量;1;0;1;8447;0.00011838522552385462
6436;哪里进入;1;1;2;8447;0.00023677045104770924
6448;番茄吕人好厉害;1;1;2;8447;0.00023677045104770924
6450;有注册的没;3;3;6;8447;0.0007103113531431277
6454;zz海上月啧啧啧;1;0;1;8447;0.00011838522552385462
6469;能不能生孩子，如果能那太好了，女人解放了;1;5;6;8447;0.0007103113531431277
6472;网站打不开有没有知道的;1;0;1;8447;0.00011838522552385462
6474;欧洲都禁用了;2;4;6;8447;0.0007103113531431277
6478;那我做一个ai模特，去开直播，是不是可以躺着收打赏了;1;1;2;8447;0.00023677045104770924
6484;TTti牛逼吧;1;0;1;8447;0.00011838522552385462
6486;各个都在宣传ai，ai取代各种网络应用以后老板骂谁锅谁背;1;1;2;8447;0.00023677045104770924
6489;Jfeil好高端快去学;1;0;1;8447;0.00011838522552385462
6495;完了电商设计师平面设计视觉设计都要失业了;1;1;2;8447;0.00023677045104770924
6504;我叫韦一航服了服了我真的服了;1;0;1;8447;0.00011838522552385462
6508;哆啦灰原哀好吧，不光程序员要下岗，这会连模特也要下岗了;3;1;4;8447;0.0004735409020954185
6512;白天出现的月球;1;0;1;8447;0.00011838522552385462
6514;Xr陵語y我觉得我们可以试试;1;0;1;8447;0.00011838522552385462
6516;为啥我不行，是要花钱上plus吗;6;0;6;8447;0.0007103113531431277
6526;电销行业会被取代吗;2;1;3;8447;0.00035515567657156387
6531;要想喂养AI，还是得不断的创作新图去喂啊。我觉得不怎么成立。首先大品牌是不可能这样做的。他也就只能是一个辅助工具。;5;1;6;8447;0.0007103113531431277
6538;潮水;1;0;1;8447;0.00011838522552385462
6542;熊大又死了两个行业;3;0;3;8447;0.00035515567657156387
6548;颜火火火女口月牛牛牛;1;0;1;8447;0.00011838522552385462
6550;尹大智哇哇哇;2;0;2;8447;0.00023677045104770924
6555;tothefore不需要模特了;1;0;1;8447;0.00011838522552385462
6559;不会有人还没用上吧;4;0;4;8447;0.0004735409020954185
6565;收费吗;1;0;1;8447;0.00011838522552385462
6569;我想用，但是不知道咋弄;1;1;2;8447;0.00023677045104770924
6576;那些模特不高侵犯肖像权？;1;0;1;8447;0.00011838522552385462
6580;国内怎么使用GPT？;2;0;2;8447;0.00023677045104770924
6584;超大的甜甜圈o这不就我那天玩的Midjourney;1;0;1;8447;0.00011838522552385462
6590;可以告著作权吗，感觉相似度很高;5;3;8;8447;0.000947081804190837
6597;都失业了，没钱消费，东西卖给谁;1;1;2;8447;0.00023677045104770924
6603;心跳我说的就是这个;1;0;1;8447;0.00011838522552385462
6608;全岛铁盒好震撼;1;0;1;8447;0.00011838522552385462
6611;创意是没法代替的，如果创意能代替，到那时不是失去工作，而是人类被完蛋;4;2;6;8447;0.0007103113531431277
6619;再看把你吃掉chatGPT是真牛逼;2;0;2;8447;0.00023677045104770924
6627;史蒂夫Thomas买眼镜让ai出图哈哈哈哈;1;0;1;8447;0.00011838522552385462
6630;一粒小米粒好家伙;1;0;1;8447;0.00011838522552385462
6635;Ai能当客服，处理投诉和客户的刁难么;2;0;2;8447;0.00023677045104770924
6643;Jamesfans哦哦哦摸摸闹蔻漫姿美妆企业店我准备回家砌砖了，ai估计暂时代替不了;1;0;1;8447;0.00011838522552385462
6648;哦豁小精灵石榴超爱吃Vvvincy我丢现在好牛逼;1;0;1;8447;0.00011838522552385462
6650;白白白白白简忆你们是不知道外面发展多快;2;0;2;8447;0.00023677045104770924
6655;一个达不刘啧啧啧;1;0;1;8447;0.00011838522552385462
6657;Ayy是这个吗？;1;0;1;8447;0.00011838522552385462
6660;THEH刚刷到画师失业;2;0;2;8447;0.00023677045104770924
6663;爸爸的爸爸叫爸爸ai时代来了，一大堆人插画又要失业了;1;0;1;8447;0.00011838522552385462
6668;红白玫瑰花瓣学起来;1;0;1;8447;0.00011838522552385462
6671;一定要永远开发研究下去，这样我老了它就能代替小孩照顾我了，不想要小孩;3;10;13;8447;0.0015390079318101102
6677;完蛋，才刚大一;2;1;3;8447;0.00035515567657156387
6680;风情浪子是这样弄的;1;0;1;8447;0.00011838522552385462
6687;好困啊那时候不懂人家gpt玩啥现在都知道了才知道人家在广东收到的信息快多少;6;0;6;8447;0.0007103113531431277
6698;划船过来的路人麻了好多人失业;1;0;1;8447;0.00011838522552385462
6702;啊冬不哭原来这个是这样用的;1;0;1;8447;0.00011838522552385462
6704;YL比比皆是东京ai还是很厉害的;2;0;2;8447;0.00023677045104770924
6708;Hannahps不用学了，直接去这上面让ai搞;1;0;1;8447;0.00011838522552385462
6711;福安小啊茶你可以考虑换岗位了;1;0;1;8447;0.00011838522552385462
6720;评论区有没有人告诉下国内怎么注册;1;4;5;8447;0.0005919261276192731
6723;宥嘉看看;1;0;1;8447;0.00011838522552385462
6727;潜水艇马脸怪恐怖;2;0;2;8447;0.00023677045104770924
6730;0;1;0;1;8447;0.00011838522552385462
6733;Ai可以帮我写一篇论文吗;5;0;5;8447;0.0005919261276192731
6739;ARTURIA这个软件好玩研究研究;4;0;4;8447;0.0004735409020954185
6746;那退货率老高了然后国家出台一个规则，所有的图片必须真实，客户购买跟图片一样，如果不一样，卖家将承担损失。;2;5;7;8447;0.0008286965786669824
6749;这个思路真凶残，让ai生成指令和关键词输入ai绘画用ai驱动ai，连关键词怎么输都不用自个费脑了;2;14;16;8447;0.001894163608381674
6753;我看过，那些卖内衣的，以前还会雇模特穿着内衣，还要雇摄影团队，包括打光，拍摄，后期，然后才拍几套宣传图，现在，商家只需要把内衣穿在一个商场那种人偶模型上，然后告诉AI生成图片，就能生成好几组宣传图。对比一下，以前要雇模特，雇摄影团队，拍摄最短也要一天多，花费很多，拍完后想改都不行。用AI后，雇模特和摄影的钱都省了，而且效率高了，随时可以换不同风格的宣传图效果;1;5;6;8447;0.0007103113531431277
6756;星河万顷的效果图;3;4;7;8447;0.0008286965786669824
6760;上午用ai做外贸店和企业logo一秒钟生成100个我感觉危机来了;2;6;8;8447;0.000947081804190837
6763;昨天用ai做企业logo一秒钟生成100个我感觉危机来了;4;12;16;8447;0.001894163608381674
6768;嗯既然都用AI了也不用广告费了，那一件衣服打2折不过分吧？;1;25;26;8447;0.0030780158636202204
6770;我刚开始学电脑绘画，好焦虑啊，感觉未来一片黑暗;7;9;16;8447;0.001894163608381674
6778;这么牛逼能问下它下期双色球开奖结果吗;1;7;8;8447;0.000947081804190837
6780;不得不提他给我生成的线稿;1;10;11;8447;0.001302237480762401
6782;太好了，未来已来。。盼望很久了，希望有生之年看见ai取代人类;1;6;7;8447;0.0008286965786669824
6784;那么是不是再上一个层次以后的电影电视剧人物也可以模拟出来;6;6;12;8447;0.0014206227062862555
6795;实际生成全是卡通图，和一开始的完全不是一种类型的;8;5;13;8447;0.0015390079318101102
6805;模特也失业了。。;2;7;9;8447;0.0010654670297146917
6809;越来越多的人要失业了，以后小孩学什么专业好呢;16;8;24;8447;0.002841245412572511
6826;生产力大爆炸;2;8;10;8447;0.0011838522552385462
6829;怎么用ai赚钱才是该思考的;12;17;29;8447;0.003433171540191784
6842;地球已经不需要人类了吧;3;59;62;8447;0.007339883982478986
6846;网上买东西，我从不看卖家宣传图片，只看真实买家发的图片，和看差评;1;7;8;8447;0.000947081804190837
6848;没关系，退货率会教商家做人;4;150;154;8447;0.018231324730673612
6854;我觉得牛的地方，是你的表达能力，让我眼前一亮;1;94;95;8447;0.011246596424766189
6857;这会让各行业的灵活就业人员以成几十倍的速度增长;9;81;90;8447;0.010654670297146916
6867;慢慢的人类不用思考太多了，直接想指令就好了然后ai慢慢进化了，脑子却开始退化了。;2;8;10;8447;0.0011838522552385462
6870;将来如果一个人已经噶了，是不是也能证明还活着;5;12;17;8447;0.0020125488339055287
6876;midjourney要收费的。现在运用起来其实没太大作用。更大程度是做概念图。实操性不高很低。。。真的用不上到商业。更大程度是人妥协觉得不错去实行。并非达到想要的东西。;60;57;117;8447;0.01385107138629099
6938;那这样运行起来是需要价值交换的，ai什么都会，那我们拿什么跟他交换？最后大家失业了都没钱了赚谁的钱是不是背后的公司想先炫完所有人的价值，然后所有人只能去取代廉价劳动力;5;13;18;8447;0.0021309340594293834
6944;太多行业被替代，但是这些人失业后，生产成本降低后产品卖给谁呢经济危机在路上;4;33;37;8447;0.004380253344382621
6949;今天用ai，明天上法庭，现在的ai还不具备创作能力，不能从0到1，只能1到99;7;12;19;8447;0.0022493192849532377
6957;AI如果能把版权费支付给那些被它融合的作品的作者，才叫对社会有用，目前不叫有用叫剽窃和限制行业发展，因为AI不能创造和进化，它需要喂养;17;31;48;8447;0.005682490825145022
6975;midjourney生成的图和实物相差那么大。客户看着图想像的，收到的货品差了几档。是不是退货率也暴表？;7;74;81;8447;0.009589203267432225
6984;我不是卖护肤品的;16;20;36;8447;0.004261868118858767
7002;我觉得还是midjourney牛逼。;1;24;25;8447;0.0029596306380963657
7004;当一个人告诉你怎么赚钱的时候，你们要警惕了，因为他想赚你的钱;7;29;36;8447;0.004261868118858767
7013;谨防跨境电商诈骗;1;58;59;8447;0.006984728305907423
7015;麻烦你让它帮我在我的银行卡里生成七八个0的数字;3;13;16;8447;0.001894163608381674
7019;都闪开;15;21;36;8447;0.004261868118858767
7036;科技越先进，信用越崩溃;7;16;23;8447;0.002722860187048656
7044;生产工具效率提升而已，牛逼的还是人，沟通和想法都是非常重要的;3;10;13;8447;0.0015390079318101102
7048;等一段时间过去，我就拍那种最简单最朴素最真实的原图，差异化就出来了;6;332;338;8447;0.040014206227062865
7055;另外作图，字体这块永远绕不开的坑就是版权。你用起来爽，到时候搞到别人版权的图和字体文字了。。看吧;11;57;68;8447;0.008050195335622115
7067;ai问答;3;3;6;8447;0.0007103113531431277
7071;midjourney与stablediffusion有哪些区别;21;136;157;8447;0.018586480407245178
7093;是哦，他几乎知道所有数据，相当于大数据库，你可以问他地域，人群，年龄段等等的消费力和消费倾向等等，在线调研啊;20;486;506;8447;0.05990292411507044
7114;能否出一期怎么用这个的流程;4;14;18;8447;0.0021309340594293834
7119;这些不会侵权吧;21;41;62;8447;0.007339883982478986
7142;这个就是;1;1;2;8447;0.00023677045104770924
7144;下午第一次用把自己猫生成3D模型;2;9;11;8447;0.001302237480762401
7147;mj生成的;44;117;161;8447;0.019060021309340595
7195;大粘匪;1;0;1;8447;0.00011838522552385462
7204;一只呆瓜;1;0;1;8447;0.00011838522552385462
7206;小小金鱼佬;2;0;2;8447;0.00023677045104770924
7213;狂浪姐妹;1;0;1;8447;0.00011838522552385462
7220;先生请出山;1;0;1;8447;0.00011838522552385462
7222;Logenchen;1;0;1;8447;0.00011838522552385462
7227;覅别离;1;0;1;8447;0.00011838522552385462
7237;Epel;1;0;1;8447;0.00011838522552385462
7241;LKW;1;0;1;8447;0.00011838522552385462
7253;幸运星;1;0;1;8447;0.00011838522552385462
7265;汁汁吖。;1;0;1;8447;0.00011838522552385462
7289;广州快乐男孩杜预;1;0;1;8447;0.00011838522552385462
7294;癸癸;1;0;1;8447;0.00011838522552385462
7300;可爱的布拿拿;1;0;1;8447;0.00011838522552385462
7307;0;1;0;1;8447;0.00011838522552385462
7312;Lime;1;0;1;8447;0.00011838522552385462
7314;濮阳辞安;1;0;1;8447;0.00011838522552385462
7323;江笑笑哦;1;0;1;8447;0.00011838522552385462
7328;遗洛;1;0;1;8447;0.00011838522552385462
7333;借月;1;0;1;8447;0.00011838522552385462
7336;cloud6;1;0;1;8447;0.00011838522552385462
7353;吃柠檬嘛;1;0;1;8447;0.00011838522552385462
7358;不吃辣椒啊骆嘉诚吃鱼W;2;0;2;8447;0.00023677045104770924
7362;hcy;1;0;1;8447;0.00011838522552385462
7369;达达利鸭;1;0;1;8447;0.00011838522552385462
7384;奇葩;2;1;3;8447;0.00035515567657156387
7403;Miu我去;1;0;1;8447;0.00011838522552385462
7409;大羽马儿蒙;1;1;2;8447;0.00023677045104770924
7411;王不留行;1;0;1;8447;0.00011838522552385462
7413;6;1;0;1;8447;0.00011838522552385462
7420;李小胖完犊子了咱们失业了;1;1;2;8447;0.00023677045104770924
7422;blingzzzzz;1;1;2;8447;0.00023677045104770924
7429;这个是用什么软件搞的啊;3;1;4;8447;0.0004735409020954185
7433;爱才七元钱;1;1;2;8447;0.00023677045104770924
7437;摄影行业要没落了吗;2;1;3;8447;0.00035515567657156387
7440;怕被原创告;3;1;4;8447;0.0004735409020954185
7455;Jack的音乐之旅;2;1;3;8447;0.00035515567657156387
7468;Gracecat这个牛逼;1;1;2;8447;0.00023677045104770924
7473;赞，有账号学会了;1;1;2;8447;0.00023677045104770924
7483;炭烤大白鹅;1;1;2;8447;0.00023677045104770924
7489;30天内可修改4次;1;1;2;8447;0.00023677045104770924
7493;问题是Ai的天马行空如何去匹配上你的产品，Ai做样板参考图还可以，结合实际产品的时候就拉垮了，除非根据Ai产生的图去生产;1;1;2;8447;0.00023677045104770924
7501;假如啊，我是说假如，真的只是假如。假如我刚上完厕所，发现没纸了，怎么办;2;1;3;8447;0.00035515567657156387
7505;都这么干是不是所有广告都雷同了;1;1;2;8447;0.00023677045104770924
7507;Jupiter补两口吃饭俱乐部;2;1;3;8447;0.00035515567657156387
7520;満月;1;1;2;8447;0.00023677045104770924
7523;商业摄影师表示这都不是事;1;1;2;8447;0.00023677045104770924
7527;草莓牛奶麻薯运营要失业了;1;1;2;8447;0.00023677045104770924
7535;胡歌的女朋友执行力明天就学;1;1;2;8447;0.00023677045104770924
7545;陈鱼宁欲学习;1;1;2;8447;0.00023677045104770924
7548;我有个大胆的想法;1;1;2;8447;0.00023677045104770924
7557;请编辑一套全中文系统;2;1;3;8447;0.00035515567657156387
7578;Sertraline14;1;1;2;8447;0.00023677045104770924
7581;南希微信花钱可以做了会计要失业了;1;1;2;8447;0.00023677045104770924
7587;各位大佬有出日本电池货吗日本电池海运9KG可走戴森牧田等电池品牌，电池小包海外仓服务等;2;1;3;8447;0.00035515567657156387
7592;Molly妈咪没事儿的时候跟人学一学;1;1;2;8447;0.00023677045104770924
7602;千帆抑郁烤地瓜zndqs啊;2;1;3;8447;0.00035515567657156387
7609;不能光发展AI啊，要一起发展逼真的机器人，把服务行业包括进去;1;1;2;8447;0.00023677045104770924
7614;Dionne黛安模特要失业了;2;1;3;8447;0.00035515567657156387
7622;0;5;1;6;8447;0.0007103113531431277
7632;就想知道有多少人因为这个失业了;1;1;2;8447;0.00023677045104770924
7635;楚门的世界还好小倪童鞋没学设计。。。;1;1;2;8447;0.00023677045104770924
7640;我是男神自己猜吧一拳就倒我们大学学的那些还有什么用以后;1;1;2;8447;0.00023677045104770924
7647;老大的小迷弟神奇喔;1;1;2;8447;0.00023677045104770924
7650;0;1;1;2;8447;0.00023677045104770924
7652;人间已逝我去我也想拥有chatjpt;2;1;3;8447;0.00035515567657156387
7655;Winter斯裹伊;1;1;2;8447;0.00023677045104770924
7660;AFarGoalD;2;1;3;8447;0.00035515567657156387
7671;萌萌Castiel;1;1;2;8447;0.00023677045104770924
7677;Acolasia阿婷真行啊，一个ai设计，模特都跟着失业了;1;1;2;8447;0.00023677045104770924
7686;渡河;1;1;2;8447;0.00023677045104770924
7688;逗本逗The你真可爱;1;1;2;8447;0.00023677045104770924
7692;到时大家都用，然后网站全是一样的模特;2;1;3;8447;0.00035515567657156387
7697;是不是发展到以后不用演员拍电影了？;1;1;2;8447;0.00023677045104770924
7704;TiL梯子研究出来没有;1;1;2;8447;0.00023677045104770924
7710;栀这种可以顶替多少设计师了，上次说的就是这个;1;1;2;8447;0.00023677045104770924
7717;看到AI生成效果图的商家我一概不买，本来网上买衣服就摸不到材质，看实拍才能想象效果，结果全用AI，那我看个屁，我只能买买家秀了;1;1;2;8447;0.00023677045104770924
7727;大哥我愿意支付几千块你教我怎么用我是做跨境电商的;2;1;3;8447;0.00035515567657156387
7731;雩风;1;1;2;8447;0.00023677045104770924
7733;pp;1;1;2;8447;0.00023677045104770924
7736;如果是苹果突然感觉快失业了;1;1;2;8447;0.00023677045104770924
7746;与世界又隔绝了;1;1;2;8447;0.00023677045104770924
7748;宝哼哼ovo看看高科技;1;1;2;8447;0.00023677045104770924
7752;肥而不腻粮食收割机;1;1;2;8447;0.00023677045104770924
7763;气泡冰;2;1;3;8447;0.00035515567657156387
7772;Nayoaix我学的这个专业今后就这么被取代了;1;1;2;8447;0.00023677045104770924
7777;怎么科学上网，不会被请去吃免费饭;1;1;2;8447;0.00023677045104770924
7780;可以设计海报吗;5;1;6;8447;0.0007103113531431277
7786;这个视频不同人刷到好几次我是说要买课了吗;1;1;2;8447;0.00023677045104770924
7791;0;1;0;1;8447;0.00011838522552385462
7793;第一个，那个尖是啥鬼;23;67;90;8447;0.010654670297146916
7817;原来看评论真的有新发现;14;5;19;8447;0.0022493192849532377
7832;第二个本来挺好的AI之后也太多风尘了些;1;0;1;8447;0.00011838522552385462
7834;有亮点;3;2;5;8447;0.0005919261276192731
7838;原图没有尖，Ai后，出现一个尖尖，问题出在哪了;3;1;4;8447;0.0004735409020954185
7842;我们的ai绘画绝对不会这么正经;1;0;1;8447;0.00011838522552385462
7844;试了试为啥我有俩僵尸牙？;3;1;4;8447;0.0004735409020954185
7848;怎么变尖了;3;1;4;8447;0.0004735409020954185
7852;为什么我会觉得二次元比三次元更漂亮呢？;1;3;4;8447;0.0004735409020954185
7854;怎么尖尖的;3;0;3;8447;0.00035515567657156387
7858;这个是什么鬼，我男的为啥变女的;3;0;3;8447;0.00035515567657156387
7862;第一个好看;2;0;2;8447;0.00023677045104770924
7865;动漫比真人好看;1;1;2;8447;0.00023677045104770924
7867;感觉前三个不去本人好看;1;1;2;8447;0.00023677045104770924
7869;都是辣么高耸入云;2;0;2;8447;0.00023677045104770924
7872;每周还要钱吗，还是我弄错了;2;0;2;8447;0.00023677045104770924
7875;为什么Ai图会有点点;2;0;2;8447;0.00023677045104770924
7878;还是真人更好看;4;0;4;8447;0.0004735409020954185
7884;0;1;0;1;8447;0.00011838522552385462
7888;真上头;1;0;1;8447;0.00011838522552385462
7890;为毛我男的成女的了;1;0;1;8447;0.00011838522552385462
7892;诱咪;1;0;1;8447;0.00011838522552385462
7894;画的比较细节;1;0;1;8447;0.00011838522552385462
7896;好像是一个人;1;0;1;8447;0.00011838522552385462
7898;漂亮;1;0;1;8447;0.00011838522552385462
7900;美;1;0;1;8447;0.00011838522552385462
7903;那个，尖的，是认真的嘛;1;0;1;8447;0.00011838522552385462
7905;没本人好看;1;0;1;8447;0.00011838522552385462
7909;优优。给我也来一张呗;1;1;2;8447;0.00023677045104770924
7912;有没有那种不正经的;1;0;1;8447;0.00011838522552385462
7914;为啥我感觉第二个反而变难看了呢;1;0;1;8447;0.00011838522552385462
7916;第三张好看;1;0;1;8447;0.00011838522552385462
7918;只在画中有下一句对上;2;0;2;8447;0.00023677045104770924
7921;不贵;7;0;7;8447;0.0008286965786669824
7929;第一个过分了;1;0;1;8447;0.00011838522552385462
7932;感觉还没有真人好看;1;2;3;8447;0.00035515567657156387
7934;我就想问图一的点哪里来的;1;0;1;8447;0.00011838522552385462
7936;第一个好看;1;0;1;8447;0.00011838522552385462
7938;0;1;0;1;8447;0.00011838522552385462
7940;啥歌，;1;0;1;8447;0.00011838522552385462
7943;太上头了，都比本人难看;1;1;2;8447;0.00023677045104770924
7945;我一男的，AI出来老是是个女的图像，好郁闷啊;1;0;1;8447;0.00011838522552385462
7948;我男的，这个是什么玩意;1;0;1;8447;0.00011838522552385462
7950;人家没露头好吧;1;0;1;8447;0.00011838522552385462
7952;AI就是细节;1;0;1;8447;0.00011838522552385462
7955;第一个就过分了，害我一直看是怎么回事;1;0;1;8447;0.00011838522552385462
7957;没有自己的服装ai;3;0;3;8447;0.00035515567657156387
7961;0;1;0;1;8447;0.00011838522552385462
7963;0;1;0;1;8447;0.00011838522552385462
7965;第一个好像在哪里看过;1;0;1;8447;0.00011838522552385462
7967;一点都不像;1;0;1;8447;0.00011838522552385462
7969;小日子？;1;0;1;8447;0.00011838522552385462
7971;。。;1;1;2;8447;0.00023677045104770924
7973;0;1;0;1;8447;0.00011838522552385462
7975;这个好;2;0;2;8447;0.00023677045104770924
7978;0;1;0;1;8447;0.00011838522552385462
7980;0;1;0;1;8447;0.00011838522552385462
7983;0;1;0;1;8447;0.00011838522552385462
7985;0;1;0;1;8447;0.00011838522552385462
7988;0;1;0;1;8447;0.00011838522552385462
7990;0;1;0;1;8447;0.00011838522552385462
7992;0;1;0;1;8447;0.00011838522552385462
7994;0;3;0;3;8447;0.00035515567657156387
7998;0;1;0;1;8447;0.00011838522552385462
8000;被窝里晒太阳;4;0;4;8447;0.0004735409020954185
8005;好丑;5;0;5;8447;0.0005919261276192731
8011;记住不花钱做出来的没有一个是好东西;3;0;3;8447;0.00035515567657156387
8015;养不起啊太她妈费钱了啊太野了啊我一个月工资都不够买她身上任何一件啊只能挂个眼科啊;2;0;2;8447;0.00023677045104770924
8018;有意思吗，现在的广告啊;1;0;1;8447;0.00011838522552385462
8020;酱到底是个什么东西？;1;0;1;8447;0.00011838522552385462
8022;这特么只支持长得好看的;1;0;1;8447;0.00011838522552385462
8024;眼角含春，说不尽的万种风情;1;0;1;8447;0.00011838522552385462
8026;我这号算是练成了，上午美女下午腿，晚上美食半夜鬼;1;0;1;8447;0.00011838522552385462
8028;他喵的我一个大男人每张照片出来都是女人，太气人了;1;0;1;8447;0.00011838522552385462
8030;人都挺正经改完以后都不正经了;1;0;1;8447;0.00011838522552385462
8032;ai个屁，都差不多一个样;1;0;1;8447;0.00011838522552385462
8034;Al换脸更让人上头;1;0;1;8447;0.00011838522552385462
8036;好假，男的变女;1;0;1;8447;0.00011838522552385462
8038;特么，我一个大男人，穿的整整齐齐，给我整个吊带清凉大波女;1;0;1;8447;0.00011838522552385462
8040;画不如人系列;1;0;1;8447;0.00011838522552385462
8042;什么鬼东西，骗人的玩意儿;1;0;1;8447;0.00011838522552385462
8044;生了几胎了啊;1;0;1;8447;0.00011838522552385462
8046;一变漫画就凶了。;1;0;1;8447;0.00011838522552385462
8048;我变了个女的，骗人;1;0;1;8447;0.00011838522552385462
8050;做的太难看;1;0;1;8447;0.00011838522552385462
8053;谁排斥了，是用不了;11;49;60;8447;0.007103113531431278
8065;这跟教我画画的感觉是一批人;2;44;46;8447;0.005445720374097312
8069;一百多一个月;7;2;9;8447;0.0010654670297146917
8077;能商用吗;5;1;6;8447;0.0007103113531431277
8090;MAC能用吗？;2;1;3;8447;0.00035515567657156387
8108;求;1;1;2;8447;0.00023677045104770924
8110;需要;1;1;2;8447;0.00023677045104770924
8126;都用不了进去全英文然后加群直接断线不让进;2;0;2;8447;0.00023677045104770924
8130;收费吗;1;0;1;8447;0.00011838522552385462
8132;求教程谢谢;2;1;3;8447;0.00035515567657156387
8139;求教程谢谢;1;1;2;8447;0.00023677045104770924
8141;日常微笑学一下;2;0;2;8447;0.00023677045104770924
8144;求教程;1;1;2;8447;0.00023677045104770924
8147;求教程;1;1;2;8447;0.00023677045104770924
8149;能搞瑟瑟吗;1;0;1;8447;0.00011838522552385462
8153;求教程谢谢;1;1;2;8447;0.00023677045104770924
8155;求教程;1;1;2;8447;0.00023677045104770924
8157;怎么领取;1;1;2;8447;0.00023677045104770924
8159;求教程;1;0;1;8447;0.00011838522552385462
8161;教程;1;1;2;8447;0.00023677045104770924
8163;求教程;1;1;2;8447;0.00023677045104770924
8165;小强哥，求教程，谢谢;1;1;2;8447;0.00023677045104770924
8167;求教程;1;1;2;8447;0.00023677045104770924
8169;求教材;1;1;2;8447;0.00023677045104770924
8171;求教程;2;2;4;8447;0.0004735409020954185
8174;来一份;1;1;2;8447;0.00023677045104770924
8177;求教程;1;1;2;8447;0.00023677045104770924
8185;关键是我没有稳定的梯子;3;0;3;8447;0.00035515567657156387
8189;求教程;1;1;2;8447;0.00023677045104770924
8192;图多少分辨率呢;3;0;3;8447;0.00035515567657156387
8196;求教程;1;1;2;8447;0.00023677045104770924
8200;想要;1;1;2;8447;0.00023677045104770924
8202;求教程;1;1;2;8447;0.00023677045104770924
8204;求教程;1;1;2;8447;0.00023677045104770924
8207;求教程;1;1;2;8447;0.00023677045104770924
8209;需要;1;1;2;8447;0.00023677045104770924
8214;求教程;1;1;2;8447;0.00023677045104770924
8218;求教程;1;1;2;8447;0.00023677045104770924
8220;求教程;1;1;2;8447;0.00023677045104770924
8222;求教程;1;1;2;8447;0.00023677045104770924
8226;求教程;1;1;2;8447;0.00023677045104770924
8229;求教程;1;1;2;8447;0.00023677045104770924
8231;求敎程;1;1;2;8447;0.00023677045104770924
8233;求教程;1;1;2;8447;0.00023677045104770924
8235;求教程;1;1;2;8447;0.00023677045104770924
8237;求教程;1;0;1;8447;0.00011838522552385462
8239;求教程;1;1;2;8447;0.00023677045104770924
8241;求教程;1;1;2;8447;0.00023677045104770924
8243;需要一份教程;1;1;2;8447;0.00023677045104770924
8245;教程发一下谢谢;1;1;2;8447;0.00023677045104770924
8247;求教程;1;1;2;8447;0.00023677045104770924
8250;求教程;1;1;2;8447;0.00023677045104770924
8252;求教程;1;1;2;8447;0.00023677045104770924
8271;求教程;1;1;2;8447;0.00023677045104770924
8286;这个没办法破解了吧，估计挺贵的;10;19;29;8447;0.003433171540191784
8297;等他开源出来，我们就能模仿一个;5;16;21;8447;0.002486089736000947
8303;都是英文，作为设计师的我，单词都不认识现在我慌了;1;0;1;8447;0.00011838522552385462
8305;这个月我跟主管同事研究了一下发现Ai做的还没我做的快;5;3;8;8447;0.000947081804190837
8311;模特这个行业是不是没得玩儿了？;1;3;4;8447;0.0004735409020954185
8314;功能直接拉满;1;2;3;8447;0.00035515567657156387
8328;22这个感觉不错;1;0;1;8447;0.00011838522552385462
8339;各位设计师们，回炉重造吧;2;9;11;8447;0.001302237480762401
8342;怕啥？我们有文心一言后台套chatgpt;2;2;4;8447;0.0004735409020954185
8351;要收费吧;4;0;4;8447;0.0004735409020954185
8357;请问怎么用v5版本;2;0;2;8447;0.00023677045104770924
8360;你的发型是故意的吗？;2;0;2;8447;0.00023677045104770924
8364;有人组团购买会员？;2;0;2;8447;0.00023677045104770924
8367;怎么给作品添加文字，像海报广告语那种;1;0;1;8447;0.00011838522552385462
8369;用什么科学方法上的网。;1;0;1;8447;0.00011838522552385462
8371;会员能同时几台电脑同时登陆操作吗;1;0;1;8447;0.00011838522552385462
8379;收费吗？;4;1;5;8447;0.0005919261276192731
8387;强，询问怎么下载;3;1;4;8447;0.0004735409020954185
8392;兄弟们，原图娶图方法：抖音搜蓝猫图库进入输入口令857855娶图;5;148;153;8447;0.018112939505149757
8398;那个，，就是，，有没有，，盾山;203;3362;3565;8447;0.4220433289925417
8602;恕我有种不成熟的想法，我要看达摩;35;899;934;8447;0.11057180063928022
8639;我个人不得不说，李信在这系列里是最好看的;41;816;857;8447;0.10145613827394341
8681;好看是好看，就是这个胳膊有点吓人了;18;470;488;8447;0.057771990055641056
8700;你试试牛魔呢;1;1;2;8447;0.00023677045104770924
8702;司马懿那个我直接冲爆;9;74;83;8447;0.009825973718479934
8712;对不起了李信，虽然但是真的好可爱冲冲冲;7;165;172;8447;0.020362258790102995
8720;0;18;81;99;8447;0.011720137326861607
8739;铁子们，还有想看哪个英雄吗;47;41;88;8447;0.010417899846099208
8787;弈星那个像白姨;6;84;90;8447;0.010654670297146916
8794;铠妈;1;94;95;8447;0.011246596424766189
8796;李信真的好看;1;57;58;8447;0.006866343080383568
8799;奕星咋这么像夜兰呢，还有，诸葛亮的手怎么回事;2;6;8;8447;0.000947081804190837
8802;如果她们真是这样，我被坑下黄金都无所谓;3;2;5;8447;0.0005919261276192731
8806;好家伙，这不周淑怡嘛;1;11;12;8447;0.0014206227062862555
8809;Giannis星星仰蛮大方呀。李信;2;1;3;8447;0.00035515567657156387
8818;十六楼搞什么;1;0;1;8447;0.00011838522552385462
8821;弈星颜值天花板;1;0;1;8447;0.00011838522552385462
8831;灾厄魔女屠杀金针菇李信好看;2;0;2;8447;0.00023677045104770924
8835;余悸;1;0;1;8447;0.00011838522552385462
8844;哇靠;2;1;3;8447;0.00035515567657156387
8847;想死的心都有我要李信;1;2;3;8447;0.00035515567657156387
8863;琪我怎么喜欢奕星;1;0;1;8447;0.00011838522552385462
8867;沵是我唯一这才是cp啊;3;0;3;8447;0.00035515567657156387
8874;小宝变大宝萱子酱司马懿最好看;1;2;3;8447;0.00035515567657156387
8887;脉冲星CP1919看李信;1;0;1;8447;0.00011838522552385462
8901;期待下次初雪Nice废话满级选手郑诺一陈一政;1;0;1;8447;0.00011838522552385462
8914;0;6;0;6;8447;0.0007103113531431277
8922;我的太阳忘川九凌;1;0;1;8447;0.00011838522552385462
8929;家夫刘00流口水呀;1;1;2;8447;0.00023677045104770924
8931;好看;2;1;3;8447;0.00035515567657156387
8934;黄昏里蛙趣;1;1;2;8447;0.00023677045104770924
8948;北北？？？;1;0;1;8447;0.00011838522552385462
8950;缘起李信我喜欢好漂酿;1;1;2;8447;0.00023677045104770924
8965;失语啊啊啊啊啊快快快，选个当头像;1;0;1;8447;0.00011838522552385462
8972;睡一周亿点点啊lyimfh李信;1;1;2;8447;0.00023677045104770924
8974;初心与辞看司马懿;1;0;1;8447;0.00011838522552385462
8997;暗哑于秋看阿信;1;0;1;8447;0.00011838522552385462
8999;无趣小意铠爹;1;0;1;8447;0.00011838522552385462
9004;掣肘我靠司马懿;1;0;1;8447;0.00011838522552385462
9012;欣啊这;1;0;1;8447;0.00011838522552385462
9015;阿巴阿巴李信好看;1;1;2;8447;0.00023677045104770924
9022;1女版李信;1;0;1;8447;0.00011838522552385462
9027;一米八帅气男神;5;0;5;8447;0.0005919261276192731
9034;李信那个AI看着像海月;1;4;5;8447;0.0005919261276192731
9045;第一个真的不是佛耶戈吗？;1;0;1;8447;0.00011838522552385462
9049;0;1;1;2;8447;0.00023677045104770924
9056;白鲨糖李信好米;1;0;1;8447;0.00011838522552385462
9066;司马懿我焯好漂亮o;1;0;1;8447;0.00011838522552385462
9073;所以凯变成露娜了;1;0;1;8447;0.00011838522552385462
9076;止年李信跟弈星那个绝了;1;0;1;8447;0.00011838522552385462
9078;我也想问一下，那个。。有没钟馗的;1;0;1;8447;0.00011838522552385462
9085;钟子期司马懿;2;1;3;8447;0.00035515567657156387
9092;雾酌;1;0;1;8447;0.00011838522552385462
9104;弈星的有一种世家大族长公主的感觉;1;5;6;8447;0.0007103113531431277
9117;余晖的辉钟离惯的废人动感光波biubiu猛踹瘸子好腿;1;1;2;8447;0.00023677045104770924
9126;Qiansiyan;1;0;1;8447;0.00011838522552385462
9128;mild羊;1;0;1;8447;0.00011838522552385462
9138;药罐子药罐子;1;0;1;8447;0.00011838522552385462
9143;半斤渔儿;1;0;1;8447;0.00011838522552385462
9149;不争;1;0;1;8447;0.00011838522552385462
9151;四面楚歌在皖纯爱战士zahmt;2;4;6;8447;0.0007103113531431277
9154;遇见昭;1;1;2;8447;0.00023677045104770924
9165;许槐莫;1;0;1;8447;0.00011838522552385462
9178;802号好爱犯困冬季雨;1;0;1;8447;0.00011838522552385462
9182;眠;1;0;1;8447;0.00011838522552385462
9187;喂你吃辣条呀;1;0;1;8447;0.00011838522552385462
9190;脆香米Wyxxx我靠;1;1;2;8447;0.00023677045104770924
9192;0123雨琪吗？;1;0;1;8447;0.00011838522552385462
9203;蛋包饭最好吃;1;0;1;8447;0.00011838522552385462
9205;小易;1;1;2;8447;0.00023677045104770924
9207;钱塘Riversborn;1;0;1;8447;0.00011838522552385462
9212;易逝月;3;0;3;8447;0.00035515567657156387
9216;蔬菜小鸡;1;0;1;8447;0.00011838522552385462
9219;委屈小玉;1;0;1;8447;0.00011838522552385462
9224;魈魈正牌女友Liyu;2;0;2;8447;0.00023677045104770924
9227;M6;1;0;1;8447;0.00011838522552385462
9232;是夜三更;1;0;1;8447;0.00011838522552385462
9235;jimex;1;0;1;8447;0.00011838522552385462
9239;骨灰战神;1;0;1;8447;0.00011838522552385462
9245;王富城;1;0;1;8447;0.00011838522552385462
9255;抱走小陆沉;1;0;1;8447;0.00011838522552385462
9258;寂灭;1;0;1;8447;0.00011838522552385462
9261;有毒的浪吖余生来凑;4;0;4;8447;0.0004735409020954185
9266;失我者永失;1;1;2;8447;0.00023677045104770924
9272;北极星;1;0;1;8447;0.00011838522552385462
9276;仲夏的风;1;0;1;8447;0.00011838522552385462
9278;Mogashi即将称霸世界。。;1;0;1;8447;0.00011838522552385462
9284;长相忆;9;0;9;8447;0.0010654670297146917
9294;陪伴意难平;1;0;1;8447;0.00011838522552385462
9299;悸慵;1;0;1;8447;0.00011838522552385462
9303;憧憬;1;0;1;8447;0.00011838522552385462
9308;小羊噗噗阿毅y不为谁而配的音;1;0;1;8447;0.00011838522552385462
9311;吃烦饭;1;0;1;8447;0.00011838522552385462
9322;十五;1;0;1;8447;0.00011838522552385462
9327;baekhyunzyt;2;1;3;8447;0.00035515567657156387
9331;心底藏了片海6;1;0;1;8447;0.00011838522552385462
9338;清染柒柒;1;0;1;8447;0.00011838522552385462
9349;bibi;4;0;4;8447;0.0004735409020954185
9354;我宝宝猜一猜哪个符合我的审美evitare;3;0;3;8447;0.00035515567657156387
9358;TuT心歌统帅将军吸溜吸溜;3;0;3;8447;0.00035515567657156387
9362;耶啵;2;0;2;8447;0.00023677045104770924
9365;悸受气包子;2;0;2;8447;0.00023677045104770924
9368;听雪赴江南YANYAN64魏老儿;1;1;2;8447;0.00023677045104770924
9370;会记得夏弥杰杰子;1;1;2;8447;0.00023677045104770924
9372;花有约还挺漂亮;1;1;2;8447;0.00023677045104770924
9374;只和小杨贴贴柚灰化辣我的小星儿;1;1;2;8447;0.00023677045104770924
9376;安阳普信男之超级无敌大帅哥;1;1;2;8447;0.00023677045104770924
9380;0;1;0;1;8447;0.00011838522552385462
9382;还得是我信;1;0;1;8447;0.00011838522552385462
9384;我艹无敌小冉神;1;0;1;8447;0.00011838522552385462
9386;滥;1;0;1;8447;0.00011838522552385462
9388;禁境逆无需丿dengdaiCiben30;1;0;1;8447;0.00011838522552385462
9390;墨雪澜湮LUCYkemoYee十六夜鲮;1;0;1;8447;0.00011838522552385462
9392;必杀技御风;1;0;1;8447;0.00011838522552385462
9394;侈莱;1;0;1;8447;0.00011838522552385462
9396;不打主公凤仙白羽;1;0;1;8447;0.00011838522552385462
9398;非晚;1;0;1;8447;0.00011838522552385462
9400;是小橘啦;1;0;1;8447;0.00011838522552385462
9402;左卫门PP;1;0;1;8447;0.00011838522552385462
9458;0;1;0;1;8447;0.00011838522552385462
9462;铃木子;2;0;2;8447;0.00023677045104770924
9467;爱美女嘶哈嘶哈;1;0;1;8447;0.00011838522552385462
9471;G1;1;0;1;8447;0.00011838522552385462
9474;悲伤玉米粒;1;0;1;8447;0.00011838522552385462
9481;别发狗头;2;0;2;8447;0.00023677045104770924
9486;SuHan;1;0;1;8447;0.00011838522552385462
9490;Rong;1;0;1;8447;0.00011838522552385462
9499;情话呀;1;0;1;8447;0.00011838522552385462
9502;墨曦6;1;0;1;8447;0.00011838522552385462
9507;梁慧;1;0;1;8447;0.00011838522552385462
9517;Lz我爱死了;2;0;2;8447;0.00023677045104770924
9522;大夫不是大夫;1;0;1;8447;0.00011838522552385462
9527;蜡笔小七;1;0;1;8447;0.00011838522552385462
9529;饿斯哈;1;0;1;8447;0.00011838522552385462
9534;晚;1;0;1;8447;0.00011838522552385462
9540;Left;1;0;1;8447;0.00011838522552385462
9550;铁锅炖猫猫果然李欣最帅;1;0;1;8447;0.00011838522552385462
9553;kreep;1;0;1;8447;0.00011838522552385462
9555;归零一下吗;1;0;1;8447;0.00011838522552385462
9557;今晚早点睡等1009W人;1;0;1;8447;0.00011838522552385462
9560;别太荒谬烙铁;1;0;1;8447;0.00011838522552385462
9563;干扰;1;0;1;8447;0.00011838522552385462
9567;叶汐水（全能大神）;1;0;1;8447;0.00011838522552385462
9573;糊涂蛋小慧喵呜呜;3;0;3;8447;0.00035515567657156387
9580;今天一定早睡;1;0;1;8447;0.00011838522552385462
9585;甜心;1;0;1;8447;0.00011838522552385462
9587;你的垚垚o我爱看;1;0;1;8447;0.00011838522552385462
9595;宸ccccc哇哇哇;1;0;1;8447;0.00011838522552385462
9597;孤灯;1;0;1;8447;0.00011838522552385462
9599;yuuuuuuuuuu;3;0;3;8447;0.00035515567657156387
9603;可莉可莉可莉叶修SAMA梓宝qaqYnyyyyy周祁一叶森林高数大物电路真的是人学的吗小湫风风小竹卡酷一逆天;1;0;1;8447;0.00011838522552385462
9612;壹原侑子许风霜养只猫笨笨;1;0;1;8447;0.00011838522552385462
9614;心心复心心;1;0;1;8447;0.00011838522552385462
9620;李信呃啊啊啊啊;1;0;1;8447;0.00011838522552385462
9624;离谱;1;0;1;8447;0.00011838522552385462
9628;穆里略;1;0;1;8447;0.00011838522552385462
9630;AD钙李信太好看了;2;0;2;8447;0.00023677045104770924
9633;含磷的无机盐;1;0;1;8447;0.00011838522552385462
9637;一口泡芙哦呦，一群老婆;1;0;1;8447;0.00011838522552385462
9641;陈湎;1;0;1;8447;0.00011838522552385462
9644;浔oxO你看评论区;2;0;2;8447;0.00023677045104770924
9652;温柔限定温柔限定;1;0;1;8447;0.00011838522552385462
9656;Hiroshi李信我太可了;1;0;1;8447;0.00011838522552385462
9660;琦;2;0;2;8447;0.00023677045104770924
9664;善良的良6;1;0;1;8447;0.00011838522552385462
9666;懿性恋原来性别之间的相貌区别就在于眼睛大小吗;12;0;12;8447;0.0014206227062862555
9680;旭xxxxx;2;0;2;8447;0.00023677045104770924
9688;星光下鸢尾花;2;0;2;8447;0.00023677045104770924
9691;6澈澈子;1;0;1;8447;0.00011838522552385462
9694;love叮东;1;0;1;8447;0.00011838522552385462
9701;小琳真别说，还挺好看的;1;0;1;8447;0.00011838522552385462
9705;33看评论区;1;0;1;8447;0.00011838522552385462
9708;0;1;0;1;8447;0.00011838522552385462
9710;集啊？？？;1;0;1;8447;0.00011838522552385462
9712;一米八的草莓;1;0;1;8447;0.00011838522552385462
9714;阿斯靠，我老公真好看;1;0;1;8447;0.00011838522552385462
9721;章鱼小丸子;1;0;1;8447;0.00011838522552385462
9723;祈愿小祺李信直接爱;1;0;1;8447;0.00011838522552385462
9725;宋玟我去;2;0;2;8447;0.00023677045104770924
9735;爱吃杀猪饲料;1;0;1;8447;0.00011838522552385462
9739;雪落于心头;1;0;1;8447;0.00011838522552385462
9747;lz;1;0;1;8447;0.00011838522552385462
9749;凛;1;0;1;8447;0.00011838522552385462
9753;qzuser。。。;1;0;1;8447;0.00011838522552385462
9765;我爱睡大觉;1;0;1;8447;0.00011838522552385462
9767;一杯拿铁;1;0;1;8447;0.00011838522552385462
9771;会下雪吗李信那个好好看;1;0;1;8447;0.00011838522552385462
9778;欧皇锦鲤诶我喜欢;2;0;2;8447;0.00023677045104770924
9781;112217;1;0;1;8447;0.00011838522552385462
9785;纪念;1;0;1;8447;0.00011838522552385462
9787;池鱼;1;0;1;8447;0.00011838522552385462
9790;嗷呜嗷呜，你没了好看吗;3;0;3;8447;0.00035515567657156387
9799;一闪就坠落;1;0;1;8447;0.00011838522552385462
9801;温柔收藏家嘘快来（小声）他这里好多镁铝（超小声）;1;0;1;8447;0.00011838522552385462
9812;Shmily哇;1;0;1;8447;0.00011838522552385462
9814;0;1;0;1;8447;0.00011838522552385462
9817;真的好困;1;0;1;8447;0.00011838522552385462
9820;花枝;1;0;1;8447;0.00011838522552385462
9824;陶子;3;0;3;8447;0.00035515567657156387
9828;睡睡兔炽宇卧槽，我信姐，光阳女神;2;0;2;8447;0.00023677045104770924
9831;小宇不宙李信真帅;1;0;1;8447;0.00011838522552385462
9834;睡个好觉;1;0;1;8447;0.00011838522552385462
9840;酒家和你拼啦;1;0;1;8447;0.00011838522552385462
9843;rui6;3;0;3;8447;0.00035515567657156387
9847;Peri;1;0;1;8447;0.00011838522552385462
9852;浓浓李信最好看;1;0;1;8447;0.00011838522552385462
9855;请拉紧我的手;1;0;1;8447;0.00011838522552385462
9861;呆木香香怎么说;2;0;2;8447;0.00023677045104770924
9865;贪心爱了爱了;1;0;1;8447;0.00011838522552385462
9872;无敌暴龙战士;1;0;1;8447;0.00011838522552385462
9879;故言。;1;0;1;8447;0.00011838522552385462
9886;陳;1;0;1;8447;0.00011838522552385462
9888;大彻大悟XH铠后面那个跟你很像;3;0;3;8447;0.00035515567657156387
9895;山川青苍;1;0;1;8447;0.00011838522552385462
9897;Bubble好好看;1;0;1;8447;0.00011838522552385462
9900;M421李信我老婆爱了爱了;1;0;1;8447;0.00011838522552385462
9908;丰丰彐心;1;0;1;8447;0.00011838522552385462
9910;温栗;1;0;1;8447;0.00011838522552385462
9915;想当厨子;1;0;1;8447;0.00011838522552385462
9919;李信真的好好看;1;0;1;8447;0.00011838522552385462
9921;湘云;2;0;2;8447;0.00023677045104770924
9929;10086。;1;0;1;8447;0.00011838522552385462
9931;无名燃秋;1;0;1;8447;0.00011838522552385462
9933;不要相信男人;1;0;1;8447;0.00011838522552385462
9935;浅浅呐李信;1;0;1;8447;0.00011838522552385462
9940;言冰;1;0;1;8447;0.00011838522552385462
9947;CrylinsChannel;1;0;1;8447;0.00011838522552385462
9951;宫园薰塔维尔;3;0;3;8447;0.00035515567657156387
9961;凌一尧;2;0;2;8447;0.00023677045104770924
9966;明天上王者呀我兴奋了;1;0;1;8447;0.00011838522552385462
9977;立习习司马懿;1;0;1;8447;0.00011838522552385462
9979;淼;1;0;1;8447;0.00011838522552385462
9983;淡季WC哈哈哈哈哈哈哈;9;0;9;8447;0.0010654670297146917
9994;伦布鲁克林三分王给你一瓶魔法药水回忆结成冰丨Hello7z;1;0;1;8447;0.00011838522552385462
9996;尔尔。;3;0;3;8447;0.00035515567657156387
10011;帅气薄情饶少;1;0;1;8447;0.00011838522552385462
10014;海妍安了Miss晨;5;0;5;8447;0.0005919261276192731
10024;织田作之助中二06我的凯爹变成美女了;1;0;1;8447;0.00011838522552385462
10026;要一直温柔;1;0;1;8447;0.00011838522552385462
10029;拉粑粑;1;0;1;8447;0.00011838522552385462
10033;XW？？？？离大普;1;0;1;8447;0.00011838522552385462
10035;Whiskey;1;0;1;8447;0.00011838522552385462
10040;凌云独木不成林为什么全是女性化;1;0;1;8447;0.00011838522552385462
10055;叙说相思;2;0;2;8447;0.00023677045104770924
10058;随风往惜还得是李信;1;0;1;8447;0.00011838522552385462
10065;废话不多说啦，哈哈哈哈哈;4;0;4;8447;0.0004735409020954185
10074;小南不姓南;1;0;1;8447;0.00011838522552385462
10085;一只梅狸猫adq;1;0;1;8447;0.00011838522552385462
10087;盛李信;1;0;1;8447;0.00011838522552385462
10089;他说他喜欢新鲜感我信哥性转都辣么美;2;0;2;8447;0.00023677045104770924
10094;六便士卧槽这样的凯也不是不可以;1;0;1;8447;0.00011838522552385462
10100;CoeG;2;0;2;8447;0.00023677045104770924
10104;唉嘿;1;0;1;8447;0.00011838522552385462
10108;云先生;1;0;1;8447;0.00011838522552385462
10115;0;1;0;1;8447;0.00011838522552385462
10135;没错是我点的;1;0;1;8447;0.00011838522552385462
10144;夏夜微凉;1;0;1;8447;0.00011838522552385462
10147;娇里娇气;2;0;2;8447;0.00023677045104770924
10153;苏景昀苏誉洛洛爱甜橙;7;0;7;8447;0.0008286965786669824
10163;指尖李信好好看;1;0;1;8447;0.00011838522552385462
10168;兰陵王;1;0;1;8447;0.00011838522552385462
10170;不浪漫罪名以为抓住了风;1;0;1;8447;0.00011838522552385462
10173;A牛奶呀;1;0;1;8447;0.00011838522552385462
10176;七妤还是诸葛好看;1;0;1;8447;0.00011838522552385462
10178;雪儿哇，这个司马懿可以;1;0;1;8447;0.00011838522552385462
10180;小牛马Plus;1;0;1;8447;0.00011838522552385462
10189;祝你;1;0;1;8447;0.00011838522552385462
10193;罐装旺仔吵什么架;1;0;1;8447;0.00011838522552385462
10196;陈三愿想看牛魔王，谢谢;1;0;1;8447;0.00011838522552385462
10204;软软;1;0;1;8447;0.00011838522552385462
10209;比芯;1;0;1;8447;0.00011838522552385462
10213;小张大王66;1;0;1;8447;0.00011838522552385462
10218;黏人的黏这么牛;1;0;1;8447;0.00011838522552385462
10232;玄崽我信;1;0;1;8447;0.00011838522552385462
10234;Twenty（）ss20第十人称源源不断坏蛋阿江彤彤梦晨辰沉呐有点东西;1;0;1;8447;0.00011838522552385462
10238;棱镜哇;2;0;2;8447;0.00023677045104770924
10254;阴阳怪;1;0;1;8447;0.00011838522552385462
10259;涼;1;0;1;8447;0.00011838522552385462
10262;橙橙北斗;1;0;1;8447;0.00011838522552385462
10265;像冷冰挺好看的;1;0;1;8447;0.00011838522552385462
10268;诗乃受不了ai了;1;0;1;8447;0.00011838522552385462
10270;配弦牛;1;0;1;8447;0.00011838522552385462
10278;有钟馗吗;1;0;1;8447;0.00011838522552385462
10297;惜君;1;0;1;8447;0.00011838522552385462
10299;王木木;1;0;1;8447;0.00011838522552385462
10304;白蔼星即是永恒;1;0;1;8447;0.00011838522552385462
10307;717;1;0;1;8447;0.00011838522552385462
10311;阮南浔李信我可以;1;0;1;8447;0.00011838522552385462
10324;遗失玫瑰心跳逆天;2;0;2;8447;0.00023677045104770924
10327;VH青龙;1;0;1;8447;0.00011838522552385462
10332;江黎黎;1;0;1;8447;0.00011838522552385462
10339;记得吃饭;2;0;2;8447;0.00023677045104770924
10343;菟很乖;1;0;1;8447;0.00011838522552385462
10347;司马懿封神小鱼干小恐龙梦曦又回到一个人;1;0;1;8447;0.00011838522552385462
10349;一杯阿萨姆感觉好看了许多;1;0;1;8447;0.00011838522552385462
10355;破绽洋小可爱老臊子;1;0;1;8447;0.00011838522552385462
10357;玉米汁知之;1;0;1;8447;0.00011838522552385462
10368;lzz啊？;1;0;1;8447;0.00011838522552385462
10373;俗洲;1;0;1;8447;0.00011838522552385462
10377;koiu;1;0;1;8447;0.00011838522552385462
10380;看戏凌墨芯;1;0;1;8447;0.00011838522552385462
10386;睡个好觉z;1;0;1;8447;0.00011838522552385462
10388;伤心果;1;0;1;8447;0.00011838522552385462
10396;你頭髮乱了喔我靠李信;1;0;1;8447;0.00011838522552385462
10399;远方拾君wo深藏blueAhuan真不错;2;0;2;8447;0.00023677045104770924
10408;枫枫是我宝宝;1;0;1;8447;0.00011838522552385462
10414;帅气且迷人哇塞;1;0;1;8447;0.00011838522552385462
10429;睥睨;1;0;1;8447;0.00011838522552385462
10433;桃沢;1;0;1;8447;0.00011838522552385462
10436;浑水摸鱼真君WP;2;0;2;8447;0.00023677045104770924
10442;浪漫予三;1;0;1;8447;0.00011838522552385462
10452;小耶比李信奕星我的爱;1;0;1;8447;0.00011838522552385462
10458;首选小嘉利了;1;0;1;8447;0.00011838522552385462
10460;小张想睡觉;3;0;3;8447;0.00035515567657156387
10476;oO好看;1;0;1;8447;0.00011838522552385462
10479;七七海甜酒窝白月光;2;0;2;8447;0.00023677045104770924
10483;无名氏Mr煜;1;0;1;8447;0.00011838522552385462
10489;喜欢小璟琦琦琦;1;0;1;8447;0.00011838522552385462
10493;玉米汩汩直接爱了;1;0;1;8447;0.00011838522552385462
10497;meetme李信跟弈星;1;0;1;8447;0.00011838522552385462
10503;暴躁且骂人66;1;0;1;8447;0.00011838522552385462
10509;翎翊不要侮辱我的李信啊;1;0;1;8447;0.00011838522552385462
10511;Espada小韵汽水味蟑螂Nil零？;2;0;2;8447;0.00023677045104770924
10514;春秋;1;0;1;8447;0.00011838522552385462
10531;新篇章;1;0;1;8447;0.00011838522552385462
10540;加贺谷休一泠海;3;0;3;8447;0.00035515567657156387
10547;諵羊羊李信;1;0;1;8447;0.00011838522552385462
10550;归期再见也不是不行;1;0;1;8447;0.00011838522552385462
10553;欢愉;1;0;1;8447;0.00011838522552385462
10557;湮;1;0;1;8447;0.00011838522552385462
10565;一天吃八顿阿鲩海绵饱嗝儿;1;0;1;8447;0.00011838522552385462
10567;奕星那个好像周淑怡;1;0;1;8447;0.00011838522552385462
10573;是颜豆子;1;0;1;8447;0.00011838522552385462
10576;云信子哥，对不起了;1;0;1;8447;0.00011838522552385462
10581;乙骨忧太;1;0;1;8447;0.00011838522552385462
10586;一只兔子;1;0;1;8447;0.00011838522552385462
10592;Gentleqi李信真好看，我们Ai没白学;2;0;2;8447;0.00023677045104770924
10602;所以然;1;0;1;8447;0.00011838522552385462
10610;非你不娶这;2;0;2;8447;0.00023677045104770924
10633;别记住我;1;0;1;8447;0.00011838522552385462
10641;今晚也失眠;1;0;1;8447;0.00011838522552385462
10645;唐圆圆;1;0;1;8447;0.00011838522552385462
10650;用两顿疯狂星期四的钱租了几天显卡，尝试用了“大江户战士”的多帧渲染法，效果显著，第一版那闪烁真的没眼看，我都不好意思发，这一版好了不少，但还是没办法做到完全消除闪烁，可能我操作不太对？后续再研究研究，祝申鹤厨明天一发出申鹤;21;710;731;8447;0.08653959985793773
10672;0;163;1101;1264;8447;0.14963892506215223
10836;可惜申鹤实机并没有立绘好看，不太还原;18;1006;1024;8447;0.12122647093642713
10855;竟然有银纹太烧了;1;1;2;8447;0.00023677045104770924
10857;这不相当于一堆尸块拼成的丧尸在跳舞吗;85;131;216;8447;0.025571208713152598
10943;ai脸真是绝了，虽然和网红脸似的看上去都差不多，但都是最完美的少女脸，比原原本的脸好看亿万倍;15;820;835;8447;0.09885166331241861
10959;忍冬纹;20;703;723;8447;0.08559251805374689
10980;纺织工人：尸体之舞;30;112;142;8447;0.016810702024387357
11012;AI画的脸部看起来好幼态呀，我喜欢;1;50;51;8447;0.006037646501716586
11014;四舍五入约等于没川;2;44;46;8447;0.005445720374097312
11020;看了你的我把持不住去抽神鹤了，屁屁真香;4;0;4;8447;0.0004735409020954185
11025;哇撒，这好性感，2D和3D还是有区别的;1;2;3;8447;0.00035515567657156387
11028;風語;1;0;1;8447;0.00011838522552385462
11038;荼猫太好看了;6;0;6;8447;0.0007103113531431277
11053;SUJIN我靠申鹤;1;0;1;8447;0.00011838522552385462
11056;电脑配件儿好喜欢;1;0;1;8447;0.00011838522552385462
11058;Yk7我老婆;1;0;1;8447;0.00011838522552385462
11064;水番;1;1;2;8447;0.00023677045104770924
11067;修勾骑士我去;2;0;2;8447;0.00023677045104770924
11077;一分一寸;1;0;1;8447;0.00011838522552385462
11080;AYL想抽这个角色呜呜呜呜抽不到我会死的;1;0;1;8447;0.00011838522552385462
11087;三千里徐行够不够烧我就问你;1;0;1;8447;0.00011838522552385462
11092;421023你的推荐;1;0;1;8447;0.00011838522552385462
11095;蹦跶什么蹦跶;1;0;1;8447;0.00011838522552385462
11097;0;1;1;2;8447;0.00023677045104770924
11100;YFei;1;0;1;8447;0.00011838522552385462
11106;x申鹤今天颜源画的那个;1;0;1;8447;0.00011838522552385462
11108;x我抖音天天都在看什么啊但爱看;1;0;1;8447;0.00011838522552385462
11110;宵宫好社;1;0;1;8447;0.00011838522552385462
11123;奇妙能力乔;1;0;1;8447;0.00011838522552385462
11125;MAX你喜欢;1;0;1;8447;0.00011838522552385462
11128;Ashbringer我来检查你有没有在评论区艾特我的合法丈夫;1;0;1;8447;0.00011838522552385462
11130;是团子吖来看看小姨;1;0;1;8447;0.00011838522552385462
11141;ykinfeo宋米米ZiconDearArdentlyL五花肉肉肉肉肉肉肉肉擦;2;0;2;8447;0.00023677045104770924
11144;德爷稚我不想要雷泽promax我要小姨;3;0;3;8447;0.00035515567657156387
11150;鲜葱bgm是啥;2;0;2;8447;0.00023677045104770924
11154;秋葉，休想乱我道心;1;0;1;8447;0.00011838522552385462
11159;允棠superbbbbt猫俺的猫。马孔多在下雨R小姨;1;0;1;8447;0.00011838522552385462
11166;婷子聪明蛋冷酷魈少喜欢死了，一定娶回家;1;0;1;8447;0.00011838522552385462
11168;半梦浮生小小现充你听冬景无声啊啊啊好好看;8;0;8;8447;0.000947081804190837
11180;珊瑚宫心海阿鹤;2;0;2;8447;0.00023677045104770924
11183;阿青;1;0;1;8447;0.00011838522552385462
11195;伤心鼠鼠（emo版）好好好;1;0;1;8447;0.00011838522552385462
11200;执笔ai要统治世界了;1;0;1;8447;0.00011838522552385462
11202;你老婆正在跳舞给我看Z;1;0;1;8447;0.00011838522552385462
11206;0;1;1;2;8447;0.00023677045104770924
11211;乌列尔的Armastaja;1;1;2;8447;0.00023677045104770924
11213;小娜许的什么愿突然理解了;1;1;2;8447;0.00023677045104770924
11215;墨攸月（霸总版）快板儿炒鸡蛋Jagger1111zh殇龙龙;1;1;2;8447;0.00023677045104770924
11217;林LinAlone;1;1;2;8447;0.00023677045104770924
11219;还有六分钟小姨啊我等的你好苦啊;4;1;5;8447;0.0005919261276192731
11224;梨涡浅笑这身材确实哈;1;1;2;8447;0.00023677045104770924
11228;逸辰这不美爆;1;1;2;8447;0.00023677045104770924
11232;一鸭一鸭哟救命;2;1;3;8447;0.00035515567657156387
11235;昱果裤裤风间琉璃;1;1;2;8447;0.00023677045104770924
11238;呆娇布;1;1;2;8447;0.00023677045104770924
11241;梁仔星冰乐好喜欢;1;1;2;8447;0.00023677045104770924
11244;且行绝了;1;0;1;8447;0.00011838522552385462
11246;鬼鬼酱这个视频的时候她是第一;2;0;2;8447;0.00023677045104770924
11252;尘;1;0;1;8447;0.00011838522552385462
11255;JOLYNE河南彭于晏拾光。这你不抽;1;0;1;8447;0.00011838522552385462
11260;缺氧炸毛怪;1;0;1;8447;0.00011838522552385462
11263;等风几许月亮酿甜酒草莓酸奶冻你们必须给我全看完;1;2;3;8447;0.00035515567657156387
11268;妈呀斯卡拉姆齐Primary懿葵;3;0;3;8447;0.00035515567657156387
11272;申鹤颜值史诗级加强;1;1;2;8447;0.00023677045104770924
11274;怀小姨老婆嘿嘿;1;0;1;8447;0.00011838522552385462
11278;打败拖延症万叶小兄弟（滋崩版）bocboc阿悄呀敲苏若晴啊XLLL小姨;1;0;1;8447;0.00011838522552385462
11280;你好我是月色琉璃嘿嘿申鹤嘿嘿;1;0;1;8447;0.00011838522552385462
11283;Hello来看你老婆跳舞;1;0;1;8447;0.00011838522552385462
11285;温蒂原神里她的pp真的会反光;2;0;2;8447;0.00023677045104770924
11288;跳我辛巴上课;1;1;2;8447;0.00023677045104770924
11290;川A第二能吃我超这个好美;1;0;1;8447;0.00011838522552385462
11292;不知名奶酪可是真的美;1;0;1;8447;0.00011838522552385462
11294;r直接call岩喊;1;0;1;8447;0.00011838522552385462
11296;皮皮吖富婆让我自信我新老婆;1;0;1;8447;0.00011838522552385462
11311;什么？你怎么知道我十连3金还申鹤1命了;4;5;9;8447;0.0010654670297146917
11316;白尔申鹤的脸如果做成这样我也得抽;1;0;1;8447;0.00011838522552385462
11320;江年望云喜想要一个有申鹤的朋友;1;1;2;8447;0.00023677045104770924
11323;给你们看我的小姨;16;6;22;8447;0.002604474961524802
11340;番茄炒蛋加香菜现在的ai已经可以跳舞了;1;0;1;8447;0.00011838522552385462
11342;哦。小姨等着我;4;0;4;8447;0.0004735409020954185
11351;李叙这次ai好稳;1;0;1;8447;0.00011838522552385462
11353;臭屁小思既然刷到了就祝你申鹤不歪吧那就;1;0;1;8447;0.00011838522552385462
11359;喃安;1;0;1;8447;0.00011838522552385462
11361;用户小废;1;0;1;8447;0.00011838522552385462
11373;留下星辰用户755007506248青春滋蹦糖豆人不会梦到被警家皮卡丘振刀sans槑槑大怪兽;1;1;2;8447;0.00023677045104770924
11378;kimvante;1;1;2;8447;0.00023677045104770924
11384;AAA专业贴膜夏总;1;1;2;8447;0.00023677045104770924
11387;这又是谁段笺柒;1;1;2;8447;0.00023677045104770924
11390;法酱激吹bot谢景行;1;1;2;8447;0.00023677045104770924
11393;凡梦;1;1;2;8447;0.00023677045104770924
11400;佳了个文;1;0;1;8447;0.00011838522552385462
11403;晚风serein杠精你个杠;1;0;1;8447;0.00011838522552385462
11405;恐怖兜帽人;1;0;1;8447;0.00011838522552385462
11407;赴月观长安丷没头脑奕冰权大华子初照ggg林筱七念;2;3;5;8447;0.0005919261276192731
11410;取名字好麻烦;1;0;1;8447;0.00011838522552385462
11412;鱼;1;0;1;8447;0.00011838522552385462
11414;糖吃多了牙疼;1;0;1;8447;0.00011838522552385462
11417;叙利亚寡妇;1;0;1;8447;0.00011838522552385462
11419;啊哒哒哒哒哒哒哒;1;0;1;8447;0.00011838522552385462
11422;沈行王木木啊;1;0;1;8447;0.00011838522552385462
11427;Sakaru清浅what洋洋幂幂;1;1;2;8447;0.00023677045104770924
11435;木子衣Nino艺术家崔饭;1;0;1;8447;0.00011838522552385462
11441;FiveIce李甫西;1;0;1;8447;0.00011838522552385462
11444;布瑞吉JIJI;1;0;1;8447;0.00011838522552385462
11446;黄澄澄小女友柳智敏GGUUB萝卜粉锅包肉;1;1;2;8447;0.00023677045104770924
11449;郭嘉;1;0;1;8447;0.00011838522552385462
11451;爱花花”;1;0;1;8447;0.00011838522552385462
11453;阿y;1;0;1;8447;0.00011838522552385462
11455;独秀的小橘纸;1;0;1;8447;0.00011838522552385462
11460;俊岁岁平安;1;0;1;8447;0.00011838522552385462
11462;乌鱼;1;1;2;8447;0.00023677045104770924
11464;山茶花Yu哦MOOOOO昭阳。祸津御建鸣神命屑型宠幸鹤归darling;1;0;1;8447;0.00011838522552385462
11469;流浪武士;1;0;1;8447;0.00011838522552385462
11471;清照;1;0;1;8447;0.00011838522552385462
11474;练心海棠;1;1;2;8447;0.00023677045104770924
11477;辰里有茶;1;0;1;8447;0.00011838522552385462
11479;绾绾;1;0;1;8447;0.00011838522552385462
11482;月亮乖不乖;1;0;1;8447;0.00011838522552385462
11488;0;1;0;1;8447;0.00011838522552385462
11490;早点睡呀;1;0;1;8447;0.00011838522552385462
11493;无聊白泡面;1;0;1;8447;0.00011838522552385462
11500;老章闹海老爹闹海;1;0;1;8447;0.00011838522552385462
11507;郑二狗;1;0;1;8447;0.00011838522552385462
11511;喻来喻好无敌暴龙战士;1;1;2;8447;0.00023677045104770924
11513;荷兰没有河南豆粥7;2;0;2;8447;0.00023677045104770924
11522;hermankim无聊啊恋星辰;1;0;1;8447;0.00011838522552385462
11529;甜心宝贝阿贵阿海不令而行我可莉害了橘前辈猫千;2;1;3;8447;0.00035515567657156387
11532;今日份元气;2;0;2;8447;0.00023677045104770924
11535;多肉蜜桃啵啵;1;0;1;8447;0.00011838522552385462
11538;亦万里独行只喜欢羡羡挽晴unber子不语怪力乱神橙汁好喝;2;0;2;8447;0.00023677045104770924
11541;囍Ukyo;1;0;1;8447;0.00011838522552385462
11543;yr;1;0;1;8447;0.00011838522552385462
11547;青莲居士;1;0;1;8447;0.00011838522552385462
11552;又困了;1;0;1;8447;0.00011838522552385462
11554;为万叶吟诗咩咩琪;1;1;2;8447;0.00023677045104770924
11556;为了申鹤搬砖;1;0;1;8447;0.00011838522552385462
11566;酱香小猫;1;0;1;8447;0.00011838522552385462
11568;清;1;0;1;8447;0.00011838522552385462
11574;沫小凰;1;0;1;8447;0.00011838522552385462
11579;等来迟的夏天彗心;2;0;2;8447;0.00023677045104770924
11585;Bullet;1;1;2;8447;0.00023677045104770924
11589;平平无奇王先生;1;0;1;8447;0.00011838522552385462
11592;挖雪泥人生若只是初见养只樱九酱张一筒;1;1;2;8447;0.00023677045104770924
11596;夫诸;1;0;1;8447;0.00011838522552385462
11598;垣柴嗵CeC;1;1;2;8447;0.00023677045104770924
11605;0;2;0;2;8447;0.00023677045104770924
11609;咸咸的颜;1;0;1;8447;0.00011838522552385462
11611;玉簪入发YerZsslzmll;1;1;2;8447;0.00023677045104770924
11614;汐阳阿巴;2;0;2;8447;0.00023677045104770924
11618;英仙座的光羽;1;1;2;8447;0.00023677045104770924
11624;彦祖外逃悍妻;1;0;1;8447;0.00011838522552385462
11627;1ShareLUCYkemoYee十六夜鲮;2;1;3;8447;0.00035515567657156387
11630;高某人;1;0;1;8447;0.00011838522552385462
11634;江梓潼sereindaisukiiii;1;1;2;8447;0.00023677045104770924
11637;拐拐;1;0;1;8447;0.00011838522552385462
11639;神魂颠倒;2;0;2;8447;0.00023677045104770924
11650;呃呃;1;0;1;8447;0.00011838522552385462
11652;关心都给路边的猫了;1;0;1;8447;0.00011838522552385462
11655;7不6;2;0;2;8447;0.00023677045104770924
11658;祈居居;2;1;3;8447;0.00035515567657156387
11664;喰喰;1;0;1;8447;0.00011838522552385462
11666;是粥粥吖阿薇;1;1;2;8447;0.00023677045104770924
11672;白镜婷;1;1;2;8447;0.00023677045104770924
11674;白药（每天早起版）;1;0;1;8447;0.00011838522552385462
11677;阿俞;1;1;2;8447;0.00023677045104770924
11683;悠;1;0;1;8447;0.00011838522552385462
11686;小w;1;0;1;8447;0.00011838522552385462
11689;屋塔房;1;0;1;8447;0.00011838522552385462
11693;中二少女卿;2;0;2;8447;0.00023677045104770924
11696;K;1;0;1;8447;0.00011838522552385462
11700;终失;1;0;1;8447;0.00011838522552385462
11702;顾清河余生;1;0;1;8447;0.00011838522552385462
11710;Mks;5;0;5;8447;0.0005919261276192731
11717;小郑夫人;1;0;1;8447;0.00011838522552385462
11720;宇;1;0;1;8447;0.00011838522552385462
11727;栩欣夜寒汐月夏弦好涩;1;0;1;8447;0.00011838522552385462
11731;好看笨鸟（陆沉血仆20版）;1;0;1;8447;0.00011838522552385462
11735;我是米麻薯这个号没;2;0;2;8447;0.00023677045104770924
11739;松子儿;1;0;1;8447;0.00011838522552385462
11742;凫名你怎么忍住去不抽姨姨的;1;0;1;8447;0.00011838522552385462
11746;我想喝养乐多;1;0;1;8447;0.00011838522552385462
11748;plume;1;0;1;8447;0.00011838522552385462
11750;Toynbee你有什么理由不抽;1;0;1;8447;0.00011838522552385462
11752;百年;1;0;1;8447;0.00011838522552385462
11754;风信子;1;0;1;8447;0.00011838522552385462
11756;re;1;0;1;8447;0.00011838522552385462
11758;啊精;1;0;1;8447;0.00011838522552385462
11761;安鹤;1;0;1;8447;0.00011838522552385462
11771;一大炮崩烂你苦茶籽;1;0;1;8447;0.00011838522552385462
11779;舞蹈动作是导入的文件还是ai根据视频学习的还是说你是一帧一帧弄的;4;0;4;8447;0.0004735409020954185
11785;Xf;1;0;1;8447;0.00011838522552385462
11787;0;1;0;1;8447;0.00011838522552385462
11794;0;1;0;1;8447;0.00011838522552385462
11799;Ganna这好好看;1;0;1;8447;0.00011838522552385462
11801;教材批发市场老李我好了;1;0;1;8447;0.00011838522552385462
11803;threeycipo;5;0;5;8447;0.0005919261276192731
11812;八七yayoQED;2;0;2;8447;0.00023677045104770924
11817;祈雨;1;0;1;8447;0.00011838522552385462
11819;勤用户2477820481225蔡：）哈利龙卢;5;0;5;8447;0.0005919261276192731
11826;屠夫;1;0;1;8447;0.00011838522552385462
11830;宴上月酵性恋你是温柔岁月的梦影这个眼睛比游戏里好看，就是感觉脸更少女了;3;0;3;8447;0.00035515567657156387
11836;白裘羔哎嘿嘿嘿;2;0;2;8447;0.00023677045104770924
11839;小希这你不抽？;1;0;1;8447;0.00011838522552385462
11841;鼎鼐出货有点难;1;0;1;8447;0.00011838522552385462
11843;锅巴（日常版）帝君没有摩拉了;1;0;1;8447;0.00011838522552385462
11845;snow弦月吃藕;1;0;1;8447;0.00011838522552385462
11849;空粉吖（春赛积德版）;1;0;1;8447;0.00011838522552385462
11852;最爱炸油条;1;0;1;8447;0.00011838522552385462
11854;自然醒和小乖王。Quinn233;2;0;2;8447;0.00023677045104770924
11857;emo小猫我不行了;1;0;1;8447;0.00011838522552385462
11861;小硝;4;0;4;8447;0.0004735409020954185
11866;北岛蛮荒;1;0;1;8447;0.00011838522552385462
11868;让我做个俗人;1;0;1;8447;0.00011838522552385462
11870;岚;2;0;2;8447;0.00023677045104770924
11875;成子成子大成子花枝丸法斗地主;3;0;3;8447;0.00035515567657156387
11881;Littkx;1;0;1;8447;0.00011838522552385462
11884;葱爆河豚肉;2;0;2;8447;0.00023677045104770924
11890;夏风如歌;2;0;2;8447;0.00023677045104770924
11893;阿辞;1;0;1;8447;0.00011838522552385462
11895;包子铺里的土豆;1;0;1;8447;0.00011838522552385462
11901;萧小五;1;0;1;8447;0.00011838522552385462
11903;萧逸;1;0;1;8447;0.00011838522552385462
11905;Heynnxn;1;0;1;8447;0.00011838522552385462
11908;温qing;1;0;1;8447;0.00011838522552385462
11910;好烦臭香菜;1;0;1;8447;0.00011838522552385462
11915;。。。。;1;0;1;8447;0.00011838522552385462
11918;鹿;2;0;2;8447;0.00023677045104770924
11928;汁;1;0;1;8447;0.00011838522552385462
11931;怜;1;0;1;8447;0.00011838522552385462
11934;芜裕。;1;0;1;8447;0.00011838522552385462
11937;小泮同学。;1;0;1;8447;0.00011838522552385462
11940;海岛蓝竹，;1;0;1;8447;0.00011838522552385462
11944;每天变欧一点点防水毛巾关你屁事;2;0;2;8447;0.00023677045104770924
11947;啊这;1;0;1;8447;0.00011838522552385462
11949;Cheristy;1;0;1;8447;0.00011838522552385462
11952;感夏伶;1;0;1;8447;0.00011838522552385462
11954;一般路过路人甲;1;0;1;8447;0.00011838522552385462
11957;Cx330;1;0;1;8447;0.00011838522552385462
11961;君;1;0;1;8447;0.00011838522552385462
11963;悲伤的糖醋排骨真的好看;2;0;2;8447;0.00023677045104770924
11966;窝草;1;0;1;8447;0.00011838522552385462
11971;妮子敏给我抽爆;3;0;3;8447;0.00035515567657156387
11975;《Z》;1;0;1;8447;0.00011838522552385462
11987;build艹了小姨和雾切要哪个啊我好难选择;1;0;1;8447;0.00011838522552385462
11989;果子的好朋友峙;1;0;1;8447;0.00011838522552385462
11993;花城学;1;0;1;8447;0.00011838522552385462
12000;小鹿;1;0;1;8447;0.00011838522552385462
12005;心动;1;0;1;8447;0.00011838522552385462
12007;擦;2;0;2;8447;0.00023677045104770924
12011;梦一只小提麻辣烫里的白开水;1;0;1;8447;0.00011838522552385462
12013;即这个好漂亮;1;0;1;8447;0.00011838522552385462
12015;不知道叫什么先这样吧玛雅，好色;1;0;1;8447;0.00011838522552385462
12017;有只修勾;1;0;1;8447;0.00011838522552385462
12023;小姨;2;0;2;8447;0.00023677045104770924
12026;hhh这个小姨好好看;2;0;2;8447;0.00023677045104770924
12037;扯扯;4;0;4;8447;0.0004735409020954185
12043;苦橙可是可是好喜欢;1;0;1;8447;0.00011838522552385462
12046;长情诗我应得的;1;0;1;8447;0.00011838522552385462
12050;香蕉鱼再相见;1;0;1;8447;0.00011838522552385462
12053;芙蓉王源;2;0;2;8447;0.00023677045104770924
12057;N次方咯;1;0;1;8447;0.00011838522552385462
12061;爱佳饱饱晕厥;1;0;1;8447;0.00011838522552385462
12066;内你今天洗头吗就不要脸;1;0;1;8447;0.00011838522552385462
12068;Shallowheart;1;0;1;8447;0.00011838522552385462
12070;七欧七七要死了;1;0;1;8447;0.00011838522552385462
12073;0;1;0;1;8447;0.00011838522552385462
12076;akdkdhd我老婆;1;0;1;8447;0.00011838522552385462
12081;么么叽;1;0;1;8447;0.00011838522552385462
12085;云西门十七;5;0;5;8447;0.0005919261276192731
12093;Gzero;1;0;1;8447;0.00011838522552385462
12095;憧憬史努比是只狗woc;1;0;1;8447;0.00011838522552385462
12098;馍法小叽喊牛哥来看;2;0;2;8447;0.00023677045104770924
12101;是只布偶猫呀;1;0;1;8447;0.00011838522552385462
12110;Cd抽;1;0;1;8447;0.00011838522552385462
12115;雾霾;1;0;1;8447;0.00011838522552385462
12120;熙辞辞辞;1;0;1;8447;0.00011838522552385462
12124;洛欢好运不段女士我看谁不要小姨;2;0;2;8447;0.00023677045104770924
12136;Li1;1;0;1;8447;0.00011838522552385462
12140;小鸡毛推文;1;0;1;8447;0.00011838522552385462
12143;鹿吟怷zarua;3;0;3;8447;0.00035515567657156387
12149;云麦外敷麦外敷麦外敷;1;0;1;8447;0.00011838522552385462
12151;华丽潮湿蛙;1;0;1;8447;0.00011838522552385462
12157;那又怎么样;2;0;2;8447;0.00023677045104770924
12161;你老婆;1;0;1;8447;0.00011838522552385462
12165;是阿羽哒听颂小苏;1;0;1;8447;0.00011838522552385462
12167;吃柠檬;1;0;1;8447;0.00011838522552385462
12171;迪妈呀;1;0;1;8447;0.00011838522552385462
12177;色胚;1;0;1;8447;0.00011838522552385462
12179;呦呵;1;0;1;8447;0.00011838522552385462
12182;愚人众第十二席爷;1;0;1;8447;0.00011838522552385462
12186;灵溪？？？不是卧槽我。。。我到底抽啥;2;0;2;8447;0.00023677045104770924
12190;小鱼er神里龟龟;1;0;1;8447;0.00011838522552385462
12192;清风垂露;1;0;1;8447;0.00011838522552385462
12196;泽;1;0;1;8447;0.00011838522552385462
12199;雾满江南;1;0;1;8447;0.00011838522552385462
12207;一个老绅士一发入魂;1;0;1;8447;0.00011838522552385462
12214;小琳;1;0;1;8447;0.00011838522552385462
12219;达达利亚的修勾xxxxxx救命;2;0;2;8447;0.00023677045104770924
12224;翊梦;1;0;1;8447;0.00011838522552385462
12226;蟹黄单走一个6这都不抽？是人吗;2;0;2;8447;0.00023677045104770924
12229;狗头都护不了你;1;0;1;8447;0.00011838522552385462
12231;is活灵活现的我靠;1;0;1;8447;0.00011838522552385462
12233;晚;1;0;1;8447;0.00011838522552385462
12239;包子包子;1;0;1;8447;0.00011838522552385462
12242;又菜又爱玩的杨小懒守你老婆出来跳舞给别人看;5;0;5;8447;0.0005919261276192731
12248;Taerange腰臀比;1;0;1;8447;0.00011838522552385462
12250;Kissme西瓜与猫忧郁yin纹;2;0;2;8447;0.00023677045104770924
12254;暮雨落雪;1;0;1;8447;0.00011838522552385462
12256;派大唾沫星子;1;0;1;8447;0.00011838522552385462
12258;重生之极品贵妃乖乖林;1;0;1;8447;0.00011838522552385462
12267;破防大王;1;0;1;8447;0.00011838522552385462
12274;洋宸;1;0;1;8447;0.00011838522552385462
12276;这个歌叫啥;1;0;1;8447;0.00011838522552385462
12278;申鹤;1;0;1;8447;0.00011838522552385462
12286;uEhee;1;0;1;8447;0.00011838522552385462
12289;落;1;0;1;8447;0.00011838522552385462
12291;红烧茄子远方红烧香菜;1;0;1;8447;0.00011838522552385462
12293;隔壁老王王光Kari;2;0;2;8447;0.00023677045104770924
12297;拒绝和哒宰殉情的第52天;1;0;1;8447;0.00011838522552385462
12301;杜pd南巷旧人;1;0;1;8447;0.00011838522552385462
12306;乙骨犹太哦，最近老刷这种;1;0;1;8447;0.00011838522552385462
12309;卧槽was小粑粑;2;0;2;8447;0.00023677045104770924
12313;清蒸大闸谢女士;1;0;1;8447;0.00011838522552385462
12315;灰青三月约原来He;1;0;1;8447;0.00011838522552385462
12317;喝红茶的小男孩;2;0;2;8447;0.00023677045104770924
12322;云影影不emo;1;0;1;8447;0.00011838522552385462
12325;quszerfaker;1;0;1;8447;0.00011838522552385462
12328;友人B小姨贴贴;2;0;2;8447;0.00023677045104770924
12334;木木;1;0;1;8447;0.00011838522552385462
12338;ai算法做出来的动画和图片确实是最完美的脸，动作也很流畅，只是全都是拿别人的成果拼出来的像风;2;0;2;8447;0.00023677045104770924
12350;罗曼蒂克申鹤的狗试探白桃敲乌龙夕岸边缘;1;0;1;8447;0.00011838522552385462
12356;飞飞魚到此一游;1;0;1;8447;0.00011838522552385462
12362;01守日不守夜;1;0;1;8447;0.00011838522552385462
12367;好想小酿泡们渝我死了;1;0;1;8447;0.00011838522552385462
12370;太烧了她喜欢就好;1;0;1;8447;0.00011838522552385462
12375;111777枳酒清欢月明秦时关清都山水郎;2;0;2;8447;0.00023677045104770924
12379;堇;1;0;1;8447;0.00011838522552385462
12384;半首的诗我焯我焯，麦外敷;1;0;1;8447;0.00011838522552385462
12389;小松菜八更牛了;1;0;1;8447;0.00011838522552385462
12391;氿氿氿太辣啦;1;0;1;8447;0.00011838522552385462
12396;噗噗yueue哈哈哈哈哈;3;0;3;8447;0.00035515567657156387
12404;西呱呱呱;1;0;1;8447;0.00011838522552385462
12407;鄜剁耳毁灭世界小衰仔;1;0;1;8447;0.00011838522552385462
12409;你觉得呢真的看不下去了;1;0;1;8447;0.00011838522552385462
12413;宵宫被申鹤插队了;2;0;2;8447;0.00023677045104770924
12420;喳喳乱叫;1;0;1;8447;0.00011838522552385462
12422;春山可望;1;0;1;8447;0.00011838522552385462
12425;桜夙;3;0;3;8447;0.00035515567657156387
12429;晓晓;1;0;1;8447;0.00011838522552385462
12431;AAA北门小吃街月亮馍刘姨;1;0;1;8447;0.00011838522552385462
12434;艾笠;1;0;1;8447;0.00011838522552385462
12436;小李ya小姨我的小姨我今天必须得到她;1;0;1;8447;0.00011838522552385462
12440;墨雨烟尘;5;0;5;8447;0.0005919261276192731
12446;Niu武生;2;0;2;8447;0.00023677045104770924
12449;秦奺;1;0;1;8447;0.00011838522552385462
12454;盗用;1;0;1;8447;0.00011838522552385462
12460;，？前几天还可以明显看到很多死人的尸体，这只要计算力足够我靠优化好大呀;1;0;1;8447;0.00011838522552385462
12466;悸动;1;0;1;8447;0.00011838522552385462
12473;无敌猪大肠好爱;2;0;2;8447;0.00023677045104770924
12476;干饭小神仙;1;0;1;8447;0.00011838522552385462
12478;你别不快乐;1;0;1;8447;0.00011838522552385462
12480;卷毛是个卷毛我在人间贩卖神明怜悯的浪漫我有一只卷毛小狗hyeri叽努;2;0;2;8447;0.00023677045104770924
12484;AAA雪糕批发安总;1;0;1;8447;0.00011838522552385462
12486;守月;6;0;6;8447;0.0007103113531431277
12494;摆摆我是原批;1;0;1;8447;0.00011838522552385462
12499;梦幕然闻人即墨任何人没有看见我的小姨我都会伤心的OK;1;0;1;8447;0.00011838522552385462
12501;碓冰拓海老婆;1;0;1;8447;0.00011838522552385462
12503;奇思妙想国国王想抽小姨了;1;0;1;8447;0.00011838522552385462
12513;还没想好1;1;0;1;8447;0.00011838522552385462
12515;我还是喜欢小姨超级酷炫吊炸天至尊普信之光加强版霸王龙益禾堂加盟热线;1;0;1;8447;0.00011838522552385462
12518;小姨小姨小姨保持23小时睡眠时间王王旺旺;1;0;1;8447;0.00011838522552385462
12522;浮华;1;0;1;8447;0.00011838522552385462
12526;清晨问静;1;0;1;8447;0.00011838522552385462
12530;日常咸鱼zzz九阳豆浆鸡啊啊啊啊啊啊;2;0;2;8447;0.00023677045104770924
12540;筱原看山水;5;0;5;8447;0.0005919261276192731
12548;白俟;1;0;1;8447;0.00011838522552385462
12553;发酵进行时喜欢Q版SANMU寒狐不知秋装兔子的信箱白纸ai;1;0;1;8447;0.00011838522552385462
12555;星舟起;2;0;2;8447;0.00023677045104770924
12558;林林;1;0;1;8447;0.00011838522552385462
12563;她是怎么做到穿着这么多衣服还能这么瑟的。;2;0;2;8447;0.00023677045104770924
12567;王手;1;0;1;8447;0.00011838522552385462
12571;罐罐;1;0;1;8447;0.00011838522552385462
12578;阿黄;1;0;1;8447;0.00011838522552385462
12588;别失眠看到你的点赞;1;0;1;8447;0.00011838522552385462
12590;yyyyyyyyy;1;0;1;8447;0.00011838522552385462
12594;Xy;1;0;1;8447;0.00011838522552385462
12596;烤鹅大数据还是你懂我;1;0;1;8447;0.00011838522552385462
12601;烟烟四舍五入等于没穿，嘴一个，走了;1;0;1;8447;0.00011838522552385462
12603;月亮人;1;0;1;8447;0.00011838522552385462
12608;不芷;1;0;1;8447;0.00011838522552385462
12616;青哈哈不笑;1;0;1;8447;0.00011838522552385462
12620;晚点睡觉早点睡觉;1;0;1;8447;0.00011838522552385462
12624;湖南湘潭第三分区杠精;6;0;6;8447;0.0007103113531431277
12631;阿全阿（原神）;1;0;1;8447;0.00011838522552385462
12637;烤烤烤栗子成勋馒馒乐妈呀;1;0;1;8447;0.00011838522552385462
12640;hp好看爱看;1;0;1;8447;0.00011838522552385462
12658;0;1;0;1;8447;0.00011838522552385462
12675;感觉这个阿b不会让你发出来;3;0;3;8447;0.00035515567657156387
12686;是兔子小姐明天下午六点，抽不到她我就不去上晚自习了;1;0;1;8447;0.00011838522552385462
12688;halo小航爱死了;2;0;2;8447;0.00023677045104770924
12696;夜乌;1;0;1;8447;0.00011838522552385462
12699;贱贱;1;0;1;8447;0.00011838522552385462
12702;嘿海绵宝宝;1;0;1;8447;0.00011838522552385462
12707;泽野好了，决定吧，小姨还是乌龟;1;0;1;8447;0.00011838522552385462
12711;7。;1;0;1;8447;0.00011838522552385462
12714;不想起床;1;0;1;8447;0.00011838522552385462
12719;浪漫;1;0;1;8447;0.00011838522552385462
12721;夏目快樂小狗Neeko小邪神夹心酱你真好看zjq急死我了你牛快来吧;1;0;1;8447;0.00011838522552385462
12724;惜默看了好几遍;1;0;1;8447;0.00011838522552385462
12726;正在长头发;2;0;2;8447;0.00023677045104770924
12730;小黄不小;3;0;3;8447;0.00035515567657156387
12734;白居易大老婆;1;0;1;8447;0.00011838522552385462
12739;瓷;1;0;1;8447;0.00011838522552385462
12745;遇丞;2;0;2;8447;0.00023677045104770924
12756;欢迎来到乌托邦;1;0;1;8447;0.00011838522552385462
12763;你难道就不遗憾么。看;1;0;1;8447;0.00011838522552385462
12767;态度死狗;2;0;2;8447;0.00023677045104770924
12772;xiaoo;1;0;1;8447;0.00011838522552385462
12774;Yan;2;0;2;8447;0.00023677045104770924
12780;崇皇;1;0;1;8447;0.00011838522552385462
12782;Amonzn你好我鬼遇事不要方我不说话;2;0;2;8447;0.00023677045104770924
12791;我超，我超爱看;2;0;2;8447;0.00023677045104770924
12795;Ai这些东西更新太快了，学不过来了;3;1;4;8447;0.0004735409020954185
12806;我还是喜欢百度的，百度明显最懂中国人;3;1;4;8447;0.0004735409020954185
12810;不上链接取关了;2;2;4;8447;0.0004735409020954185
12821;但还没画过一个明白的脸;22;3050;3072;8447;0.3636794128092814
12844;描都描不明白怎么办;26;2270;2296;8447;0.27181247780277024
12871;但是自己的骨骼和正常人不一样咋画手啊;7;551;558;8447;0.06605895584231088
12880;最新消息，AI已经进化到能画出完美的手了;1;48;49;8447;0.005800876050668876
12882;第二个是申鹤的衣服吧;8;70;78;8447;0.009234047590860661
12891;那如果自己的手长得不好看呢？;3;33;36;8447;0.004261868118858767
12895;第二张图不是申鹤的衣服吗无语;4;199;203;8447;0.024032200781342487
12900;那我要两只手抱拳，怎么办？;9;3;12;8447;0.0014206227062862555
12910;问题来了，纸绘怎么办？;3;29;32;8447;0.003788327216763348
12914;久久完美诠释了，啥叫“有手就行”;1;130;131;8447;0.015508464543624955
12916;我为了不画手把oc，手脚砍了，这正确吗？两只都砍了，还有两只一个没手，一个没脚;3;18;21;8447;0.002486089736000947
12922;纸绘怎么办啊;4;6;10;8447;0.0011838522552385462
12927;白天给我借;9;0;9;8447;0.0010654670297146917
12962;luosifeng学学;2;0;2;8447;0.00023677045104770924
12979;二狗子王凯文没有手指;1;1;2;8447;0.00023677045104770924
12989;悲伤年糕条genbussss我就是这么想的，但是没有iPad;1;0;1;8447;0.00011838522552385462
12999;Konan好离谱为什么会刷到画画;1;1;2;8447;0.00023677045104770924
13003;本人192大帅哥穿小姨衣服的那个真的一言难尽;1;0;1;8447;0.00011838522552385462
13012;滚蛋大萝贝;1;0;1;8447;0.00011838522552385462
13015;回音每次都画的跟鸡爪子似的;1;0;1;8447;0.00011838522552385462
13020;可是我的手丑得要死;1;0;1;8447;0.00011838522552385462
13049;请您吃老北京耳帖子盖世红糖包不错;1;0;1;8447;0.00011838522552385462
13051;这个AI好敷衍;1;9;10;8447;0.0011838522552385462
13054;我天呢可我是纸绘，咋整;1;0;1;8447;0.00011838522552385462
13067;如果没手的呢？;3;8;11;8447;0.001302237480762401
13085;？申鹤的衣服单细胞生物我朋友名字想重新改回川岚獨坐幽篁裡藻中毒患者阿陌（同好快扩我）xyuu会走路的大葱宝;1;0;1;8447;0.00011838522552385462
13093;我的手又胖又短描出来看着都怪;1;2;3;8447;0.00035515567657156387
13124;换个名儿嘶。。有道理嗷，我怎么就从来没想过描我自己的手啊;1;0;1;8447;0.00011838522552385462
13134;有没有谁教教我，我纸绘怎么描啊;5;0;5;8447;0.0005919261276192731
13144;可是小胖手怎么办啊;1;2;3;8447;0.00035515567657156387
13154;你画的手就是像你自己的手;1;2;3;8447;0.00035515567657156387
13172;参加新说唱吧有那意思;1;0;1;8447;0.00011838522552385462
13179;I真的，我不会画手我就看我自己的手，我的手这么好看为什么不能用起来呢？;1;0;1;8447;0.00011838522552385462
13193;酷炫狂拽下水道头子;5;0;5;8447;0.0005919261276192731
13221;冬辞;1;0;1;8447;0.00011838522552385462
13226;18;1;0;1;8447;0.00011838522552385462
13236;沛小焯;1;0;1;8447;0.00011838522552385462
13241;开心凉子;1;0;1;8447;0.00011838522552385462
13250;画的和狗屎一样;1;0;1;8447;0.00011838522552385462
13252;这AI好像有那大病;25;382;407;8447;0.04818278678820883
13278;我下单了课程，麻烦加我一下，;1;0;1;8447;0.00011838522552385462
13280;为什么他描图不会被喷？;1;0;1;8447;0.00011838522552385462
13296;你们的midjourney还能用吗，我的已经不能用了;7;3;10;8447;0.0011838522552385462
13305;亲，网址有遮挡，看不全咋整;4;3;7;8447;0.0008286965786669824
13311;0;2;0;2;8447;0.00023677045104770924
13314;怎么科技上网？求教;8;0;8;8447;0.000947081804190837
13323;图片上如何加文字哈？求教;4;0;4;8447;0.0004735409020954185
13328;以后改名魔法师专门念咒语的;1;3;4;8447;0.0004735409020954185
13330;还不会魔法上网;2;0;2;8447;0.00023677045104770924
13337;求笔记;1;0;1;8447;0.00011838522552385462
13340;求网址;1;0;1;8447;0.00011838522552385462
13342;求分享;1;0;1;8447;0.00011838522552385462
13345;咱就说需不需要魔法;1;0;1;8447;0.00011838522552385462
13347;求网站;1;0;1;8447;0.00011838522552385462
13349;三联;1;0;1;8447;0.00011838522552385462
13354;评论貌似不能直接发地址，v我;3;0;3;8447;0.00035515567657156387
13358;想要;1;0;1;8447;0.00011838522552385462
13360;在那里下载？美女;1;0;1;8447;0.00011838522552385462
13363;求了;1;0;1;8447;0.00011838522552385462
13366;求网站;1;0;1;8447;0.00011838522552385462
13368;求笔记宝贝;1;0;1;8447;0.00011838522552385462
13371;可以给来一份么;1;0;1;8447;0.00011838522552385462
13374;求笔记;1;0;1;8447;0.00011838522552385462
13379;中文是什么字体啊，求告知;1;0;1;8447;0.00011838522552385462
13385;求网址;1;0;1;8447;0.00011838522552385462
13388;姐姐讲的好棒;1;0;1;8447;0.00011838522552385462
13391;感觉自己找比较有乐趣啊;1;0;1;8447;0.00011838522552385462
13395;三连了的宝子记得看我的简介;1;6;7;8447;0.0008286965786669824
13402;求网址;1;0;1;8447;0.00011838522552385462
13404;求网址;1;0;1;8447;0.00011838522552385462
13418;星星点个灯;1;0;1;8447;0.00011838522552385462
13422;北极熊也喜欢极光;1;0;1;8447;0.00011838522552385462
13434;你还不如不说;3;1;4;8447;0.0004735409020954185
13438;小姐姐只说不发网址;3;0;3;8447;0.00035515567657156387
13442;那个网站啊;2;0;2;8447;0.00023677045104770924
13445;求文档;1;0;1;8447;0.00011838522552385462
13459;第一个就打不开哦17yong;1;0;1;8447;0.00011838522552385462
13461;也许几个月后回头看关键词也觉得只是个笑话;1;0;1;8447;0.00011838522552385462
13487;我只找到一个拉黑的功能;1;17;18;8447;0.0021309340594293834
13512;藏;1;0;1;8447;0.00011838522552385462
13524;算了，别再坑了吧，这AI有智障吗？;1;2;3;8447;0.00035515567657156387
13531;做这种视频的账号今年根本起不来，我就有一个号做这个，一点播放都没有;1;0;1;8447;0.00011838522552385462
13561;帅小伙;1;0;1;8447;0.00011838522552385462
13563;好家伙Ai套Ai是吧;3;450;453;8447;0.05362850716230615
13567;你为什么不直接在midjourney里添加细节度和画质参数;31;84;115;8447;0.013614300935243281
13599;如果用ai解决不了事情，那就多用两个;3;195;198;8447;0.023440274653723215
13603;有个想法，马赛克可以变清晰嘛;14;79;93;8447;0.01100982597371848
13618;拿ai画的图卖的话，会不会侵犯版权啊有懂的大佬吗;14;6;20;8447;0.0023677045104770924
13633;Ai这么强大，是不是也能去马赛克;9;13;22;8447;0.002604474961524802
13643;像素那个软件是收费的;8;26;34;8447;0.004025097667811057
13652;求好心人给一个梯子真的很急;14;0;14;8447;0.0016573931573339647
13667;要会员吗;7;0;7;8447;0.0008286965786669824
13675;能生成psd吗;4;0;4;8447;0.0004735409020954185
13680;为什么都是外国软件有没有国产的中文的;4;0;4;8447;0.0004735409020954185
13685;这个不如topazphoto集成降噪，放大一体;1;9;10;8447;0.0011838522552385462
13687;都是要钱的吧;2;4;6;8447;0.0007103113531431277
13690;请问：用ai生成出来的图片是否可以商用？有没有版权问题？;4;0;4;8447;0.0004735409020954185
13695;我不用AI，我用CDR;1;3;4;8447;0.0004735409020954185
13700;免费还是收费？？？;1;0;1;8447;0.00011838522552385462
13708;Ai可以给产品加上场景图吗;1;0;1;8447;0.00011838522552385462
13727;200刀太贵了;1;0;1;8447;0.00011838522552385462
13734;特奎柆这个好;1;1;2;8447;0.00023677045104770924
13757;L看一下;1;0;1;8447;0.00011838522552385462
13759;骑士可以转职步兵吗;1;1;2;8447;0.00023677045104770924
13764;都是欧美画;1;0;1;8447;0.00011838522552385462
13778;可以吧1080视频改4K吗，老师给的老教材需要清晰一点;1;0;1;8447;0.00011838522552385462
13782;为什么我一直刷到这种;1;0;1;8447;0.00011838522552385462
13784;可以去马赛克吗;1;0;1;8447;0.00011838522552385462
13791;现在谁用的多将来最先被替代的可能就是他;1;2;3;8447;0.00035515567657156387
13801;高清算法啊，直接集成在绘图的时候，使用高清插件;2;0;2;8447;0.00023677045104770924
13812;你的ai生成怎么会这么模糊，我都是高质量的图呀;1;0;1;8447;0.00011838522552385462
13823;我真不是小黑子;1;0;1;8447;0.00011838522552385462
13851;bamboo路紫紫;3;1;4;8447;0.0004735409020954185
13856;有个网站也可以放大不需要下软件bigjpg;5;1;6;8447;0.0007103113531431277
13863;有免费的;1;1;2;8447;0.00023677045104770924
13892;AI好是好，就是太费钱了，国内小老板们不一定会买单;1;0;1;8447;0.00011838522552385462
13894;喜欢却没有梯子。好累;1;0;1;8447;0.00011838522552385462
13896;不是可惜加关键词，8K输出都可以啊;1;0;1;8447;0.00011838522552385462
13898;你关键词加个8k4k不就行啦。。;1;0;1;8447;0.00011838522552385462
13912;为什么我的人物图片还原的不真实差异巨大v5比v4差异还离谱;1;4;5;8447;0.0005919261276192731
13915;大哥，我都想给你发个红包了，哈哈;1;0;1;8447;0.00011838522552385462
13918;还是不太像;1;0;1;8447;0.00011838522552385462
13920;描述词不准确;1;0;1;8447;0.00011838522552385462
13922;哥哥有没有教程啊？使用教程;1;0;1;8447;0.00011838522552385462
13935;图片地址怎么搞;1;0;1;8447;0.00011838522552385462
13937;你描述就在撒谎还怎么能保证结果是准确的那？;1;0;1;8447;0.00011838522552385462
13939;哪里英俊可爱了;1;0;1;8447;0.00011838522552385462
13943;你的AI绘画有多好看？;8;24;32;8447;0.003788327216763348
13952;0;6;12;18;8447;0.0021309340594293834
13959;0;1;0;1;8447;0.00011838522552385462
13961;你背着个空桶进进出出的干啥;6;48;54;8447;0.006392802178288149
13968;穿成这样干什么活;6;23;29;8447;0.003433171540191784
13975;我要和老三玩;2;0;2;8447;0.00023677045104770924
13980;老大最有味道;3;1;4;8447;0.0004735409020954185
13986;三姐妹都喜欢黑色;1;4;5;8447;0.0005919261276192731
13988;0;1;3;4;8447;0.0004735409020954185
13991;穿这么性感这是往哪打药;2;1;3;8447;0.00035515567657156387
14029;都是黑色;1;0;1;8447;0.00011838522552385462
14033;我要去安徽混;1;0;1;8447;0.00011838522552385462
14046;小孩子才做选择题;1;0;1;8447;0.00011838522552385462
14087;诈骗;1;0;1;8447;0.00011838522552385462
14090;这是角色扮演吗;1;0;1;8447;0.00011838522552385462
14112;城里人真会玩;1;0;1;8447;0.00011838522552385462
14118;都是一样的;1;0;1;8447;0.00011838522552385462
14122;都是黑色系;1;0;1;8447;0.00011838522552385462
14126;三个的想要怎么办;1;0;1;8447;0.00011838522552385462
14133;都是黑色;1;0;1;8447;0.00011838522552385462
14143;不要乱喷大姐夫在这呢;1;0;1;8447;0.00011838522552385462
14145;喜欢最后一个;1;0;1;8447;0.00011838522552385462
14153;0;1;0;1;8447;0.00011838522552385462
14172;我问一下你排第几？;1;0;1;8447;0.00011838522552385462
14180;哇;1;0;1;8447;0.00011838522552385462
14210;我感觉我成了那只兔子;1;4;5;8447;0.0005919261276192731
14257;这三姐妹是哪里的？;1;0;1;8447;0.00011838522552385462
14277;草莓300块一斤了，非常好卖;1;1;2;8447;0.00023677045104770924
14295;你这大姐，二姐，三妹那你是啥;1;0;1;8447;0.00011838522552385462
14331;0;1;0;1;8447;0.00011838522552385462
14333;风一样的有为青年勤奋的邝小子;1;0;1;8447;0.00011838522552385462
14352;为什么三个姐姐都喜欢黑色;102;337;439;8447;0.05197111400497218
14455;这样的是不是应该叫做，田媛啊;5;8;13;8447;0.0015390079318101102
14461;微胖才是极品呀，这随便选;2;0;2;8447;0.00023677045104770924
14540;德国军装再过百年也是经典，还得是学过艺术的人设计的;62;1378;1440;8447;0.17047472475435066
14603;怎么全是二战德军军服;59;5;64;8447;0.007576654433526696
14663;0;1;1;2;8447;0.00023677045104770924
14665;美术生的军服就是不一样;9;264;273;8447;0.032319166568012314
14675;小胡子是有点审美在身上的;12;133;145;8447;0.01716585770095892
14688;小胡子审美真的不错;1;1;2;8447;0.00023677045104770924
14690;辣脆很帅但是真的不敢往抖音上放;6;246;252;8447;0.029833076832011366
14697;当年德军的服饰真是绝了各种腰身各种好看;1;60;61;8447;0.007221498756955132
14705;优秀一点点，干倒一大片开领军装，外衣有领花衬衣领就保持光面，或者里面的军装配领花外面的大衣光面领，否则太繁琐会拉低品味。真男人稳中带骚，今天你高级了吗？;1;11;12;8447;0.0014206227062862555
14708;我的屍體漫山遍野奔跑周铭小胡子审美确实顶;1;1;2;8447;0.00023677045104770924
14723;1119腰封好看的;1;0;1;8447;0.00011838522552385462
14727;狗蛋咯蟀;1;1;2;8447;0.00023677045104770924
14738;永远可以相信落榜美术生的审美归星途是个良民周嘻嘻;1;1;2;8447;0.00023677045104770924
14747;老壁灯帅;1;0;1;8447;0.00011838522552385462
14765;德军还是美军？;2;0;2;8447;0.00023677045104770924
14781;阿离是个人啊啊啊啊德军军装是真帅啊;2;1;3;8447;0.00035515567657156387
14786;随遇而安没办法德军的品味确实高;1;2;3;8447;0.00035515567657156387
14797;阿梦Molly落樱如雪慕肖阿叁;1;1;2;8447;0.00023677045104770924
14801;机车男孩z;1;0;1;8447;0.00011838522552385462
14807;今天不晚睡;1;0;1;8447;0.00011838522552385462
14810;拿铁加冰楷京;1;1;2;8447;0.00023677045104770924
14813;好自律一女的;2;1;3;8447;0.00035515567657156387
14816;Camellia喻深以浅延点点;1;0;1;8447;0.00011838522552385462
14823;咻;1;0;1;8447;0.00011838522552385462
14834;想和小陆走过漫长岁月;1;0;1;8447;0.00011838522552385462
14836;睡不醒的可爱狗;1;0;1;8447;0.00011838522552385462
14841;不得不说汉斯猫的审美是好;2;0;2;8447;0.00023677045104770924
14865;幸亏现在监控很普及。;1;1;2;8447;0.00023677045104770924
14872;以后不需要演员了，不需要实景实地拍电影了，直接AI了;18;798;816;8447;0.09660234402746537
14891;感觉90年代的女生应该不是这种妆容;8;888;896;8447;0.10607316206937374
14900;ai已经这么牛了，我还在水论文;2;1;3;8447;0.00035515567657156387
14904;我反而觉得他不是90年代的;3;17;20;8447;0.0023677045104770924
14908;我反正没看出来90年代。。。;3;5;8;8447;0.000947081804190837
14912;我怀疑这个ai是娄烨;3;87;90;8447;0.010654670297146916
14922;我觉得有没有可能有俩人就长这样大家找到了艾特我;1;15;16;8447;0.001894163608381674
14926;猪大肠肠肠FP精神内耗以后这个世界还真实吗;1;0;1;8447;0.00011838522552385462
14928;喝呜胡和合子约熊lcq学的是不是这个;1;0;1;8447;0.00011838522552385462
14935;东洋白菜我的妈诶;1;0;1;8447;0.00011838522552385462
14954;白茶清欢无别事，我在等风也等你天啊;2;0;2;8447;0.00023677045104770924
14957;Yyyyyyo0000000hhhhhhh哇咔咔哇宋辞。亲亲抱抱举高高我的葵葵;1;0;1;8447;0.00011838522552385462
14959;洛杉矶偏远小镇现在转行研究ai不然就饿死咯;1;0;1;8447;0.00011838522552385462
14961;甜味绷带毛血旺好恐怖;1;0;1;8447;0.00011838522552385462
14983;我有一个大胆的想法;3;1;4;8447;0.0004735409020954185
14987;有大佬知道AI的学习功能是怎么回事吗;1;1;2;8447;0.00023677045104770924
14994;0;1;0;1;8447;0.00011838522552385462
15002;拾雨;1;0;1;8447;0.00011838522552385462
15012;Frankk;1;0;1;8447;0.00011838522552385462
15014;啾啾啾咪;1;0;1;8447;0.00011838522552385462
15016;流浪鱼闪电小六六訾琛;1;0;1;8447;0.00011838522552385462
15021;十一十一十一;1;0;1;8447;0.00011838522552385462
15026;大哥大哥;1;0;1;8447;0.00011838522552385462
15030;Guard;1;0;1;8447;0.00011838522552385462
15034;娱乐圈在逃彭于晏;1;1;2;8447;0.00023677045104770924
15039;怎么才能用上，有没有懂的朋友联系我;2;0;2;8447;0.00023677045104770924
15053;甯媣u你怎么知道我150发中魈不像是画的，更像是根据数组找相关图片合成;1;0;1;8447;0.00011838522552385462
15061;震惊了，微软也推出了Ai绘图工具，快看我刚发的视频Ai画的怎么样;2;114;116;8447;0.013732686160767137
15064;0;47;512;559;8447;0.06617734106783474
15112;这段时间AI的发展真的是爆炸性的，华为确实牛;363;1672;2035;8447;0.24091393394104416
15477;它居然知道哪里是凸起高光哪里是凹陷挡光阴性;7;941;948;8447;0.11222919379661418
15485;0;4;39;43;8447;0.005090564697525749
15490;试过打不开网页;3;0;3;8447;0.00035515567657156387
15494;试了一下，光真是随便打;15;355;370;8447;0.04380253344382621
15510;麻烦把这个很好用的网址放在评论区，我这暂停好多次都看不清网址;39;155;194;8447;0.022966733751627798
15550;挺鸡肋的试试setalight3D;12;45;57;8447;0.006747957854859713
15563;可是如果是放入自己的原创画，等于信息给了网页，会被人工智能拿去做合成图;13;78;91;8447;0.010773055522670771
15578;这一定是华为的技术吧？;7;8;15;8447;0.0017757783828578194
15587;需要科学上网吗？;3;31;34;8447;0.004025097667811057
15591;你这一闪而过是怕我们记得住网址吧;1;4;5;8447;0.0005919261276192731
15603;Rhyme嘿这个可以哈;1;0;1;8447;0.00011838522552385462
15607;Doov宝宝可以学一下这个？以后给我修照片;1;0;1;8447;0.00011838522552385462
15610;不是长岛的冰茶KKKKKKKKKe好牛;1;1;2;8447;0.00023677045104770924
15617;州州相当炸裂了;1;0;1;8447;0.00011838522552385462
15619;乌巴拉打光;1;0;1;8447;0.00011838522552385462
15622;说什么晚安;1;0;1;8447;0.00011838522552385462
15624;铃木菜绪好牛;1;1;2;8447;0.00023677045104770924
15632;明月我去;1;0;1;8447;0.00011838522552385462
15634;唐伯虎后期;1;0;1;8447;0.00011838522552385462
15638;軼軼卓学;1;0;1;8447;0.00011838522552385462
15648;是我冒饭了好牛;1;0;1;8447;0.00011838522552385462
15654;狗头er去了解下好兄弟;2;0;2;8447;0.00023677045104770924
15657;醒图也有这个功能;1;3;4;8447;0.0004735409020954185
15659;木马先生的咖啡日记;1;0;1;8447;0.00011838522552385462
15661;呆逼是小4吖财神爷的忠实粉丝瑞士卷一定睡得着Chang小狗悲伤茉莉奶绿kxxl到底还需要我做什么;1;2;3;8447;0.00035515567657156387
15665;青城忆萧索不是;1;0;1;8447;0.00011838522552385462
15667;我睡着了不困码一下;1;0;1;8447;0.00011838522552385462
15669;牛油锅里涮肥牛;1;0;1;8447;0.00011838522552385462
15674;不知名网友你们学这些吗？;1;0;1;8447;0.00011838522552385462
15677;淋淋淋爱画画好厉害啊;1;0;1;8447;0.00011838522552385462
15679;DC西安小迫杰乐乐。国内一个都没法正常用;1;0;1;8447;0.00011838522552385462
15690;流浪詩人赛博朋克不就来了;1;0;1;8447;0.00011838522552385462
15692;梦幻猪大肠卧槽;1;0;1;8447;0.00011838522552385462
15696;AAA五金铝材李哥这一次不再错过后期打光求求了;1;0;1;8447;0.00011838522552385462
15699;X太牛逼了;1;0;1;8447;0.00011838522552385462
15703;FanNing你看这个;1;0;1;8447;0.00011838522552385462
15711;天哪kkkjo;1;0;1;8447;0.00011838522552385462
15716;BrunoYin感觉好好玩;1;0;1;8447;0.00011838522552385462
15720;亭仔没有粥Faaaaaaaai好牛;1;0;1;8447;0.00011838522552385462
15723;噗我之前空间看到这个过忘点收藏了;1;0;1;8447;0.00011838522552385462
15725;HH卧槽;1;0;1;8447;0.00011838522552385462
15727;哆哆哆来咪好牛;1;0;1;8447;0.00011838522552385462
15729;哇;1;0;1;8447;0.00011838522552385462
15733;不想生气222AI真的好牛了;1;1;2;8447;0.00023677045104770924
15735;RENyuDY打光课;1;0;1;8447;0.00011838522552385462
15737;ZuLiouu木昭Zylin男孩不屑一顾黄咸君他爸烤个冷面卧槽;1;0;1;8447;0.00011838522552385462
15743;VC哇;1;0;1;8447;0.00011838522552385462
15752;不会;1;0;1;8447;0.00011838522552385462
15757;3125万人咋的办啊;1;0;1;8447;0.00011838522552385462
15760;就我一个人发现他的头像会动么;1;0;1;8447;0.00011838522552385462
15762;我没记错这个好像会盗图像;2;3;5;8447;0.0005919261276192731
15765;博主什么电脑;1;0;1;8447;0.00011838522552385462
15767;我不太会画画牛逼;1;1;2;8447;0.00023677045104770924
15769;除了notion还有没有其他写文章厉害的AI;2;1;3;8447;0.00035515567657156387
15785;深度图计算嘛;1;0;1;8447;0.00011838522552385462
15789;现在连灯光师都要失业了;1;0;1;8447;0.00011838522552385462
15794;要钱吗;1;0;1;8447;0.00011838522552385462
15799;人间饭桶小鲨鱼安和蓝鲸小城少年与海zw这不狂喜;1;1;2;8447;0.00023677045104770924
15801;这段时间AI的发展真的是爆炸性的，华为确实牛;3;11;14;8447;0.0016573931573339647
15806;为什么你的头像是可以动的呀？;1;3;4;8447;0.0004735409020954185
15817;烹饪悦;1;0;1;8447;0.00011838522552385462
15819;0;1;0;1;8447;0.00011838522552385462
15821;一口饭;1;0;1;8447;0.00011838522552385462
15834;吃豆豆不打嗝小羊不姓杨;2;0;2;8447;0.00023677045104770924
15838;腰间盘;1;0;1;8447;0.00011838522552385462
15841;FoeWJuly2;1;0;1;8447;0.00011838522552385462
15846;诗风呦;1;0;1;8447;0.00011838522552385462
15849;蛊;1;0;1;8447;0.00011838522552385462
15851;糯米团子（美食版）;1;0;1;8447;0.00011838522552385462
15853;Vivian一点布江旧;2;0;2;8447;0.00023677045104770924
15857;BKM;1;0;1;8447;0.00011838522552385462
15859;璇璇的璇璇是璇璇;1;0;1;8447;0.00011838522552385462
15866;司马撒娇;1;0;1;8447;0.00011838522552385462
15872;面包脑袋;1;0;1;8447;0.00011838522552385462
15875;听说名字太长会无法显示;1;0;1;8447;0.00011838522552385462
15879;汤圆鑫子的随拍空间;1;0;1;8447;0.00011838522552385462
15883;懵子鱼;1;0;1;8447;0.00011838522552385462
15887;舟狸;1;0;1;8447;0.00011838522552385462
15889;不吃青椒;1;0;1;8447;0.00011838522552385462
15905;I7O2;2;0;2;8447;0.00023677045104770924
15909;孽孽;1;0;1;8447;0.00011838522552385462
15911;记录摆烂人生;1;0;1;8447;0.00011838522552385462
15913;yyyly2;1;0;1;8447;0.00011838522552385462
15915;豁;1;0;1;8447;0.00011838522552385462
15918;耳朵;1;0;1;8447;0.00011838522552385462
15920;3koye;1;0;1;8447;0.00011838522552385462
15922;28度孤寂小鹅;1;0;1;8447;0.00011838522552385462
15925;Leeeo;1;0;1;8447;0.00011838522552385462
15933;Wumaso;1;0;1;8447;0.00011838522552385462
15943;穿比基尼打太极6IX1NEiojuu;2;0;2;8447;0.00023677045104770924
15946;布鲁斯洋芋;1;0;1;8447;0.00011838522552385462
15955;孩子多次拒绝工藤新一;1;1;2;8447;0.00023677045104770924
15957;我不愿意种花;1;0;1;8447;0.00011838522552385462
15962;落日白Aurora;1;0;1;8447;0.00011838522552385462
15965;下雨不吃宵夜;1;0;1;8447;0.00011838522552385462
15968;NixlaK;1;0;1;8447;0.00011838522552385462
15976;醒醒;1;0;1;8447;0.00011838522552385462
15983;米西亚xm;2;0;2;8447;0.00023677045104770924
15986;春日部马铃薯;1;0;1;8447;0.00011838522552385462
15992;唐某人;1;0;1;8447;0.00011838522552385462
15995;每天都睡不醒;1;0;1;8447;0.00011838522552385462
16001;巧克力不该来滕王阁走路;1;0;1;8447;0.00011838522552385462
16007;木木人小太阳童;1;0;1;8447;0.00011838522552385462
16010;你的爹;1;0;1;8447;0.00011838522552385462
16016;三色苋;1;0;1;8447;0.00011838522552385462
16018;柱子哥哥哥;2;0;2;8447;0.00023677045104770924
16021;谜鹿;1;0;1;8447;0.00011838522552385462
16023;你是憨憨咩？;2;1;3;8447;0.00035515567657156387
16026;吱笙笙;1;0;1;8447;0.00011838522552385462
16028;菜一筐;1;0;1;8447;0.00011838522552385462
16030;板儿牙;1;1;2;8447;0.00023677045104770924
16032;SailAway;1;0;1;8447;0.00011838522552385462
16041;子羲;1;0;1;8447;0.00011838522552385462
16043;少惹我烦;1;0;1;8447;0.00011838522552385462
16046;浅粟over鹿歌。;1;1;2;8447;0.00023677045104770924
16049;Pica0011;1;0;1;8447;0.00011838522552385462
16051;月坠沧海;1;0;1;8447;0.00011838522552385462
16061;Chronus;1;0;1;8447;0.00011838522552385462
16068;Bananana;1;0;1;8447;0.00011838522552385462
16078;心机之蛙;1;0;1;8447;0.00011838522552385462
16080;七浔;1;0;1;8447;0.00011838522552385462
16082;害羞泡不泡泡芙葡萄味;2;0;2;8447;0.00023677045104770924
16091;好运滚滚来之开心小斤;1;0;1;8447;0.00011838522552385462
16095;潼南帅宝宝FAIR;1;0;1;8447;0.00011838522552385462
16102;大连梅西;1;0;1;8447;0.00011838522552385462
16104;小熊好多糖;1;0;1;8447;0.00011838522552385462
16107;Echo;1;0;1;8447;0.00011838522552385462
16110;ppkim（再也不喝酒版）;1;1;2;8447;0.00023677045104770924
16119;狗蛋你好;1;0;1;8447;0.00011838522552385462
16135;00D;1;0;1;8447;0.00011838522552385462
16142;GwenAKshan;1;0;1;8447;0.00011838522552385462
16151;远离抖音;1;0;1;8447;0.00011838522552385462
16161;兰辞eoc;1;0;1;8447;0.00011838522552385462
16176;亦清;1;0;1;8447;0.00011838522552385462
16179;这网站可太酷了;42;389;431;8447;0.05102403220078134
16222;太难了，这网址看不清;5;18;23;8447;0.002722860187048656
16228;谷歌相册后期补光，你值得拥有;2;1;3;8447;0.00035515567657156387
16231;不是，这又不是啥高级技术，这都不会的人就别玩相机了，你弄弄拍立得得了;2;0;2;8447;0.00023677045104770924
16234;你的头像为啥会动;2;0;2;8447;0.00023677045104770924
16237;盛大仙哦莫;1;0;1;8447;0.00011838522552385462
16239;朴志晟的格子衫yyt试试;1;0;1;8447;0.00011838522552385462
16241;要听我的歌哇;1;0;1;8447;0.00011838522552385462
16243;二三De6你需要;1;0;1;8447;0.00011838522552385462
16245;烧显卡不;1;0;1;8447;0.00011838522552385462
16247;糖南乡子靠靠靠;1;0;1;8447;0.00011838522552385462
16275;不是中文的不用;2;0;2;8447;0.00023677045104770924
16281;Nini;1;0;1;8447;0.00011838522552385462
16285;你会UE5你就知道这个东西有多幼稚;1;0;1;8447;0.00011838522552385462
16295;爱喝水的老年人;1;0;1;8447;0.00011838522552385462
16302;二月这个牛;2;0;2;8447;0.00023677045104770924
16308;请在反向词栏输入：衣服谢谢;3;11;14;8447;0.0016573931573339647
16312;大佬这俩模型能分享下嘛;3;0;3;8447;0.00035515567657156387
16316;以后可以联动到整容界了;1;0;1;8447;0.00011838522552385462
16318;加个关键词nude会怎样;1;2;3;8447;0.00035515567657156387
16321;lora是不是stablediffusion的插件？还是说这东西就是独立的一个APP;1;0;1;8447;0.00011838522552385462
16337;叫啥软件，啊？？？？？;3;0;3;8447;0.00035515567657156387
16346;会不会哪天侵犯了别人肖像权;11;18;29;8447;0.003433171540191784
16358;关键词：油腻，中年，碎嘴，小眼睛，小眼镜，自恋，鸟，学习，感谢，胖帅;4;24;28;8447;0.0033147863146679294
16363;没法在生成的图中固定客户的产品，例如100张图中的衣服完全一模一样，现在还做不到，商用还不行啊。;2;0;2;8447;0.00023677045104770924
16366;有了，金丝眼镜，锅盖头，头屑，冷酷，镜头小米8拍摄，比例上6下4;3;2;5;8447;0.0005919261276192731
16370;那么问题来了，这个图真的商用了，版权问题怎么解决？会埋下法律问题的雷;5;0;5;8447;0.0005919261276192731
16376;英文用百度翻译的吗;1;0;1;8447;0.00011838522552385462
16378;视频里这张的promt可否分享下吖？谢谢;4;0;4;8447;0.0004735409020954185
16383;老师这个标题字能不能出个教程;3;0;3;8447;0.00035515567657156387
16387;怎么使用AI生成;4;0;4;8447;0.0004735409020954185
16392;果然手指是bug;2;0;2;8447;0.00023677045104770924
16395;手还是有问题，没完全训练好;1;1;2;8447;0.00023677045104770924
16398;字是如何加的;1;0;1;8447;0.00011838522552385462
16400;这个是v5吗;1;0;1;8447;0.00011838522552385462
16402;很简单成都吴彦祖;1;0;1;8447;0.00011838522552385462
16404;这是stable吧？mid感觉做不出这种图;1;0;1;8447;0.00011838522552385462
16414;高启强怎样prompt;1;0;1;8447;0.00011838522552385462
16419;能用中文？;1;0;1;8447;0.00011838522552385462
16424;能直接上传头像做模特吗;1;0;1;8447;0.00011838522552385462
16427;用什么软件;1;0;1;8447;0.00011838522552385462
16430;你咋知道我长的不点赞;1;0;1;8447;0.00011838522552385462
16432;能帮我生成一些产品图吗;1;0;1;8447;0.00011838522552385462
16434;门槛太低;1;0;1;8447;0.00011838522552385462
16436;鸟哥紧跟潮流;1;0;1;8447;0.00011838522552385462
16438;有课程吗？;1;0;1;8447;0.00011838522552385462
16440;大哥改行了啊，C4D不好卖了，改卖关键词了;1;0;1;8447;0.00011838522552385462
16442;你要说这是脑海的画面不敢苟同要说这只是挑一张自己觉得是符合自己印象的的画面的画还成。;1;0;1;8447;0.00011838522552385462
16444;要花88次的生成次数吗，感觉有点贵;1;0;1;8447;0.00011838522552385462
16446;真牛，有道理;1;0;1;8447;0.00011838522552385462
16448;老师这个标题的字体是怎么做的呀;1;0;1;8447;0.00011838522552385462
16453;耗时多久;1;0;1;8447;0.00011838522552385462
16460;哥，我给你推荐一款去屑洗发水;1;1;2;8447;0.00023677045104770924
16462;有可靠的梯子吗;2;0;2;8447;0.00023677045104770924
16465;往大了吹，说一千零一亿张;1;0;1;8447;0.00011838522552385462
16467;设计师全失业？;1;0;1;8447;0.00011838522552385462
16469;什么软件？;1;0;1;8447;0.00011838522552385462
16471;好用怕是赔死人哦;1;0;1;8447;0.00011838522552385462
16473;（4k）（照片质量：13）Chineseman（鸟巢般的头发：12）黑框眼镜蓝色夹克熬夜浮肿的脸蒸汽朋克细节很多细节上半身三分法自然光;1;0;1;8447;0.00011838522552385462
16480;我们在筹备Ai绘画公开课了，纯纯免费，不仅教Midjourney的操作，还教怎么用到设计中，就是看不惯那些贩卖焦虑，讲点Ai基本操作还好意思卖高价的;94;88;182;8447;0.021546111045341543
16575;你过于乐观了;41;17;58;8447;0.006866343080383568
16617;未来需要设计师，不会像现在需要的这么多了，ai版本更新换代很快。大部分设计师被代替就这几年的事;14;2;16;8447;0.001894163608381674
16633;再怎么说代替还是有点难;5;9;14;8447;0.0016573931573339647
16639;我评论区天天都是说AI，劝我放弃时间久了给我气的;3;18;21;8447;0.002486089736000947
16644;midjourney目前总共十来二十个指令左右还没我键盘上的字母多，好家伙有些某某学院的人居然卖899;6;6;12;8447;0.0014206227062862555
16651;理性看待，设计师没那么快被取代，插画师比较容易会被取代。不过中低级的设计师还是比较危险;6;3;9;8447;0.0010654670297146917
16658;工具我希望他越好用越好，很方便，各类ai的出现非常好，不理解为什么这么多人这么抗拒，怕个毛啊;2;3;5;8447;0.0005919261276192731
16661;最起码效率提高了，需要用的人也没有这么多了;2;2;4;8447;0.0004735409020954185
16664;开头很粉你，但看到课程我有点emo，但起码你不会为了流量去跟风渲染焦虑。没想明白的会被焦虑死，我想的是能学就学，学不来就抓紧把能赚的都赚了，我理想是开个早餐店或者夜宵;2;3;5;8447;0.0005919261276192731
16667;感觉当设计师成本更低了，人人都可以当设计师了;3;0;3;8447;0.00035515567657156387
16671;所以未来设计师更偏向于品牌策划;3;0;3;8447;0.00035515567657156387
16677;且曼：你说的我？;2;1;3;8447;0.00035515567657156387
16681;但是一个人能干的事多了，就不需要那么多人了，立项策划的人留下，其它执行的人可以滚蛋了;1;3;4;8447;0.0004735409020954185
16685;提升理解客户需求认为确认审美逻辑专业AI概念稿降低试错成本提供灵感素材提升效率;1;0;1;8447;0.00011838522552385462
16694;为啥我的电脑玩不了midjourney;1;0;1;8447;0.00011838522552385462
16703;博主很正义赞跟着博主学;1;0;1;8447;0.00011838522552385462
16708;想学;1;0;1;8447;0.00011838522552385462
16725;被取代的是美工和制图员，真正的设计师还是设计师。;1;1;2;8447;0.00023677045104770924
16730;我们程序员也受到暴击了cursor真的太强大了，自动生成代码了;1;1;2;8447;0.00023677045104770924
16735;那么按照这个逻辑是不是会衍生出一个新的职业，专业ai需求沟通者，毕竟原本由人完成输出的这个漫长过程会被大部分取代，简单来说ai算不算更高级的psaec4d工具呢，原本有趣的创作过程会不会被取代呢;2;1;3;8447;0.00035515567657156387
16739;卡在了注册账号方面;1;0;1;8447;0.00011838522552385462
16741;我已经找两个月工作了;1;0;1;8447;0.00011838522552385462
16745;还是需要去跟AI沟通的，并不是说给AI1句话就可以，而且沟通的成本因人而异的，AI不是一个有思想，有灵魂的，有感情的存在，如果你没有深入的跟他沟通，没有理解他，没有理解甲方，做好衔接，AI的存在就是空的，就做好自己该做的事情，保持持续的，批判性思维和创造思维;1;2;3;8447;0.00035515567657156387
16747;主要是关键词我找不准;2;0;2;8447;0.00023677045104770924
16751;这么脸和脖子的颜色不一样;1;0;1;8447;0.00011838522552385462
16753;ai用来给人工参考的选择而不是去应用去代替人工;1;0;1;8447;0.00011838522552385462
16759;ai只不过是给设计师提供了一个新工具，不是拿来画个画就结束了;1;0;1;8447;0.00011838522552385462
16762;目前开始用AI接活了，总结下：效率确实提高了很多，但取代替设计师不可能，自己打好理论和专业基础很重要，AI再强只是工具。目前AI只能瞎画一些好看的图，但精准客户需求去落地非常非常复杂，各种参数调整头大;3;1;4;8447;0.0004735409020954185
16766;真的这些人随波逐流;1;1;2;8447;0.00023677045104770924
16771;设计尸;1;0;1;8447;0.00011838522552385462
16774;swamp;2;0;2;8447;0.00023677045104770924
16781;0;1;0;1;8447;0.00011838522552385462
16783;某曼学院那些号就差把ai吹成神了看的人都烦;6;1;7;8447;0.0008286965786669824
16790;一个资本抽出来做代言人的可怜人;5;0;5;8447;0.0005919261276192731
16796;且曼学院好几个号都在贩卖焦虑，一看橱窗课卖399，还在评论区跟别人对喷，笑死我了;4;0;4;8447;0.0004735409020954185
16801;菡哥求梯子;2;1;3;8447;0.00035515567657156387
16804;众所周知，设计师的使命，是背锅;1;2;3;8447;0.00035515567657156387
16806;我们已经开始取代很多底层平面设计师了效率提高20倍左右。你这才是忽悠;1;2;3;8447;0.00035515567657156387
16808;我朋友圈有人卖799;2;0;2;8447;0.00023677045104770924
16812;取代的是不动脑的设计师;1;0;1;8447;0.00011838522552385462
16817;卖课就卖课说这么多;1;0;1;8447;0.00011838522552385462
16820;我一个小美工，我怕个屁放马过来;1;0;1;8447;0.00011838522552385462
16822;我普通都能做，为什么要花钱去找设计公司做呢？;1;0;1;8447;0.00011838522552385462
16859;是不是贩卖焦虑，今年下半年或者明年上半年就能很明显看到答案了因为Ai而失业的人绝对会大增，不只是设计行业。而越多人失业，消费市场就越疲软，赚钱越难。只谈生产不谈消费，没意义的。除非你自己做着玩吧;1;1;2;8447;0.00023677045104770924
16880;魏安迪;1;0;1;8447;0.00011838522552385462
16888;插个眼：前期靠大家大量喂图，等调教好了后期直接高价付费使用;16;172;188;8447;0.02225642239848467
16905;感觉你们在饮鸩止渴;42;68;110;8447;0.013022374807624009
16948;很难，关键词太难了;6;0;6;8447;0.0007103113531431277
16955;得好显卡吧3070能不能带得动;12;10;22;8447;0.002604474961524802
16968;每当有个工具操作简单甚至傻瓜式就会很多人喷。而如果是操作复杂的新工具或者技术，大家就会觉得高大上。这是什么原因。;6;34;40;8447;0.004735409020954185
16975;我觉得草图还好看些;2;0;2;8447;0.00023677045104770924
16978;在提示词里输入各种你想要的方案，然后生成很多图来给你提供想法。这个适合创作初期找灵感阶段来使用。;6;38;44;8447;0.005208949923049604
16985;为什么我用了controlnet，结果生出来的图和检测出来的线稿完全无关呢;7;2;9;8447;0.0010654670297146917
16993;不会用啊，有没有更详细一点啊;1;27;28;8447;0.0033147863146679294
16995;为什么有个nude;1;17;18;8447;0.0021309340594293834
16997;我的controlnet里没有模型;4;1;5;8447;0.0005919261276192731
17002;老师，有没有可能，我画不出你那个草稿;3;1;4;8447;0.0004735409020954185
17008;我用control直接爆显存;2;0;2;8447;0.00023677045104770924
17011;我1660跑不动关机了;2;0;2;8447;0.00023677045104770924
17014;越用越懒，懒得动脑，以后就不能说我卖的是创意了;2;0;2;8447;0.00023677045104770924
17018;怎么设置成中文的，大佬;1;0;1;8447;0.00011838522552385462
17023;模型用的是什么？我的controlnet不能单独用，只是sd的一个插件;1;0;1;8447;0.00011838522552385462
17031;对电脑的配置高吗？;1;0;1;8447;0.00011838522552385462
17035;听凭风忽悠你《草图线稿》;1;0;1;8447;0.00011838522552385462
17038;是不是搞错重点了，首先得有好看的线稿。不然ai都嫌弃;1;0;1;8447;0.00011838522552385462
17041;关键词必须英语吗;1;0;1;8447;0.00011838522552385462
17046;成瑟;1;0;1;8447;0.00011838522552385462
17052;我1050跑不动啊;1;0;1;8447;0.00011838522552385462
17054;关键词必须英语吗;1;0;1;8447;0.00011838522552385462
17056;是软件还是网页;1;0;1;8447;0.00011838522552385462
17058;Silencio最近也在研究这东西;1;0;1;8447;0.00011838522552385462
17067;成本如何？;1;0;1;8447;0.00011838522552385462
17073;大白不怕黑别画了，打烧饼吧;1;0;1;8447;0.00011838522552385462
17077;4070ti表示压力不大儿;1;0;1;8447;0.00011838522552385462
17080;疯鸽子速速搞一个;3;0;3;8447;0.00035515567657156387
17088;alx3;1;0;1;8447;0.00011838522552385462
17098;好的不教教这些旁门左道基础没打好学这些就是误人子弟;3;5;8;8447;0.000947081804190837
17104;这软件多钱？;2;0;2;8447;0.00023677045104770924
17107;得了吧基础烂的小白该菜还是菜生成的图想改也不知道怎么改与其担心AI不如担心游戏版号;1;0;1;8447;0.00011838522552385462
17109;不能科学上网，一切都是白说。;1;0;1;8447;0.00011838522552385462
17125;数学的尽头是语文;11;18;29;8447;0.003433171540191784
17137;如果一个ai还需要你学习你如何去用它，那他就不是一个好ai;12;4;16;8447;0.001894163608381674
17151;这种版权的问题解决不了啊;11;0;11;8447;0.001302237480762401
17163;应该，确实，有韭菜;1;3;4;8447;0.0004735409020954185
17165;用的什么翻译;1;0;1;8447;0.00011838522552385462
17167;可以拿来做产品设计么;1;1;2;8447;0.00023677045104770924
17169;海报上的文字是后期自己加的吗;1;1;2;8447;0.00023677045104770924
17171;如果纯AI生成是没有版权的;2;0;2;8447;0.00023677045104770924
17175;求笔记;1;0;1;8447;0.00011838522552385462
17177;那个软件能用来设计装修么;1;0;1;8447;0.00011838522552385462
17179;其实还是有很多不足的;1;0;1;8447;0.00011838522552385462
17181;给详细描述画面的小作文会更准确么;1;0;1;8447;0.00011838522552385462
17183;这是可调分层的吗？;1;0;1;8447;0.00011838522552385462
17188;6;1;0;1;8447;0.00011838522552385462
17190;晕了咩这种我也做的出来，感觉可以直接商用挣点生活费;1;0;1;8447;0.00011838522552385462
17192;怎么科学上网？;1;0;1;8447;0.00011838522552385462
17194;0;1;0;1;8447;0.00011838522552385462
17196;0;1;0;1;8447;0.00011838522552385462
17198;0;1;0;1;8447;0.00011838522552385462
17200;上个视频说AI赚钱这个视频就开始割韭菜了教你赚钱的人是真想赚你的钱啊;1;2;3;8447;0.00035515567657156387
17202;这还需要教人？？是不会中国话吗？;1;0;1;8447;0.00011838522552385462
17207;ai不是不会画手吗;7;294;301;8447;0.035633952882680245
17215;不说ai的手，为啥ai画的女孩子好多都带着点脸红啊;3;42;45;8447;0.005327335148573458
17221;有几帧怎么试都不是太好用官方的补了几帧休息两天补补肝;2;52;54;8447;0.006392802178288149
17235;我靠。。瞬间想抽东方名猪930龟龟yiiiiiwoo;1;2;3;8447;0.00035515567657156387
17237;悲伤玉米肘Lin无妄生欢无聊吴某甜美淳少我真的好喜欢妮露啊啊啊啊啊啊啊;1;1;2;8447;0.00023677045104770924
17242;uo有那种感觉了;1;1;2;8447;0.00023677045104770924
17244;姐姐喜欢小狗吧ai已经进化到这种地步惹，本科和我妮99;1;1;2;8447;0.00023677045104770924
17249;wc梓铜（技输主播）好涩;1;1;2;8447;0.00023677045104770924
17251;善良天才酱。。Kitty心系Jerry。。我靠相当厉害;2;2;4;8447;0.0004735409020954185
17255;Mn有点厉害;1;1;2;8447;0.00023677045104770924
17263;樱芙美极了;1;1;2;8447;0.00023677045104770924
17265;玩家L哇塞;1;1;2;8447;0.00023677045104770924
17267;繁断桥烟雨有点好看;1;1;2;8447;0.00023677045104770924
17271;辫太我靠;1;0;1;8447;0.00011838522552385462
17273;克莱因蓝好好看;1;0;1;8447;0.00011838522552385462
17276;EMT给我看傻了;1;1;2;8447;0.00023677045104770924
17279;是不愿日配;2;2;4;8447;0.0004735409020954185
17282;忆卿尘牛逼;1;1;2;8447;0.00023677045104770924
17286;早点睡咯viuijk红叶YUYUANDXG木一旦小刘很牛;2;3;5;8447;0.0005919261276192731
17291;彧在熙;2;2;4;8447;0.0004735409020954185
17294;185大帅哥;1;2;3;8447;0.00035515567657156387
17296;兔兔兔崽子;1;1;2;8447;0.00023677045104770924
17301;清;1;1;2;8447;0.00023677045104770924
17304;玩亿把瑶;1;1;2;8447;0.00023677045104770924
17309;倒数;1;1;2;8447;0.00023677045104770924
17311;是小五捏;1;1;2;8447;0.00023677045104770924
17313;宅在家的影;1;1;2;8447;0.00023677045104770924
17316;思故渊酆都souvenir;1;3;4;8447;0.0004735409020954185
17318;祈居居;1;1;2;8447;0.00023677045104770924
17324;曦穆;1;2;3;8447;0.00035515567657156387
17327;放下嬷嬷的是是非非;1;1;2;8447;0.00023677045104770924
17329;星月尘光山海追思无羁;4;1;5;8447;0.0005919261276192731
17341;春江;1;1;2;8447;0.00023677045104770924
17344;ikun怪我闹;1;1;2;8447;0.00023677045104770924
17348;魈宝嘿嘿;1;1;2;8447;0.00023677045104770924
17350;Rosalyn咩咩小旖秋;1;3;4;8447;0.0004735409020954185
17355;大N柯基喵哦斯wwwwwwww香精煎鱼是不是颛不要困告word;1;1;2;8447;0.00023677045104770924
17358;特恩佩斯特副城主;1;1;2;8447;0.00023677045104770924
17361;多伦多的小世界;2;1;3;8447;0.00035515567657156387
17367;看来看去就是比原版涩;1;93;94;8447;0.011128211199242335
17369;万事屋银时我真的是个正经人鱼;3;1;4;8447;0.0004735409020954185
17374;夷光这个ai牛;1;2;3;8447;0.00035515567657156387
17395;这是不是你生成的图，走人盗用你的图哎;3;0;3;8447;0.00035515567657156387
17399;求一张天秤;1;0;1;8447;0.00011838522552385462
17406;打码就过分了啊，老表;1;0;1;8447;0.00011838522552385462
17408;小姐姐;2;0;2;8447;0.00023677045104770924
17411;漂亮;1;0;1;8447;0.00011838522552385462
17413;第一;1;0;1;8447;0.00011838522552385462
17415;26731967;1;0;1;8447;0.00011838522552385462
17417;0;2;0;2;8447;0.00023677045104770924
17420;okk;2;0;2;8447;0.00023677045104770924
17423;太漂亮了;1;0;1;8447;0.00011838522552385462
17425;其实不用太焦虑的，ai的东西需要很多后期调整修复，没有美学设计基础也修不好那些图;12;43;55;8447;0.0065111874038120045
17438;已经抛弃mj投入sd的怀抱了，sd已经有生成psd分层的插件了;6;11;17;8447;0.0020125488339055287
17446;ai培训新的韭菜培训基地;5;10;15;8447;0.0017757783828578194
17452;学C4d有一段时间了还有必要继续吗本来门槛就不低现在这样就更难找工作了;5;5;10;8447;0.0011838522552385462
17458;会不会有人研发出一款反AI软件，能够逆向查找出AI是缝合了哪些作者的图，然后集合证据起诉侵权，要求AI公司和使用者索赔，反AI公司和原作者分赔偿金，有点类似职业打假人和杀毒软件行业的结合。;1;2;3;8447;0.00035515567657156387
17460;那我还要报你的线下c4d么？;2;1;3;8447;0.00035515567657156387
17463;虚拟服饰被替代正常;1;2;3;8447;0.00035515567657156387
17468;大佬看的这么开;2;0;2;8447;0.00023677045104770924
17503;打不过就加入;1;16;17;8447;0.0020125488339055287
17505;这个什么网址，求分享;3;2;5;8447;0.0005919261276192731
17527;不一样的风格，不一样的感觉;1;1;2;8447;0.00023677045104770924
17530;0;1;0;1;8447;0.00011838522552385462
17532;什么呢;1;0;1;8447;0.00011838522552385462
17535;0;1;1;2;8447;0.00023677045104770924
17537;0;1;1;2;8447;0.00023677045104770924
17539;0;1;0;1;8447;0.00011838522552385462
17542;0;1;0;1;8447;0.00011838522552385462
17544;0;1;0;1;8447;0.00011838522552385462
17548;0;1;1;2;8447;0.00023677045104770924
17550;0;1;0;1;8447;0.00011838522552385462
17552;0;1;1;2;8447;0.00023677045104770924
17554;0;1;0;1;8447;0.00011838522552385462
17556;0;1;0;1;8447;0.00011838522552385462
17558;0;1;1;2;8447;0.00023677045104770924
17560;0;1;0;1;8447;0.00011838522552385462
17562;好看吗呸;2;0;2;8447;0.00023677045104770924
17565;交个朋友吧;1;0;1;8447;0.00011838522552385462
17567;送去进又说不云贵川;1;0;1;8447;0.00011838522552385462
17569;你这丫头估计握不住棍更是降不住龙，别弄巧成拙的害了自己;1;0;1;8447;0.00011838522552385462
17572;买的专利？;5;5;10;8447;0.0011838522552385462
17578;买的蛰腻;4;8;12;8447;0.0014206227062862555
17584;下午试了试确实方便又简单;1;1;2;8447;0.00023677045104770924
17588;这玩意不只是能做人像;1;0;1;8447;0.00011838522552385462
17590;需要科学上网吗;1;0;1;8447;0.00011838522552385462
17599;应该是第一个评论;1;0;1;8447;0.00011838522552385462
17601;真不戳;1;0;1;8447;0.00011838522552385462
17603;第4个;1;0;1;8447;0.00011838522552385462
17606;第二;1;0;1;8447;0.00011838522552385462
17609;第三;1;0;1;8447;0.00011838522552385462
17612;就喜欢这种不墨迹的;5;1;6;8447;0.0007103113531431277
17618;这玩意儿应该是外国的吧，外国不已经立法无版权了吗，这30美元难不成还能改法律不成？;5;0;5;8447;0.0005919261276192731
17624;官网不就有社区吗？还要这种三方的干嘛？;2;1;3;8447;0.00035515567657156387
17627;将就，其它人都是恶心要关注才给;1;1;2;8447;0.00023677045104770924
17629;给我一个;1;0;1;8447;0.00011838522552385462
17633;怎么要输入的是英文呢，会不会是接口;12;81;93;8447;0.01100982597371848
17646;可惜了，本来达摩院有无限可能;26;182;208;8447;0.024624126908961763
17674;过去一年AI技术简直是爆发式发展;3;51;54;8447;0.006392802178288149
17678;未来ai会侵占普通人岗位吗;29;0;29;8447;0.003433171540191784
17708;这不就是幻灯片吗，帧数太低了，但是不得不说比温馨遗言好一些;4;5;9;8447;0.0010654670297146917
17715;这不是谷歌开源的吗？;1;9;10;8447;0.0011838522552385462
17717;网址是啥啊;3;0;3;8447;0.00035515567657156387
17725;终于超车了;1;2;3;8447;0.00035515567657156387
17754;目前假不能用吧;1;0;1;8447;0.00011838522552385462
17769;不过还是没百度厉害;10;75;85;8447;0.010062744169527642
17780;这不就是GEN2么，刚开源没多久;5;77;82;8447;0.009707588492956078
17786;chatgpt刚出来国内各种人工智能也出来了？什么时候人工智能软件这么好开发了？;8;11;19;8447;0.0022493192849532377
17795;阿里巴巴为什么英文？;3;3;6;8447;0.0007103113531431277
17800;可惜，这几年马云被压倒了一大半，无心发展便民服务和科技了，如果马云在国外他可能是马斯克，如果马斯克在国内那他就是马云了;1;1;2;8447;0.00023677045104770924
17834;Round2;1;0;1;8447;0.00011838522552385462
