发布者;真实一级评论数;真实点赞数;边数;最大边数;集群密度
阿拉德非酋长;19;174;193;344449;0.0005603151700251706
直播中;39;602;641;344449;0.001860943129461836
程序员安阅AI绘画;43;186;229;344449;0.000664829916765617
插画喵;28;223;251;344449;0.0007287000397736675
KG-Area21;240;4564;4804;344449;0.013946912315030672
喂鱼oxo;104;353;457;344449;0.001326756646121777
陈子墨大喇叭;3455;23000;26455;344449;0.07680382291718077
lovingloves;82;2734;2816;344449;0.008175375745030468
only离鸢;39;330;369;344449;0.001071276154089575
周可反;57;1834;1891;344449;0.005489927391282889
好好生活的小清;59;6164;6223;344449;0.01806653524904993
看不见丶小透明;45;1999;2044;344449;0.005934115064929787
丶晓C;91;4067;4158;344449;0.012071453248521552
嫣花乱;41;481;522;344449;0.001515463827736472
梦中青禾;71;1872;1943;344449;0.005640893136574645
周可反;104;1937;2041;344449;0.005925405502701416
养猫画画的随随;165;2711;2876;344449;0.00834956698959788
大威天龙ゝ;88;1539;1627;344449;0.004723485915186283
阿Biu同学呀;563;18000;18563;344449;0.05389186788174737
陈二哈是个技术宅;186;5352;5538;344449;0.016077851873571993
电磁兔7号;50;1088;1138;344449;0.003303827271961887
cloudstrife6;504;7621;8125;344449;0.023588397701836846
疯先生A;842;18000;18842;344449;0.05470185716898583
阿拉德非酋长;170;3812;3982;344449;0.011560492264457147
新一氵;33;1012;1045;344449;0.0030338308428824005
彼岸の星辉;-153;8927;8774;344449;0.025472566330574337
直播中;1839;5391;7230;344449;0.020990044970372972
星轮古树;80;1008;1088;344449;0.003158667901489045
起名真麻烦·······;99;2732;2831;344449;0.008218923556172321
微雨浥轻尘;72;982;1054;344449;0.0030599595295675124
就叫菜狗好了;534;91000;91534;344449;0.26574035633722265
余光不与语;49;284;333;344449;0.0009667614073491286
无法抵达的呓语;18;522;540;344449;0.001567721201106695
碎石雨;131;5485;5616;344449;0.01630430049150963
看不见丶小透明;25;587;612;344449;0.0017767506945875877
雨画晴天;104;5861;5965;344449;0.017317512897410067
爱幻想的纵然;294;24000;24294;344449;0.07053003492534454
安已也很安逸;61;873;934;344449;0.0027115770404326912
南离不知秋;282;40000;40282;344449;0.11694619522774054
Gestable小雷;61;1628;1689;344449;0.004903483534572608
南澈先生;104;2191;2295;344449;0.006662815104703454
wallpaper绝美壁纸;8;93;101;344449;0.0002932219283551411
大威天龙ゝ;107;1569;1676;344449;0.004865742098249668
若李丨如洲;19;705;724;344449;0.002101907684446754
DIO懒死了;196;33000;33196;344449;0.09637420924432935
ziiter;211;5400;5611;344449;0.016289784554462346
yx_源希难而忘的是你啊;161;7083;7244;344449;0.021030689594105367
辰熙玥;45;1797;1842;344449;0.005347671208219504
欠源如尘;22;231;253;344449;0.0007345064145925812
上次那位;243;3233;3476;344449;0.010091479435271986
AI绘画Doll;21;662;683;344449;0.0019828770006590237
-gua老师-;120;65000;65120;344449;0.1890555641038296
十笔画长安;207;3405;3612;344449;0.010486312922958116
散冷孜;101;3036;3137;344449;0.009107298903466116
创世纪未来科技企业;13;528;541;344449;0.0015706243885161518
daxunge;201;8837;9038;344449;0.026239007806670944
王路飞CP;247;5915;6162;344449;0.017889440817073065
科西嘉贵物;56;1018;1074;344449;0.003118023277756649
不要转剑魂啊;201;1527;1728;344449;0.005016707843541424
司徒稀仪;70;1152;1222;344449;0.003547695014356262
丨阿尔托莉亚丨;145;21000;21145;344449;0.06138789777296494
大威天龙ゝ;107;2464;2571;344449;0.007464094829713543
VAM神龙国漫;19;170;189;344449;0.0005487024203873433
b_l_j;71;11000;11071;344449;0.03214118781009671
_Piecemeal_;180;13000;13180;344449;0.038264010056641186
戮艾;168;2072;2240;344449;0.006503139797183328
小林家的达米安;283;34000;34283;344449;0.09952997395840894
Chosen鲷;102;12000;12102;344449;0.03513437402924671
程序员安阅AI绘画;86;1767;1853;344449;0.005379606269723529
早热;60;508;568;344449;0.0016490104485714866
喵呜miaou;20;1427;1447;344449;0.004200912181484051
佬ZHOU125;29;410;439;344449;0.0012744992727515539
爱土豆炖排骨;54;1539;1593;344449;0.00462477754326475
bxtong桐;180;13000;13180;344449;0.038264010056641186
程序员安阅AI绘画;193;5226;5419;344449;0.01573237257184663
CK小进;33;563;596;344449;0.0017302996960362781
软软二次元;171;19000;19171;344449;0.05565700582669713
嘴硬王子;690;13000;13690;344449;0.039744635635464175
雨画晴天;56;1570;1626;344449;0.004720582727776826
大威天龙ゝ;590;16000;16590;344449;0.04816387912288902
创意齿轮CGD;173;3915;4088;344449;0.011868230129859573
不要转剑魂啊;342;1404;1746;344449;0.005068965216911647
兔兔的涂;667;3634;4301;344449;0.012486609048073881
透明脐带;378;3712;4090;344449;0.011874036504678486
醉月赏星辰;4;55;59;344449;0.0001712880571579537
一筐砂糖;27;4550;4577;344449;0.01328788877308397
番茄并没有酱;86;807;893;344449;0.0025925463566449604
戒丶梦;299;34000;34299;344449;0.09957642495696024
小小小婉宁;67;740;807;344449;0.002342872239431672
我是鸭脖君;332;4934;5266;344449;0.015288184898199733
me已经emo了;43;391;434;344449;0.0012599833357042696
丨浮世丨;128;2244;2372;344449;0.006886360535231631
DIO懒死了;279;33000;33279;344449;0.09661517379931427
电磁兔7号;34;1034;1068;344449;0.003100604153299908
降了个大智;85;46000;46085;344449;0.13379339176481858
不要转剑魂啊;124;8820;8944;344449;0.025966108190182
你被温柔地寝取了;21;423;444;344449;0.0012890152097988382
AI绘画Doll;127;19000;19127;344449;0.05552926558068103
朦朦的小怪兽;31;3222;3253;344449;0.00944406864296311
Surferal;21;324;345;344449;0.0010015996562626108
麋鹿工艺;4;14;18;344449;5.225737337022317e-05
好懒不想起啊;89;1374;1463;344449;0.00424736318003536
大威天龙ゝ;154;5646;5800;344449;0.016838486974849687
基沃托斯的sensei;64;2532;2596;344449;0.007536674514949964
阿拉德非酋长;35;708;743;344449;0.002157068245226434
混剪大鸽;94;7662;7756;344449;0.022517121547747272
大威天龙ゝ;37;3010;3047;344449;0.008846012036615
游鲤醉花荫;61;2234;2295;344449;0.006662815104703454
AI绘画Doll;8;247;255;344449;0.0007403127894114949
雾雨丶ADOREYA;69;1710;1779;344449;0.005164770401423723
-青春の物語-;32;1013;1045;344449;0.0030338308428824005
bxtong桐;265;3039;3304;344449;0.009592131200845408
AI绘画Doll;31;630;661;344449;0.001919006877650973
星轮古树;209;4480;4689;344449;0.013613045762943135
少林寺办事处张喇嘛;73;7227;7300;344449;0.02119326808903495
竹峰隐者;53;2168;2221;344449;0.006447979236403648
程序员安阅;60;2148;2208;344449;0.006410237800080708
袄子仙;188;16000;16188;344449;0.04699679778428737
名字是名字啦;23;3713;3736;344449;0.010846308161730765
大威天龙ゝ;25;703;728;344449;0.0021135204340845815
诺噶特;147;27000;27147;344449;0.0788128286045249
一网一匠;179;66000;66179;344449;0.1921300395704444
有点艺思哦;82;684;766;344449;0.0022238415556439413
梦中青禾;102;4568;4670;344449;0.013557885202163455
一定有用;483;12000;12483;344449;0.036240488432249765
戮艾;110;2457;2567;344449;0.007452482080075715
大江户战士;149;2120;2269;344449;0.006587332232057576
直播中;69;1000;1069;344449;0.003103507340709365
大威天龙ゝ;113;2169;2282;344449;0.0066250736683805145
雷鸣NEMESIS;62;2981;3043;344449;0.008834399286977173
DIO懒死了;67;2701;2768;344449;0.00803602274937654
软软二次元;162;4506;4668;344449;0.013552078827344542
夜-Ammyle;24;1726;1750;344449;0.005080577966549474
AI绘画Doll;15;416;431;344449;0.0012512737734758992
卤蛋蛋哈;80;1733;1813;344449;0.005263478773345256
苦荷Reign;63;3178;3241;344449;0.009409230394049627
美美乃滋;62;393;455;344449;0.0013209502713028634
TOP灬送葬;102;2012;2114;344449;0.006137338183591765
夜玉米;144;3230;3374;344449;0.009795354319507387
麋鹿的森林ii;23;229;252;344449;0.0007316032271831244
神龙残梦;1054;40000;41054;344449;0.11918745590784122
拿冰烧火;4;159;163;344449;0.00047321954774146534
打嗝鸡ovo;1449;343000;344449;344449;1.0
Black47S;74;12000;12074;344449;0.035053084781781915
湛蓝火焰;170;994;1164;344449;0.003379310144607765
戮艾;136;1497;1633;344449;0.004740905039643024
戮艾;163;1614;1777;344449;0.00515896402660481
Chosen鲷;111;2738;2849;344449;0.008271180929542545
古月林夕雨夜;53;1045;1098;344449;0.0031876997755836134
あやか綾華丶;226;8678;8904;344449;0.025849980693803728
Theo没编号;618;42000;42618;344449;0.12372804101623172
端念1;96;10000;10096;344449;0.029310580085876285
纯银碎月;115;1235;1350;344449;0.003919303002766737
Zero丶0;75;22000;22075;344449;0.0640878620637598
科技老男孩;58;4865;4923;344449;0.014292391616756037
大威天龙ゝ;82;1771;1853;344449;0.005379606269723529
y园糖;22;317;339;344449;0.0009841805318058696
GitHub程序精选;515;44000;44515;344449;0.12923538753197136
vinned;53;393;446;344449;0.0012948215846177518
狗蛋儿大师球;329;163000;163329;344449;0.47417469639917664
大江户战士;475;6123;6598;344449;0.019155230527596247
司徒稀仪;67;1501;1568;344449;0.004552197858028329
AI绘画Doll;15;303;318;344449;0.0009232135962072759
游鲤醉花荫;17;641;658;344449;0.0019102973154226026
lovingloves;18;1570;1588;344449;0.004610261606217466
纷纷文化;298;19000;19298;344449;0.05602571062769815
至死还少年;33;1174;1207;344449;0.0035041472032144093
是颗橘柚;267;4608;4875;344449;0.014153038621102109
非FeiArt;122;935;1057;344449;0.0030686690917958825
林克不会飞;58;582;640;344449;0.0018580399420523794
疯先生A;179;3808;3987;344449;0.011575008201504432
纯路人茉日天;26;498;524;344449;0.0015212702025553856
若李丨如洲;47;1454;1501;344449;0.004357684301594721
小傻改2;108;3857;3965;344449;0.011511138078496382
若李丨如洲;55;1832;1887;344449;0.005478314641645062
学习做动漫;18;285;303;344449;0.0008796657850654233
水蛭泡酒;448;14000;14448;344449;0.04194525169183246
大威天龙ゝ;94;2185;2279;344449;0.006616364106152145
仙品炼丹炉;12;324;336;344449;0.0009754709695774991
艺术学姐海树;358;56000;56358;344449;0.16361783602216873
大威天龙ゝ;81;2065;2146;344449;0.0062302401806943845
大威天龙ゝ;50;976;1026;344449;0.0029786702821027206
人工治障;63;1586;1649;344449;0.0047873560381943335
乐与饵live;2463;39000;41463;344449;0.12037485955830907
赛博宇;154;2592;2746;344449;0.00797215262636849
DIO懒死了;5;109;114;344449;0.0003309633646780801
sadochan;188;29000;29188;344449;0.08473823410722632
白墨cookie;197;24000;24197;344449;0.07024842574662722
Easy硕游戏;122;6716;6838;344449;0.01985199550586589
影月苍鹭;30;584;614;344449;0.0017825570694065013
我妻宵宫a;59;2749;2808;344449;0.008152150245754814
余光不与语;225;1478;1703;344449;0.004944128158305003
来自未来FromFuture;15;358;373;344449;0.0010828889037274023
恶魔钳子;74;271;345;344449;0.0010015996562626108
Cuber广大仙;34;1870;1904;344449;0.005527668827605829
爱土豆炖排骨;49;426;475;344449;0.0013790140194920003
是颗橘柚;396;14000;14396;344449;0.04179428594654071
碎石雨;31;1154;1185;344449;0.0034402770802063587
戮艾;175;2254;2429;344449;0.007051842217570671
Theo没编号;184;41000;41184;344449;0.11956487027107061
あやか綾華丶;290;8152;8442;344449;0.024508708110634665
幽鸮;98;3074;3172;344449;0.009208910462797105
易雪飞-枫羽桐舟;24;776;800;344449;0.0023225499275654742
贝尔兮;4;75;79;344449;0.00022935180534709056
美美乃滋;50;442;492;344449;0.0014283682054527665
永恒0星光;36;977;1013;344449;0.0029409288457797815
Surferal;26;347;373;344449;0.0010828889037274023
葫芦娃tc;1207;9067;10274;344449;0.0298273474447596
川风梦;75;1363;1438;344449;0.00417478349479894
假装莫得名字;195;26000;26195;344449;0.07604899419072199
波析高性能计算机群;69;244;313;344449;0.0009086976591599918
宇桐雨;21;786;807;344449;0.002342872239431672
人工治障;56;677;733;344449;0.0021280363711318655
碎石雨;16;786;802;344449;0.0023283563023843877
安安24节气;4;43;47;344449;0.00013644980824447162
大威天龙ゝ;103;1559;1662;344449;0.004825097474517272
大威天龙ゝ;39;3561;3600;344449;0.010451474674044633
Kee壳子;46;2159;2205;344449;0.006401528237852338
一万也;282;8063;8345;344449;0.02422709893191735
DIO懒死了;69;21000;21069;344449;0.06116725552984622
葫芦娃tc;90;2048;2138;344449;0.00620701468141873
喜定;9;188;197;344449;0.000571927919662998
永在溯濛;559;19000;19559;344449;0.056783442541566385
DIO懒死了;42;1748;1790;344449;0.0051967054629277485
名字是名字啦;82;15000;15082;344449;0.0437858725094281
夜呓鱼;215;17000;17215;344449;0.049978371253799544
科技鱼很酷;46;810;856;344449;0.0024851284224950572
多啦x野;36;699;735;344449;0.0021338427459507794
我是鸭脖君;23;574;597;344449;0.001733202883445735
wallpaper绝美壁纸;8;187;195;344449;0.0005661215448440843
wuhu动画人专题;734;20000;20734;344449;0.06019468774767817
夜玉米;42;246;288;344449;0.0008361179739235707
Paper朱;181;6442;6623;344449;0.01922781021283267
Gestable小雷;80;3001;3081;344449;0.008944720408536532
白毛红瞳魔法师;139;4260;4399;344449;0.012771121414200651
DIO懒死了;60;4078;4138;344449;0.012013389500332415
纯银碎月;128;1823;1951;344449;0.0056641186358503005
大威天龙ゝ;66;6573;6639;344449;0.019274261211383977
娱小扒;291;16000;16291;344449;0.047295826087461426
发呆的工具人;44;400;444;344449;0.0012890152097988382
小李xiaolxl;93;1121;1214;344449;0.003524469515080607
段日天木木木;90;5985;6075;344449;0.01763686351245032
Noir_;32;860;892;344449;0.0025896431692355036
彼岸の星辉;595;4941;5536;344449;0.01607204549875308
王者人格小A;109;1377;1486;344449;0.004314136490452868
拿冰烧火;4;237;241;344449;0.0006996681656790991
葫芦娃tc;401;8160;8561;344449;0.02485418741236003
大江户战士;206;3864;4070;344449;0.01181597275648935
碎石雨;35;711;746;344449;0.0021657778074548046
漫画家之神;20;329;349;344449;0.0010132124059004381
aiideas;82;3150;3232;344449;0.009383101707364516
小布爱分享;80;11000;11080;344449;0.03216731649678182
碎石雨;13;762;775;344449;0.002249970242329053
淺誯-小李-澔;11;388;399;344449;0.0011583717763732802
白话搬运工;-4;22;18;344449;5.225737337022317e-05
淺誯-小李-澔;10;1057;1067;344449;0.003097700965890451
若李丨如洲;73;1866;1939;344449;0.005629280386936818
妖岚岚岚岚岚;175;800;975;344449;0.0028306077242204217
云小皓Gamer;1828;24000;25828;344449;0.07498352441145133
大鳳Taiho;128;3150;3278;344449;0.009516648328199531
秘境の人魚------張;57;1094;1151;344449;0.003341568708284826
木桐kiri;75;3585;3660;344449;0.010625665918612043
GenJi是真想教会你;137;6438;6575;344449;0.01908845721717874
沐思遥_;14;107;121;344449;0.00035128567654427797
借题发挥h;15;430;445;344449;0.001291918397208295
斐浅羽;63;1116;1179;344449;0.0034228579557496175
三条丸子;509;27000;27509;344449;0.07986378244674829
AoPennuKi;328;10000;10328;344449;0.029984119564870272
赛博画师GZT;26;299;325;344449;0.0009435359080734738
DIO懒死了;41;2011;2052;344449;0.005957340564205441
八云kiss紫;16;363;379;344449;0.0011003080281841433
白纸_Whitepaper;243;6755;6998;344449;0.020316505491378985
夜呓鱼;46;1797;1843;344449;0.005350574395628961
苏漾SuYoung;235;18000;18235;344449;0.05293962241144553
西困シークン;352;36000;36352;344449;0.10553666870857514
castleye;3;30;33;344449;9.58051845120758e-05
Play实验室;24;1171;1195;344449;0.003469308954300927
美院安迪看艺术;353;6899;7252;344449;0.021053915093381025
去天涯看海;19;1048;1067;344449;0.003097700965890451
DIO懒死了;50;4458;4508;344449;0.013087568841831447
呆萌憨木木;88;5574;5662;344449;0.016437847112344642
沉迷凯亚的白沉;35;11000;11035;344449;0.03203667306335626
超影先生;129;31000;31129;344449;0.09037332086898206
幻灵-梦魇;44;2559;2603;344449;0.007556996826816161
叶小高;147;1856;2003;344449;0.005815084381142056
DIO懒死了;255;33000;33255;344449;0.0965454973014873
water水辰;97;19000;19097;344449;0.055442169958397326
Easy硕游戏;105;3855;3960;344449;0.011496622141449097
夜-Ammyle;13;374;387;344449;0.0011235335274597982
人工治障;34;592;626;344449;0.0018173953183199835
直播中;91;395;486;344449;0.0014109490809960255
散冷孜;18;422;440;344449;0.0012774024601610108
AoPennuKi;546;13000;13546;344449;0.03932657664850239
是牧羊女;445;8815;9260;344449;0.026883515411570365
DIO懒死了;109;21000;21109;344449;0.06128338302622449
wallpaper绝美壁纸;2;26;28;344449;8.128924746479159e-05
吸管伯爵;59;1157;1216;344449;0.0035302758898995206
DIO懒死了;46;3262;3308;344449;0.009603743950483235
小食神叨叨;79;5546;5625;344449;0.01633042917819474
胧雨夜;46;1529;1575;344449;0.004572520169894527
安已也很安逸;239;14000;14239;344449;0.04133848552325598
名字是名字啦;8;1285;1293;344449;0.0037538213204276975
DIO懒死了;16;844;860;344449;0.0024967411721328846
来自未来FromFuture;71;2838;2909;344449;0.008445372174109955
天涯的路人;96;1300;1396;344449;0.0040528496236017526
夹个蛋;54;2922;2976;344449;0.008639885730543563
2000年的吉姆雷诺;100;2680;2780;344449;0.008070860998290023
实用小技;87;1638;1725;344449;0.005007998281313053
三条丸子;56;821;877;344449;0.002546095358093651
佩顿上尉尚未上位;11;270;281;344449;0.0008157956620573728
墨凌幽圣;21;431;452;344449;0.0013122407090744928
春野三笠;20;651;671;344449;0.0019480387517455415
七八九十捺;23;443;466;344449;0.0013528853328068887
用力捏橙子;60;1095;1155;344449;0.003353181457922653
有信仰的CCJ;37;1152;1189;344449;0.003451889829844186
kmfeeker;4;30;34;344449;9.870837192153265e-05
0南南瓜瓜0;38;1245;1283;344449;0.003724789446333129
多巴安工作室;18;4495;4513;344449;0.01310208477887873
影墨AI;120;3014;3134;344449;0.009098589341237745
裤子嘚吧嘚;4;15000;15004;344449;0.043559423891490465
创意齿轮CGD;51;543;594;344449;0.0017244933212173645
爱睡觉的橙喵喵;97;1874;1971;344449;0.005722182384039437
哈欠小渔;12;267;279;344449;0.0008099892872384591
贝尔兮;5;200;205;344449;0.0005951534189386527
起名真麻烦·······;96;1348;1444;344449;0.0041922026192556805
早热;11;47;58;344449;0.00016838486974849688
Erio入水的艾莉欧;50;1165;1215;344449;0.003527372702490064
勾栏赋曲柳七郎;8;317;325;344449;0.0009435359080734738
斐浅羽;91;2305;2396;344449;0.006956037033058595
