发布者;真实一级评论数;真实点赞数;边数;最大边数;集群密度
张琦教你新商业-管理咨询;196;4685;4881;169048;0.02887345605981733
这里是东昊;3744;3997;7741;169048;0.04579172779328948
AI创造社;319;1086;1405;169048;0.008311248876058872
Ai驯化师;852;2619;3471;169048;0.020532629785623018
侃哥侃英语;21048;148000;169048;169048;1.0
不睡觉懒吗;24;306;330;169048;0.0019521082769390942
群星创事;281;1855;2136;169048;0.01263546448346032
啊咕呱;261;7818;8079;169048;0.04779115990724528
橘子娱乐;69;6176;6245;169048;0.036942170271165586
黑客情报站;75;2907;2982;169048;0.017639960247976906
旺牛王永辉;31;182;213;169048;0.001259997160569779
木子淳;1543;6590;8133;169048;0.04811059580710804
财经网精选;924;1127;2051;169048;0.012132648715157825
哇喔;1447;9220;10667;169048;0.06310042118214945
量子位;373;1843;2216;169048;0.013108702853627372
淘沙博士;630;3799;4429;169048;0.02619965926837348
凤凰WEEKLY;972;3822;4794;169048;0.02835880933226066
财经小马达;43;7668;7711;169048;0.045614263404476836
肖晓智;5;50;55;169048;0.00032535137948984903
小怡师妹;2195;26000;28195;169048;0.16678694808575079
AI懒人学院;16;46;62;169048;0.00036675973687946617
周家栋;142;147;289;169048;0.0017095736122284795
赛文乔伊;95;733;828;169048;0.004898017131229
宣德内参;756;3195;3951;169048;0.023372060006625336
拾柒山音;96;1982;2078;169048;0.012292366665089205
弘凌的小酒馆;566;4483;5049;169048;0.029867256637168143
搜 狐 智 库;234;1135;1369;169048;0.008098291609483697
可清可清董可清;3508;12000;15508;169048;0.09173725805688325
Yoyo悠妮;103;26000;26103;169048;0.15441176470588236
走神的阿圆;14;112;126;169048;0.0007453504330131088
老吴看世界;63;478;541;169048;0.003200274478254697
涛观点;99;355;454;169048;0.0026856277506980266
第一财经;8756;39000;47756;169048;0.2824996450712224
AM585东南广播;743;6562;7305;169048;0.04321257867587904
弘凌的小酒馆;822;4990;5812;169048;0.03438076759263641
可清可清董可清;1194;2837;4031;169048;0.02384529837679239
金哥不才;731;1427;2158;169048;0.012765605035256259
雕兄AI;921;2174;3095;169048;0.018308409445837868
夏哥说创业;316;544;860;169048;0.005087312479295821
京探;195;309;504;169048;0.002981401732052435
压力是多的;36;199;235;169048;0.0013901377123657186
财通大机遇;179;730;909;169048;0.005377170981023142
格子ChatGPT进阶玩法;32;60;92;169048;0.0005442241256921111
雕兄AI;218;846;1064;169048;0.006294070323221807
核弹财经;632;3653;4285;169048;0.025347830202072784
36氪;142;945;1087;169048;0.006430126354644835
珍妮财经;43;6519;6562;169048;0.03881737731295253
百度;943;4793;5736;169048;0.03393119114097771
百度;197;17000;17197;169048;0.10172850314703516
心思书院;785;3051;3836;169048;0.022691779849510197
设计王老板;316;399;715;169048;0.004229567933368037
夏哥说创业;1463;2119;3582;169048;0.021189248024229803
主持人阿喆;1568;13000;14568;169048;0.08617670720742038
元宇宙日爆;143;476;619;169048;0.0036616818891675737
时代财经;29;236;265;169048;0.0015676021011783636
拔草仙姬;6;43;49;169048;0.00028985850172732005
环球Tech;3;538;541;169048;0.003200274478254697
dtc;1398;17000;18398;169048;0.10883299417916804
百度AI;68;50;118;169048;0.0006980265959964034
小白姐姐说;90;325;415;169048;0.002454924045241588
沐风侃大山;3694;12000;15694;169048;0.09283753726752166
蜡笔爱小鑫;45;332;377;169048;0.002230135819412238
码乐;15;98;113;169048;0.0006684491978609625
GPT研究员;71;283;354;169048;0.0020940797879892103
萤火虫娱乐;75;16000;16075;169048;0.09509133500544224
每日娱乐圈;10;4722;4732;169048;0.027992049595381194
菠萝头娱乐;24;6201;6225;169048;0.036823860678623824
许诺一丫;56;71;127;169048;0.0007512659126401969
百度;278;1178;1456;169048;0.008612938337040367
Ai驯化师;6;13;19;169048;0.00011239411291467512
希加加;8;105;113;169048;0.0006684491978609625
芒着摸娱;12;7162;7174;169048;0.04243765084473049
爆姐娱乐;24;332;356;169048;0.0021059107472433864
程序员鹤涵;65;80;145;169048;0.0008577445459277838
小影娱乐;23;5346;5369;169048;0.031760210117836356
圈内抹茶酱;390;6455;6845;169048;0.04049145804741849
蓝鲸TMT;3732;5985;9717;169048;0.05748071553641569
星娱BANANA;21;3290;3311;169048;0.019586153045288913
雷峰网;511;2754;3265;169048;0.019314040982442857
百度智能云;6;1153;1159;169048;0.006856040887795183
韩饭桶;3570;140000;143570;169048;0.8492854100610477
奇点凉风吹;453;1965;2418;169048;0.01430362973829918
政协君;5;197;202;169048;0.0011949268846718091
山哥随谈;376;940;1316;169048;0.007784771189248025
李大白话;257;461;718;169048;0.004247314372249302
百度AI;1;55;56;169048;0.0003312668591169372
老陈打码;26;108;134;169048;0.000792674270029814
王立东;132;1015;1147;169048;0.0067850551322701244
百度AI;5;101;106;169048;0.0006270408404713454
极客公园;182;592;774;169048;0.0045785812313662395
十八岁的85后;6;10;16;169048;9.464767403341063e-05
雷峰网;149;474;623;169048;0.0036853438076759264
量子位;24;41;65;169048;0.0003845061757607307
小小天文;58;71;129;169048;0.0007630968718943732
领讯时代文化传媒;333;768;1101;169048;0.006512943069424069
热点收音机;381;1004;1385;169048;0.008192939283517107
百度;4149;14000;18149;169048;0.1073600397520231
巨星火火;8;3584;3592;169048;0.021248402820500688
江南娱乐家;2;1239;1241;169048;0.007341110217216412
芒着摸娱;78;7917;7995;169048;0.047294259618569874
简佳人儿;1578;12000;13578;169048;0.08032038237660309
娱乐熊猫酱;7;1358;1365;169048;0.008074629690975344
文心一言;1;2;3;169048;1.7746438881264494e-05
kiki姐说商业;29;274;303;169048;0.0017923903270077137
程序喵啊喵;35;144;179;169048;0.0010588708532487815
中原网;2292;6037;8329;169048;0.04927002981401732
粗饼聊数码;48;138;186;169048;0.0011002792106383987
陈常客;2642;64000;66642;169048;0.39421939330840944
小眼儿股灰;86;223;309;169048;0.0018278832047702428
86709451;54;178;232;169048;0.0013723912734844542
文心一言;7;13;20;169048;0.00011830959254176329
弘凌的小酒馆;844;9224;10068;169048;0.059557048885523635
文心一言;7;24;31;169048;0.00018337986843973308
J.A.R.V.I.S.-GPT;661;770;1431;169048;0.008465051346363163
权永君;72;603;675;169048;0.003992948748284511
《电商》杂志社;8027;38000;46027;169048;0.27227178079598696
