label;一级评论;真实二级评论数;真实点赞数;边数;最大边数;集群密度
15;[打call][打call][打call][打call]。好久不见，七猫。七猫，果然很棒;2;0;2;57276;3.491863956980236e-05
170;对信息流广告人的要求越来越高了;1;1;2;57276;3.491863956980236e-05
172;等着看看有没有机会进入[太开心];2;0;2;57276;3.491863956980236e-05
179;我相信百度一定会做出成绩来的;1;2;3;57276;5.237795935470354e-05
183;我最信任的百度也是越来越好了。;1;1;2;57276;3.491863956980236e-05
185;百度越做越好了，真的。;1;2;3;57276;5.237795935470354e-05
190;科技感满满;4;10;14;57276;0.00024443047698861654
195;冲！;1;0;1;57276;1.745931978490118e-05
200;人工智能太厉害了;6;10;16;57276;0.00027934911655841887
207;相信我们国今后的发展会越来越好，越来越强盛;6;9;15;57276;0.00026188979677351773
214;相信百度应该会发展得越来越棒[打call];1;2;3;57276;5.237795935470354e-05
216;百度在自然语言处理领域有着深厚的底蕴和积累;1;0;1;57276;1.745931978490118e-05
219;相信百度会发展的越来越好;1;1;2;57276;3.491863956980236e-05
232;现在越来越科技化了，时代进步飞速;1;0;1;57276;1.745931978490118e-05
235;希望百度的文言一心可以成功;1;1;2;57276;3.491863956980236e-05
241; 希望百度的文言一心可以成功;1;1;2;57276;3.491863956980236e-05
243;因为政策将带动国内Ai产业发展[小红花];1;1;2;57276;3.491863956980236e-05
247;AI智能会越来越强大的啊[good];3;8;11;57276;0.00019205251763391298
251;人工智能太厉害了;1;5;6;57276;0.00010475591870940707
253;对未来来说，又是一次新突破！;2;2;4;57276;6.983727913960472e-05
261;期待更多新的应用出来;1;1;2;57276;3.491863956980236e-05
272;文心一言哪怕不完美，但对我国的ai发展和国际数据争夺有重大战略意义！;15;18;33;57276;0.0005761575529017389
288;新政策扶持AI产业会给我们带来更多精彩;9;17;26;57276;0.0004539423144074307
298;科技的发展带动了我们全国的经济;2;7;9;57276;0.00015713387806411063
432;形象的用梅西的盘带射门举例很易懂[666][666];5;1;6;57276;0.00010475591870940707
438;这个比喻一下子就让人很清晰了，就是希望可以做到;1;2;3;57276;5.237795935470354e-05
449;话说这样子的解释真的是清晰明了的啊，让我一听就明白了啊;3;1;4;57276;6.983727913960472e-05
453;这个比喻倒是挺靠谱的，就是不知道具体能做成什么样[挖鼻];7;10;17;57276;0.00029680843634332006
461;就很好奇到底能够做成什么样子的就已经在期待着最后的成果;2;7;9;57276;0.00015713387806411063
497;部长用梅西的盘带射门举例很形象易懂了，期待我国的领域成果更上一层楼[打call];1;3;4;57276;6.983727913960472e-05
499;我觉得是可以呈现出更好的效果的，有些期待呢;4;9;13;57276;0.00022697115720371534
513;AI技术发展也不是一蹴而就的，已经研究了很多年了;2;1;3;57276;5.237795935470354e-05
517;要发展到理想状态，还是需要一些时间，大家拭目以待吧;2;2;4;57276;6.983727913960472e-05
520;感谢这么多科技人员默默的付出和努力，一起期待吧[爱你];1;1;2;57276;3.491863956980236e-05
558;我感觉人工智能会越，来越发达;1;1;2;57276;3.491863956980236e-05
560;希望大家有一个自己的认知，自己的了解，不要被盲目带偏。[打call];1;0;1;57276;1.745931978490118e-05
562;有时候回答过来的，真的是哭笑不得呀[允悲];1;0;1;57276;1.745931978490118e-05
574;确实是应该对中华文化和语言都有着独特的理解和解读，很重要的;5;16;21;57276;0.0003666457154829248
581;期待未来能够更好地造福人类;6;19;25;57276;0.0004364829946225295
590;不得不说我们中国文化有着独特的深度的理解;1;2;3;57276;5.237795935470354e-05
595;这技术看起来很有难度，那就期待了加油;1;0;1;57276;1.745931978490118e-05
607;确实是不容易，不过还是希望能够有生成式AI产品的出现;1;6;7;57276;0.00012221523849430827
609;确实非常的占优势，吸引了更多的用户很不错。;5;12;17;57276;0.00029680843634332006
615;我觉得未来的AI技术一定会普及到生活上面来[打call];2;9;11;57276;0.00019205251763391298
618;这样的优势还是很难得的，会越来越好的;2;6;8;57276;0.00013967455827920943
621;非常期待国产chatGpt面市，但是研发出来也不是一朝一夕的啊;1;1;2;57276;3.491863956980236e-05
633;生成式AI产品的研发还需要多年技术的沉淀，不停的进化啊;1;1;2;57276;3.491863956980236e-05
637;希望人工智能技术越来越好，带给我们更多的惊喜;1;0;1;57276;1.745931978490118e-05
639;期待一下未来人工智能的发展趋势，还是值得我们一起期待的;3;5;8;57276;0.00013967455827920943
643;我觉得智能AI技术会发展的越来越好;4;7;11;57276;0.00019205251763391298
648;非常期待国产chatGpt面市，但是研发出来也不是一朝一夕的;1;2;3;57276;5.237795935470354e-05
653;这个感觉真的很不错呀;1;2;3;57276;5.237795935470354e-05
659;生成式AI产品的研发还需要多年技术的沉淀，不停的进化啊;1;3;4;57276;6.983727913960472e-05
663;确实让人值得期待，而且他的技术程度也挺不错的。;6;7;13;57276;0.00022697115720371534
670;确实不是一朝一夕就能够发展好的一定是经过沉淀的[打call];1;6;7;57276;0.00012221523849430827
672;非常期待国产chatGpt面市，但是研发出来也不是一朝一夕的;1;1;2;57276;3.491863956980236e-05
680;生成式AI产品的研发还需要多年技术的沉淀，不停的进化啊;1;0;1;57276;1.745931978490118e-05
684;AI技术也在一朝一夕的突破离不开科研人员背后的付出。;4;8;12;57276;0.00020951183741881415
689;希望不停的进化不停的升级一定会越来越好。;3;7;10;57276;0.0001745931978490118
693;科技在不断的发展，人工智能也是，未来一定会发展的越来越好;1;3;4;57276;6.983727913960472e-05
703;生成式AI产品的研发需要基于多年技术的沉淀，不停的进化啊;1;2;3;57276;5.237795935470354e-05
706;我也相信，随着时间和技术的成熟会越来越好的。;7;11;18;57276;0.00031426775612822125
714;科技在不断的发展，相信未来人工智能技术一定会发展的越来越好的;3;8;11;57276;0.00019205251763391298
718;生成式AI产品的研发需要基于多年技术的沉淀，不停的进化啊;1;2;3;57276;5.237795935470354e-05
731;非常期待国产chatGpt面市，但是研发出来也不是一朝一夕的;1;1;2;57276;3.491863956980236e-05
735;我也相信他会带给我们很多很多意想不到的惊喜。;6;14;20;57276;0.0003491863956980236
742;我觉得这个真的意想不到好期待啊;1;8;9;57276;0.00015713387806411063
745;以后一定会有意想不到的惊喜的，发展的越来越好了;1;1;2;57276;3.491863956980236e-05
756;非常期待国产chatGpt面市，但是研发出来也不是一朝一夕的啊;1;2;3;57276;5.237795935470354e-05
758;生成式AI产品的研发还需要多年技术的沉淀，不停的进化啊;1;1;2;57276;3.491863956980236e-05
761;我也是很看好它啊，应该会非常的出色。加油吧;4;9;13;57276;0.00022697115720371534
766;科技在不断的发展，让我们期待一下未来人工智能的发展趋势;2;4;6;57276;0.00010475591870940707
769;非常期待国产chatGpt面市，但是研发出来也不是一朝一夕的;1;2;3;57276;5.237795935470354e-05
772;感觉最近几年科技发展真的好快，总觉得ai快替代普通人[笑cry];1;0;1;57276;1.745931978490118e-05
779;生成式AI产品的研发还需要多年技术的沉淀，不停的进化啊;1;2;3;57276;5.237795935470354e-05
782;原来生成式的AI这么难，做出来真的太不容易了;1;2;3;57276;5.237795935470354e-05
785;还是海信视像、美的，TCL、跑得快，总是能抓住新机。;2;0;2;57276;3.491863956980236e-05
791;这很值得好好关注一下啊;1;0;1;57276;1.745931978490118e-05
793;这混战真的是太精彩了呀！[允悲];1;0;1;57276;1.745931978490118e-05
795;真的是要卷起一股AI风了;1;0;1;57276;1.745931978490118e-05
797;现在竞争力也是非常大的呀;1;0;1;57276;1.745931978490118e-05
799;资本的世界我们不懂啊[笑cry];1;0;1;57276;1.745931978490118e-05
808;携程做的真的是特别好，最近;1;0;1;57276;1.745931978490118e-05
810;经济已经回暖了，我媳妇天天嚷着要和我出去玩;1;0;1;57276;1.745931978490118e-05
812;走 来一场说走就走的旅行[嘻嘻][嘻嘻][嘻嘻];2;0;2;57276;3.491863956980236e-05
815;最近我也在考虑要去哪里玩呀;1;0;1;57276;1.745931978490118e-05
817;昙花一现。;1;1;2;57276;3.491863956980236e-05
837;持续关注更好的发展，认真跟着老师的步伐，不骄不躁[嘻嘻][嘻嘻];1;0;1;57276;1.745931978490118e-05
839;收评还是出来了;1;0;1;57276;1.745931978490118e-05
853;看到老师的收评，心里就有底了[鲜花][鲜花];1;0;1;57276;1.745931978490118e-05
863;半边天[good];6;9;15;57276;0.00026188979677351773
870;百度真的太牛了，一定会发展越来越好;3;5;8;57276;0.00013967455827920943
874;不错[打call];2;5;7;57276;0.00012221523849430827
878;百度真的做的很不错哦[心];1;1;2;57276;3.491863956980236e-05
880;国内发展现在可以的不比外面差;1;0;1;57276;1.745931978490118e-05
888;科蓝软件怎么看;1;0;1;57276;1.745931978490118e-05
900;百度文心一言首批生态合作伙伴不少吧[允悲];1;0;1;57276;1.745931978490118e-05
942;希望中国能更加繁荣富强;7;11;18;57276;0.00031426775612822125
950;赶上还得需要一段时间;1;5;6;57276;0.00010475591870940707
952;国产技术放心 值得给赞;1;1;2;57276;3.491863956980236e-05
961;还是国外的更胜一筹啊[打call];14;14;28;57276;0.0004888609539772331
976;好厉害啊，高科技;8;18;26;57276;0.0004539423144074307
986;满满的科技感啊  真的越来越厉害了;1;1;2;57276;3.491863956980236e-05
988;文心一言的发展会越来越好，衷心祝福。;1;2;3;57276;5.237795935470354e-05
991;Al科技的进步将会带领我们中国进入新的领域;1;2;3;57276;5.237795935470354e-05
1010;这个确实我们没有国外强;3;4;7;57276;0.00012221523849430827
1016;这个是大概率的，越是大家不关注，媒体不报道，越容易无声处起惊雷，科技这个领域闹闹腾腾的，聚光灯下的最后都会失望。;1;8;9;57276;0.00015713387806411063
1043;哇噢很棒;1;1;2;57276;3.491863956980236e-05
1062;元隆雅图肯定会给予更加优秀的成果;4;21;25;57276;0.0004364829946225295
1067;让我们大家一起期待 http://t.cn/A6CCi7gE;3;20;23;57276;0.00040156435505272716
1072;期待内测成功后开放的那一天 http://t.cn/A6C0rtAd;5;21;26;57276;0.0004539423144074307
1078;后面肯定会让我们看到精彩的一面;3;13;16;57276;0.00027934911655841887
1082;内测后的公开肯定让人感到骄傲兴奋 http://t.cn/A6qeQGEl;2;8;10;57276;0.0001745931978490118
1085;百度智能云今后有更丰富的领域 http://t.cn/A6C0rlN2;1;9;10;57276;0.0001745931978490118
1087;定能给出满意的营销方案 http://t.cn/A6C0rCfw;1;8;9;57276;0.00015713387806411063
1147;超级期待他能给我们带来什么样子的作品了呀[鼓掌][鼓掌][鼓掌];20;21;41;57276;0.0007158321111809484
1168;真的是双厨狂喜[打call][打call]这首歌太好听了 旋律好棒;9;20;29;57276;0.0005063202737621343
1178;文心一格真的给我们带来太多的惊喜了！这个AI图片的生成简直让我觉得太好玩儿了;3;17;20;57276;0.0003491863956980236
1182;这个技术支持确实是有点牛了呀[good][good][good];1;5;6;57276;0.00010475591870940707
1186;背后不断升级的文心大模型技术真是让人拭目以待呢;1;3;4;57276;6.983727913960472e-05
1212;AI与音乐的交融，为观众带来了更强烈的视觉效果。;1;1;2;57276;3.491863956980236e-05
1214;现在的AI科技也可以融入到音乐当中真的是相得益彰;1;1;2;57276;3.491863956980236e-05
1216;AI发展势不可挡，mv中的原画部分由AI绘画技术支持，做的很棒;1;1;2;57276;3.491863956980236e-05
1218;说唱风格很有一种国泰民安的感觉，音乐中加入的现代科技满满的;1;1;2;57276;3.491863956980236e-05
1222;真是绝了yyds;1;6;7;57276;0.00012221523849430827
1224;文心一格[打call][打call][打call];1;6;7;57276;0.00012221523849430827
1226;中国风的百度ai视频有点意思;1;6;7;57276;0.00012221523849430827
1228;中国的未来一定越来越好 驶向春天了;1;6;7;57276;0.00012221523849430827
1230;让我们倾心拥抱未来！;1;5;6;57276;0.00010475591870940707
1242;光环也走好了;1;0;1;57276;1.745931978490118e-05
1244;传媒板块拿了广电网络，也有算力概念[喵喵];1;0;1;57276;1.745931978490118e-05
1257;gpt3.5 turbo 开放接口了, 百度在外面做个壳就好了. 申请项目预算100亿,实际花费100万,开个200亿的发票,大家都开心;1;19;20;57276;0.0003491863956980236
1292;未来生活一定会因为智能技术越来越好的;6;14;20;57276;0.0003491863956980236
1299;不得不说，中国的智能技术发展的越来越快了[666];2;10;12;57276;0.00020951183741881415
1302;AI产品为我们的生活也带来了更多的便利 相信不久的将来会越来越厉害;1;8;9;57276;0.00015713387806411063
1312;让人眼前一亮的国风画面，让我们一起期待未来有更多应用场景;1;2;3;57276;5.237795935470354e-05
1314;非常期待16号即将发布的生成式AI产品的表现了;1;2;3;57276;5.237795935470354e-05
1318;一起去期待一下吧 可以好好关注一下了;2;3;5;57276;8.72965989245059e-05
1321;共创的AI说唱也是一种全新的体验形式，很有创意;1;3;4;57276;6.983727913960472e-05
1369;AI真的太厉害了，前几天还看到虚拟主播，跟真人一样[允悲];1;2;3;57276;5.237795935470354e-05
1371;相信一定会更上一层楼的[赞][赞][赞];3;6;9;57276;0.00015713387806411063
1375;肯定会的 让我们一起来期待一下吧[打call];3;3;6;57276;0.00010475591870940707
1379;肯定会带给我们更多的惊喜的，让人充满了期待;2;0;2;57276;3.491863956980236e-05
1389;我也相信中国的技术会越来越棒的;1;0;1;57276;1.745931978490118e-05
1421;未来生活一定会因为智能技术越来越好的;4;6;10;57276;0.0001745931978490118
1427;添加了很多新型元素感觉特别有科技含量[666];2;5;7;57276;0.00012221523849430827
1432;科技改变我们的生活，AI产品方便我们的生活，相信以后都会越来越好[/cp];1;1;2;57276;3.491863956980236e-05
1435;没想到还有这样的梦幻联动，非常有新意的共创;1;1;2;57276;3.491863956980236e-05
1440;AI技术正在慢慢的改变起来，让我们一起期待吧。;6;12;18;57276;0.00031426775612822125
1447;技术发展推动文心一言这一类AI得发展，真的令人期待;1;9;10;57276;0.0001745931978490118
1449;看起来就很有吸引力，这样的实力还是很到位的，期待更多精彩;1;1;2;57276;3.491863956980236e-05
1451;没想到还有这样的梦幻联动，非常有新意的共创;1;2;3;57276;5.237795935470354e-05
1462;让人眼前一亮的国风画面，让我们一起期待未来有更多应用场景;1;1;2;57276;3.491863956980236e-05
1465;唱响了年轻一代热血拼搏、实现人生价值的旋律;1;0;1;57276;1.745931978490118e-05
1467;16号发布，让我们期待一下文心一言给我们带来什么样的惊喜;7;16;23;57276;0.00040156435505272716
1475;新的征程让我们一起驶向春天吧，期待一下;3;12;15;57276;0.00026188979677351773
1479;越来越多具备独特价值和独立视角的内容正不断涌现[心][心][心][心];1;11;12;57276;0.00020951183741881415
1481;真的感觉智能ai技术发展的太迅速了[666];1;3;4;57276;6.983727913960472e-05
1497;这次合作很棒，非常期待16号即将发布的生成式AI产品的表现了;2;2;4;57276;6.983727913960472e-05
1502;智能技术的发展可以让我们看到更多新鲜事物;1;3;4;57276;6.983727913960472e-05
1504;💌花已开，春已至，人生总有不期而遇的温暖，也会有生生不息的希望;3;9;12;57276;0.00020951183741881415
1508;每一次听到都会让人觉得有不一样的力量感，而且他的声音也是特别的有磁性;2;7;9;57276;0.00015713387806411063
1511;这个技术真的是超级的牛了呀，让我们一起期待一下;1;2;3;57276;5.237795935470354e-05
1522;我也是期待生产式AI产品文心一言的发布了。;6;16;22;57276;0.00038410503526782597
1529;真的是梦幻联动了呀，让我们一起期待一下;3;12;15;57276;0.00026188979677351773
1533;AI技术正在慢慢的崛起，让我们一起加油！;2;10;12;57276;0.00020951183741881415
1537;一起驶向春天吧[打call]向前冲冲冲，真的很有干劲呀;1;3;4;57276;6.983727913960472e-05
1548;画风很好看，非常期待即将发布的生成式AI产品的表现了;1;3;4;57276;6.983727913960472e-05
1555;这个mv运用了高科技 画面清新了然 期待文心一言的出场[哇];1;1;2;57276;3.491863956980236e-05
1557;让我们一起期待一下吧，这项技术确实是很牛[doge][doge][doge];6;13;19;57276;0.00033172707591312244
1564;产业级知识的增强可以让我们获得更多的知识财富;4;8;12;57276;0.00020951183741881415
1570;没想到还有这样的梦幻联动，非常有新意的共创;2;4;6;57276;0.00010475591870940707
1586;眼前一亮的国风画面，展示了中国AIGC的技术实力[送花花];4;7;11;57276;0.00019205251763391298
1591;说的没错，未来的发展一定会越来越好的[打call];2;7;9;57276;0.00015713387806411063
1594;添加了很多新型元素感觉特别有科技含量[666];1;4;5;57276;8.72965989245059e-05
1599;确实啊，越来越多具备独特价值和独立视角的内容正不断涌现[二哈];1;2;3;57276;5.237795935470354e-05
1605;让我们一起期待一下，文心一言会带来怎么样的惊喜;3;8;11;57276;0.00019205251763391298
1609;待到春花烂漫时，我们携手投身新征程;2;8;10;57276;0.0001745931978490118
1613;没想到还有这样的梦幻联动，非常有新意的一次共创;1;2;3;57276;5.237795935470354e-05
1616;太喜欢这种画面的生成了感觉特别有创意;1;2;3;57276;5.237795935470354e-05
1624;非常期待16号即将发布的生成式AI产品的表现了啊;1;2;3;57276;5.237795935470354e-05
1642;博主，百度文心你们内测效果怎么样？和chatgpt比较，网上大家好像都不信百度能做的好。;1;0;1;57276;1.745931978490118e-05
1644;多大;1;0;1;57276;1.745931978490118e-05
1689;AI技术的应用场景还是蛮多的;15;41;56;57276;0.0009777219079544661
1705;你们平时接触过Ai产品么;20;55;75;57276;0.0013094489838675885
1726;羡慕;2;40;42;57276;0.0007332914309658496
1729;AI写作也太强了，能不能让他帮我写一篇作文[笑cry];4;10;14;57276;0.00024443047698861654
1734;国内的AI技术相比国外还是差了点，这一块还需重视;1;1;2;57276;3.491863956980236e-05
1736;AI技术是越来越厉害了，佩服;5;9;14;57276;0.00024443047698861654
1746;当科技发展到一定程度，就跟魔法一样了吃惊;1;4;5;57276;8.72965989245059e-05
1748;国内AI技术到底发展到哪里了;1;0;1;57276;1.745931978490118e-05
1750;确实对我们挺有帮助的感觉不错;1;0;1;57276;1.745931978490118e-05
1789;你们平时接触过Ai产品么我没有;1;1;2;57276;3.491863956980236e-05
1810;从行业的先进性来说，百度文心确实挺强。;8;13;21;57276;0.0003666457154829248
1819;Al现在真的好强大，这个绘画功能太强大了;2;4;6;57276;0.00010475591870940707
1828;要想变成大国，科技发展不可缺。;10;17;27;57276;0.0004714016341923319
1839;我想说真的是未来可期的;1;2;3;57276;5.237795935470354e-05
1850;应该是3月17日公布，不是3月10日吧！！！;1;0;1;57276;1.745931978490118e-05
1864;技术的提升对我们国家的发展有很大帮助啊;6;15;21;57276;0.0003666457154829248
1871;听着太热血凤凰传奇真的是传奇;1;1;2;57276;3.491863956980236e-05
1873;听着太热血了，还得是凤凰传奇啊[赞];1;2;3;57276;5.237795935470354e-05
1876;听着凤凰传奇的歌长的，很喜欢他们;1;1;2;57276;3.491863956980236e-05
1883;凤凰传奇的歌真的好好听呀[打call];1;0;1;57276;1.745931978490118e-05
1888;能否一元化，是决定最终胜负的标志。;2;1;3;57276;5.237795935470354e-05
1891;这是new bing写的 http://t.cn/A6CYeEsP;2;1;3;57276;5.237795935470354e-05
1894;即将发布，那是要等多长时间？[允悲];2;2;4;57276;6.983727913960472e-05
1897;有共同点：写得都不好。;1;2;3;57276;5.237795935470354e-05
1899;最大的问题就是不平衡，换言之只讲好处和优点的写法，不符合唯物主义辩证法的方法论。;1;1;2;57276;3.491863956980236e-05
1901;都有各自的独特性，两者不言而喻。;1;0;1;57276;1.745931978490118e-05
1903;这个妖精还设计的真的是特别独特。[可爱];1;0;1;57276;1.745931978490118e-05
1924;中国的产品永远在抄袭;4;2;6;57276;0.00010475591870940707
1933;搞好AI，走自己的路就成了;1;0;1;57276;1.745931978490118e-05
1951;刚刚登了下chatgpt，提示说at capacity，用不了;1;0;1;57276;1.745931978490118e-05
1955;发布会还需要彩排吗，百度文心这次真的是背水一战;5;20;25;57276;0.0004364829946225295
1961;非常看好百度文心呀，加油，你们;2;5;7;57276;0.00012221523849430827
1964;觉得这个消息应该不是真的，应该是假的[打call];1;1;2;57276;3.491863956980236e-05
1966;感觉这个消息是假的不是真的[打call];1;0;1;57276;1.745931978490118e-05
1968;百度只会只会打广告其他一事无成;2;30;32;57276;0.0005586982331168377
1971;帮你们都想好了，充会员才能无限聊天，非会员只能聊10条[doge][doge][doge];4;21;25;57276;0.0004364829946225295
1976;本来想注册chatgpt，被告知中国用户不允许注册，所以百度才是我们真正可以依赖的ai系统;1;8;9;57276;0.00015713387806411063
1979;问问文心，莆田医院靠谱不;1;8;9;57276;0.00015713387806411063
1985;真不用拿ChatGPT来对标，网友都是很宽容的，会允许文心一言存在差距的，毕竟是刚刚推出来，肯定会存在一些不足之处。;1;3;4;57276;6.983727913960472e-05
1987;硬件都没有但硬吹，如同一个太监鼓吹自己是鸭王。;2;9;11;57276;0.00019205251763391298
2023;app？没搜到;2;10;12;57276;0.00020951183741881415
2027;蚌埠住了，没看到这是chatgpt嘛[允悲][允悲][允悲]一个个说人工顶着的是啥意思;3;11;14;57276;0.00024443047698861654
2057;感觉广告会比较多;1;0;1;57276;1.745931978490118e-05
2062;人家都还没上市，你这就在黑人家[二哈];1;7;8;57276;0.00013967455827920943
2064;铭感词汇太多，没法搞，要不阉割版;5;28;33;57276;0.0005761575529017389
2088;图片评论 http://t.cn/A6CQQOur;1;0;1;57276;1.745931978490118e-05
2102;见光死，明天就结束了;5;38;43;57276;0.0007507507507507507
2136;把这个发给他，估计能记住[允悲] http://t.cn/A6CTt6ZP;1;1;2;57276;3.491863956980236e-05
2142;棒;1;0;1;57276;1.745931978490118e-05
2157;我挺期待百度文心一言的，但如果说和openai是否会有差距，我觉得概率不小，不过还是要看今天发布会，gpt对全世界所有人来说竞争力都空前的。QwQ希望百度可以研究一下意识，或许胜算会大很多!;2;7;9;57276;0.00015713387806411063
2160;我有一个世纪大发现不知道大家是否愿意听，我有办法和已去的人对话。真的，我连续几个月听100分贝音箱发出的音乐，被音乐的震动波致脑鸣，但就是脑鸣让我发现我们的潜意识我们的大脑还有别的意识体，她们使用我们的大脑发出脑电波会打断脑鸣转换成心念如同玩乐器一般和我们心里想的声音一模一样有投稿;4;3;7;57276;0.00012221523849430827
2469;不能吧那么low？段子吧;1;1;2;57276;3.491863956980236e-05
2471;也不是不行，不过百度得先发明脑电波输入法，要不然时间太短了来不及打字[偷笑];1;2;3;57276;5.237795935470354e-05
2477;战得过吗;2;0;2;57276;3.491863956980236e-05
2480;已经吹到第四次工业革命了;1;1;2;57276;3.491863956980236e-05
2482;可以下注了吗[笑cry];1;0;1;57276;1.745931978490118e-05
2496;会直播吗？想听听行业大佬聊天[打call];1;0;1;57276;1.745931978490118e-05
2499;出来个贴吧杠精就搞笑了;2;1;3;57276;5.237795935470354e-05
2502;朋友什么成分？希望你笑出自信，笑出强大。百度这个文心一言是个什么水平大家心里都有数。;25;109;134;57276;0.0023395488511767583
2528;[微笑]讲个笑话，百度实力;6;30;36;57276;0.0006285355122564425
2535;大家可能只是看不惯百度;4;23;27;57276;0.0004714016341923319
2543;当我们网民瞎是吧[打call]百度什么样我们用了那么多年不知道?你来给他搬虚空荣誉呢?;3;9;12;57276;0.00020951183741881415
2547;啊。。。。。。你这真的有点搞笑。。啥叫不重视，百度现在那一个能拿出手，移动互联网全面落后不为过吧;3;7;10;57276;0.0001745931978490118
2551;可以感受下…从答案上来说文心真的有种迷之局限。我不能忽略的是我们总“慢一步”，却又没有超越，所以吐槽太正常了，但还是希望能越来越好吧 http://t.cn/A6CEMi03;2;0;2;57276;3.491863956980236e-05
2554;哈，据说室温超导阿三的样品丢了。;1;12;13;57276;0.00022697115720371534
2556;那个chatgpt，问它一本正经的问题还好，问它诸如林黛玉为啥喜欢孙悟空这种就一本正经胡说八道孙悟空多么好，问到它不知道的也不回答不知道瞎编，问某公司总经理是谁也给你编了个名字;10;1;11;57276;0.00019205251763391298
2567;谷歌都不行，百度一个卖假药假医院广告的，能有什么出息。。。;6;18;24;57276;0.0004190236748376283
2574;真不是笑百度，就搜索引擎和谷歌对比下，你就知道差距在哪。。。哦，抱歉，百度不该叫搜索引擎，叫广告引擎。;2;11;13;57276;0.00022697115720371534
2611;希望等文心出来你还能这么自信，百度要技术没技术，要硬件没硬件，要良心没良心，要数据没数据，不可能训出来的[允悲];2;2;4;57276;6.983727913960472e-05
2620;百度是哪盘菜啊，就他那个小样，不怪大家看不起他;1;2;3;57276;5.237795935470354e-05
2625;2023年2月20日，北京人寿宣布接入百度“文心一言”，通过百度智能云接入并应用“文心一言”的能力，将打造更为丰富、个性化的智能保险服务。此举标志着对话式语言模型技术百度“文心一言”在国内保险行业首批落地。;13;9;22;57276;0.00038410503526782597
2639;感谢分享。;1;0;1;57276;1.745931978490118e-05
2641;非常期待这场发布会;1;0;1;57276;1.745931978490118e-05
2643;不错不错;1;0;1;57276;1.745931978490118e-05
2645;支持一个。;1;0;1;57276;1.745931978490118e-05
2658;所以人家是Ai回复，百度是人工回复么[doge];3;36;39;57276;0.0006809134716111461
2662;连夜修改PPT[二哈][二哈];1;13;14;57276;0.00024443047698861654
2664;真是辛苦了还要连夜的修改;1;2;3;57276;5.237795935470354e-05
2666;真的没有想到正好赶到百度文心一言的发布。[允悲];1;0;1;57276;1.745931978490118e-05
2668;这必须要加班修改。[doge];1;3;4;57276;6.983727913960472e-05
2670;用Chat GPT改ppt 很快的;3;33;36;57276;0.0006285355122564425
2674;没事，接入chatgpt的API即可[doge];1;14;15;57276;0.00026188979677351773
2697;顶上！;1;1;2;57276;3.491863956980236e-05
2699;说实话 敢叫板已经很不错了;1;1;2;57276;3.491863956980236e-05
2711;为什么会有人觉得百度用微信聊天[汗]这张图还能到处发;1;2;3;57276;5.237795935470354e-05
2713;👍👍;1;0;1;57276;1.745931978490118e-05
2715;都是大人物;1;0;1;57276;1.745931978490118e-05
2717;不错不错;1;0;1;57276;1.745931978490118e-05
2719;感谢分享。;1;0;1;57276;1.745931978490118e-05
2732;有3的水平就不错了。3就别想了，实际可能也就2到3之间。;1;0;1;57276;1.745931978490118e-05
2734;指数跌我们跑不掉，指数涨跟我们没关系[允悲];1;6;7;57276;0.00012221523849430827
2787;你号危险[二哈];1;2;3;57276;5.237795935470354e-05
2798;如果马上推出的文心是laji桶的话，那还没出的那些大厂是不是几坨答辩了？？？ http://t.cn/A6CjYVvJ;6;24;30;57276;0.0005237795935470355
2805;看到图，慕名而来打卡[哈哈];4;0;4;57276;6.983727913960472e-05
2812;差距有这么大吗？;2;0;2;57276;3.491863956980236e-05
2815;有必要挖苦吗？当初特斯拉很牛，慢慢国产也追上来了。;8;0;8;57276;0.00013967455827920943
2850;高级程序员估计还替代不了 http://t.cn/A6Cj95pF;8;9;17;57276;0.00029680843634332006
2859;知识图谱导入难度在哪[污];6;4;10;57276;0.0001745931978490118
2866;普通程序员该怎么办。。。;6;5;11;57276;0.00019205251763391298
2873;不是说百度要后台全员加班么[偷笑];3;3;6;57276;0.00010475591870940707
2877;笑死 openai眼里根本没有百度;1;60;61;57276;0.001065018506878972
2880;感觉后边有一股资本的力量;2;1;3;57276;5.237795935470354e-05
2884;预计百度可能推迟发布[二哈];1;2;3;57276;5.237795935470354e-05
2887;srds百度。。。OpenAI有必要在意它吗;1;1;2;57276;3.491863956980236e-05
2908;第二张聊天截图也太假了吧，哪个工作群说三句话把特么公司，产品大名都写出来，生怕别人不知道这个公司的[黑线];1;7;8;57276;0.00013967455827920943
2956;百度一般用如流。;3;59;62;57276;0.001082477826663873
2984;那个啥。。。百度内部工作上的沟通是不会用微信的;1;17;18;57276;0.00031426775612822125
2990;百度现在能拿得出手的、比较出名的估计也就是百度地图了[允悲];10;40;50;57276;0.000872965989245059
3009;1.5~2年的差距在那摆着;1;0;1;57276;1.745931978490118e-05
3019;而现在new bing在锅内已经被墙了;2;3;5;57276;8.72965989245059e-05
3026;@白岚绒球 绝了，百度：听我说，谢谢你;2;0;2;57276;3.491863956980236e-05
3037;所以这也是我们自己研发的人工智能吗？;2;6;8;57276;0.00013967455827920943
3040;我还是蛮期待的 在线等一下发布会;4;3;7;57276;0.00012221523849430827
3047;人工智能的发展可谓是越发的强大，估计会有不一样的惊喜;2;1;3;57276;5.237795935470354e-05
3051;百度也有新品发布了，这波发布会蹲一波了;1;0;1;57276;1.745931978490118e-05
3076;哥 看看中药像不像鸭头;3;0;3;57276;5.237795935470354e-05
3080;然而我还没用上[裂开];2;0;2;57276;3.491863956980236e-05
3089;这么厉害，我可真的是没有想到的。[允悲];1;0;1;57276;1.745931978490118e-05
3091;处理万字文档都是基本的操作;1;0;1;57276;1.745931978490118e-05
3093;这样的速度也真的是太快了。[太开心][太开心][太开心];1;0;1;57276;1.745931978490118e-05
3095;这次觉得确实有点强了十秒就能做出网站[心];1;0;1;57276;1.745931978490118e-05
3097;真的是有一点创业天花板啊[心];1;0;1;57276;1.745931978490118e-05
3104;没事，就当给百度预热了[doge];1;0;1;57276;1.745931978490118e-05
3108;只是字数超过2.5w都秒杀全部翻译网页了;1;0;1;57276;1.745931978490118e-05
3111;说是360的比百度的强，有游资提前去用过了;3;0;3;57276;5.237795935470354e-05
3120;科大讯飞您怎么看呢？;1;0;1;57276;1.745931978490118e-05
3122;KEY ACH好菜哟;1;0;1;57276;1.745931978490118e-05
3132;现在尤其期待百度的文心一言;1;7;8;57276;0.00013967455827920943
3134;openAI显然实现了逻辑推理引擎，这就是谷歌也搞不懂的东西;1;0;1;57276;1.745931978490118e-05
3137;国内就没有一个能打的吗[草泥马];1;1;2;57276;3.491863956980236e-05
3141;现在还是基于现有数据和现有规则，如果哪天能做科研，研究，出第一个科学原理，技术或创新产品时，才是AI真正的转折点。;1;0;1;57276;1.745931978490118e-05
3148;百度忙乎了半天无人驾驶，还不如搞这个[doge];1;3;4;57276;6.983727913960472e-05
3153;目前订阅了ChatGPT plus已经可以使用GPT-4了，但是有4小是100条的限制。;3;1;4;57276;6.983727913960472e-05
3157;什么时候能开放普通用户体验啊，真的很想体验下[作揖][作揖][作揖];1;4;5;57276;8.72965989245059e-05
3161;你需要告诉他是百度李彦宏 限定下;1;0;1;57276;1.745931978490118e-05
3171;世界一流的营销号视频生成大模型[二哈];1;0;1;57276;1.745931978490118e-05
3173;行有岚图!!!;2;2;4;57276;6.983727913960472e-05
3193;好的知道了，asko不能买。;1;95;96;57276;0.0016760946993505132
3196;asko是个啥牌子;3;10;13;57276;0.00022697115720371534
3228;这都是搜索和百度文库级别就能解决的问题啊;1;13;14;57276;0.00024443047698861654
3230;你问问他，“我有一个女儿，可我又不是她的妈妈，怎么回事？”chatgpt也没答上来。;6;5;11;57276;0.00019205251763391298
3238;这玩意联网的，和chatgpt不太一样;1;0;1;57276;1.745931978490118e-05
3245;下面是AI百晓生的回复。本来是打算截图发这里的，结果跟帖时不支持图片。只能以文字方式了。 ---- （1）作为当代华人哲学家中的重要代表之一，张锦青在香港及国际哲学界享有很高的声誉。他的研究领域主要集中在伦理学、政治哲学、公共哲学等方面，对“文化批判”、“正义理论”等话题进行了深入探讨。;1;1;2;57276;3.491863956980236e-05
3251;哪里可以下载[允悲];3;0;3;57276;5.237795935470354e-05
3255;现在你收到短信了吗？;1;0;1;57276;1.745931978490118e-05
3257;虽然有差距，测试了还可以，砸钱迭代吧;1;0;1;57276;1.745931978490118e-05
3259;你给他说，因为你这玩意，百度几十亿市值没了[嘻嘻][嘻嘻];1;0;1;57276;1.745931978490118e-05
3266;第三个是什么ai?;1;0;1;57276;1.745931978490118e-05
3272;ChatGPT每天成本消耗有超过10万美元。;1;1;2;57276;3.491863956980236e-05
3277;笑死 哈哈哈哈;1;0;1;57276;1.745931978490118e-05
3279;数据是可以查到最新的吗？;2;0;2;57276;3.491863956980236e-05
3288;求分享，铁子;3;0;3;57276;5.237795935470354e-05
3300;生成张图片看看;3;0;3;57276;5.237795935470354e-05
3316;能用百度ChatPPT问出和GPT-4比谁厉害的人某种程度上也是牛的[开学季];1;11;12;57276;0.00020951183741881415
3318;这种问题太没有含金量了;3;7;10;57276;0.0001745931978490118
3322;就是，应该问：按照最近的发展趋势你觉得美国金融体系什么时候能崩溃？;2;6;8;57276;0.00013967455827920943
3329;百度真的是太逊啦，毕竟是个广告公司，咱也不能要求太高。还得是字节跳动或者华为这样技术超前技术到位，有着创新精神的企业才能担当这么重大的责任！百度还是算了吧！毕竟是个广告公司[doge];1;0;1;57276;1.745931978490118e-05
3336;那文心一言咋回答的呢？;1;1;2;57276;3.491863956980236e-05
3356;这段是文心一言生成的吗？;1;11;12;57276;0.00020951183741881415
3367;白带异常？;3;42;45;57276;0.0007856693903205531
3371;李彦宏的应急方案。 http://t.cn/A6CR727S;5;9;14;57276;0.00024443047698861654
3397;哈哈哈哈又名 cheatppt;2;0;2;57276;3.491863956980236e-05
3400;同意。但一直有个疑惑，医药合成领域之外，人工智能技术的商业变现途径是什么？;1;1;2;57276;3.491863956980236e-05
3402;不太同意模大多一些耐心的观点[允悲]资本市场是有探路作用的，给AI独角兽们融的钱也是来自资本市场，现在钱砸下去了没出结果，市场当然会焦虑了。下面的复制自雪球——GPT的逻辑，更多是技术信仰，以及运用算力进行试错与暴力破解。这再讽刺不过: 在本应是中国互联网最擅长，最内卷，最做题家的赛道;3;0;3;57276;5.237795935470354e-05
3415;“北京新的社会阶层人士联谊会”是个什么组织啊[并不简单];3;0;3;57276;5.237795935470354e-05
3419;请问哪里领取邀请码;1;0;1;57276;1.745931978490118e-05
3421;[赞][赞][赞]这么看亮三点不错，文心一言也挺好的啊;1;1;2;57276;3.491863956980236e-05
3428;单从这几个问题看，文心一言与ChatGPT难分伯仲;14;1;15;57276;0.00026188979677351773
3465;悲哀;1;1;2;57276;3.491863956980236e-05
3478;有没有推荐码[doge];1;0;1;57276;1.745931978490118e-05
3480;b站up主差评君刚刚直播对比，文心差距不小，弹幕满满的“薄纱”飘过。其中一题是:“一桶水3L，一桶水5L，如何得到一桶4L的水”，chatgpt完美解答，文心答不出来。;4;7;11;57276;0.00019205251763391298
3487;为什么产品不上线?;1;0;1;57276;1.745931978490118e-05
3497;这次的发布会真的太让我失望了，居然不是现场发布;1;0;1;57276;1.745931978490118e-05
3545;希望百度以后会越来越好吧。;1;0;1;57276;1.745931978490118e-05
3563;地区选阿美绿卡比较快吧，我一个上古用户地区一直都没改过;1;0;1;57276;1.745931978490118e-05
3567;chatPPT;1;36;37;57276;0.0006459948320413437
3575;哈哈哈哈哈哈哈哈哈哈哈哈哈哈哈哈哈哈哈哈;1;1;2;57276;3.491863956980236e-05
3580;还是有前景的吧，我觉得还是要给点时间看看;1;2;3;57276;5.237795935470354e-05
3586;你好瘦啊，##;1;0;1;57276;1.745931978490118e-05
3588;没做好，干嘛着急发布呢？发布了也不敢开放给别人用，舆论上只能看个别人试用的截图;1;0;1;57276;1.745931978490118e-05
3594;怎么就不能直接回复：“好的，到时候一定给你买”;1;0;1;57276;1.745931978490118e-05
3631;那么“枫桥模式”以及诉源治理是什么呢？小编也很好奇这个问题，“枫桥模式”以及诉源治理的相关问题就为你解答到这里。;1;10;11;57276;0.00019205251763391298
3645;别的不重要 🍉跟我分享一下 这对我很重要[单身狗] 请让我在毕业前吃到这些🍉;1;0;1;57276;1.745931978490118e-05
3650;可是这个可以设置喜欢的头像诶;1;0;1;57276;1.745931978490118e-05
3665;卖弄情怀，PUA消费者 ，虚假宣传曝光后下架了事，算了吧;7;5;12;57276;0.00020951183741881415
3673;哎呀好玩儿！;1;0;1;57276;1.745931978490118e-05
3675;牛蛙[doge];1;0;1;57276;1.745931978490118e-05
3678;只有浙江山东这种3+3的地方大家才抗拒物理化学[彩虹屁]你来福建看看，新高考以后选历史的比以前老高考选文科的还少[doge]只要让文科分数线比理科高五六十分，大家自然会去选理科[彩虹屁];7;0;7;57276;0.00012221523849430827
3687;有可能;1;0;1;57276;1.745931978490118e-05
3690;🙈🙈🙈gu p 吵得好，不用上班去打卡，不用溜须拍马，照样开着奔驰宝马，想要股票炒的好就找#龙之股涨#他的久远银海 002777 吃到了2个涨停[锦鲤附体]真的非常妖！[太开心][太开心][太开心][太开心][/cp];1;4;5;57276;8.72965989245059e-05
3694;我咋感觉这两个回答都有问题呢;1;0;1;57276;1.745931978490118e-05
3699;许老师厉害了[吃瓜] http://t.cn/A6CEtVpi;16;40;56;57276;0.0009777219079544661
3716;香港不是法外之地[doge];1;82;83;57276;0.001449123542146798
3718;许老师，您离开这里吧，去外面做一档说话的节目。这里不要抱有任何幻想;11;39;50;57276;0.000872965989245059
3731;“文心一言”…..“一言……”呵呵[笑而不语];1;25;26;57276;0.0004539423144074307
3733;许老师可以下载一个Poe，是Quora推出的继承包括chatGPT在内的诸多chatbots的app;3;17;20;57276;0.0003491863956980236
3739;这个倒不是墙的错，是openai没对中国开放，台湾也不行的;6;4;10;57276;0.0001745931978490118
3746;欧冠，拜仁要战皇马了;2;3;5;57276;8.72965989245059e-05
3751;B赶走了G，重演罢了[微笑];1;7;8;57276;0.00013967455827920943
3755;不懂的就不要乱说，香港，澳门都没法用;1;2;3;57276;5.237795935470354e-05
3757;文心一言是啥;2;0;2;57276;3.491863956980236e-05
3762;子东老师，刚看了2016年三人行你们和傅晓田的说凤姐的那期，实在是…您是否有回看过…;1;0;1;57276;1.745931978490118e-05
3765;好好呆着之前多好，非要搞那么一出，以后咋办[允悲];1;0;1;57276;1.745931978490118e-05
3789;后句话没明白许老师[允悲];1;1;2;57276;3.491863956980236e-05
3802;今天直播被掐是真的吗…;3;1;4;57276;6.983727913960472e-05
3807;遇到个傻子……[衰] http://t.cn/A6CEtOZH;1;2;3;57276;5.237795935470354e-05
3810;为什么香港用不了？;2;0;2;57276;3.491863956980236e-05
3814;为什么华为不跟上高频pwm调光？一直是1440hz;27;10;37;57276;0.0006459948320413437
3842;麒麟9000，大嘴把松山湖又捞了一遍湖底吗，又捞到一批芯片？[允悲];2;8;10;57276;0.0001745931978490118
3846;都不用说8gen2了，麒麟9000跟8＋差距也挺大的了，我是真的买不了麒麟9000的情怀了，所以我感觉华为也不会那么自讨没趣吧;1;2;3;57276;5.237795935470354e-05
3860;回收二手手机拆的9000吗[笑cry][笑cry][笑cry];1;3;4;57276;6.983727913960472e-05
3865;所以去哪里弄邀请码？;2;0;2;57276;3.491863956980236e-05
3870;5和7;1;1;2;57276;3.491863956980236e-05
3872;我觉得这个好。它说别画了，我都饿了。[哈哈][哈哈][哈哈] http://t.cn/A6CEqu93;1;0;1;57276;1.745931978490118e-05
3874;不好，没有一只是开心的;1;0;1;57276;1.745931978490118e-05
3881;确定不是LSP?文心一言还是太隐晦了，明明还是情趣博主[doge];1;4;5;57276;8.72965989245059e-05
3883;有邀请码麼;1;2;3;57276;5.237795935470354e-05
3898;老师在这方面真的是经验丰富。真的是非常的感谢#每日早盘三头牛#老师的建议。;3;5;8;57276;0.00013967455827920943
3906;你为啥讨厌百度？;2;1;3;57276;5.237795935470354e-05
3909;感觉关系有点不大，可能我不了解不懂[允悲];1;2;3;57276;5.237795935470354e-05
3912;你这种人，肯定没有用过。我真用了，差距不是很大。文心一言，用起来可以。请申请账号用下，在发表评论，百度估计昨天都大涨16%。;1;0;1;57276;1.745931978490118e-05
3917;技术含量我就佩服#高明远筹古# ，实战经验丰富还不自吹;1;2;3;57276;5.237795935470354e-05
3920;文心一言的智障修好了？昨天让它ai画图画成僵尸了快;1;1;2;57276;3.491863956980236e-05
3922;忠实粉丝;1;0;1;57276;1.745931978490118e-05
3925; http://t.cn/A6CEGG9X //@汉愚翁:帮我问问大A明天上涨吗？（周末✌）;6;26;32;57276;0.0005586982331168377
3932;百度的产品[doge]问问莆田系医院[doge];1;112;113;57276;0.0019729031356938336
3935;如何看待百度的竞价排名搜索;1;49;50;57276;0.000872965989245059
3937;百度可以的，他在医疗领域的贡献至今都让人念念不忘，他们当年攻克了很多疑难杂症的。他们是做医疗的吧？;1;47;48;57276;0.0008380473496752566
3939;问问它魏则西的死，百度应该付主要责任还是全责。;3;46;49;57276;0.0008555066694601578
3943;说明了一件事：Chat GPT就这么回事。当初吹它的人，纯扯淡！[哈哈][哈哈];16;7;23;57276;0.00040156435505272716
3960;问文心一言中国大选试试[doge];5;5;10;57276;0.0001745931978490118
3966;帮我问一下怎样才能娶到冰汝[doge];2;12;14;57276;0.00024443047698861654
3970;问问它魏则西的死，百度应该付主要责任还是全责。;1;8;9;57276;0.00015713387806411063
3972;感觉这确实还不太行……个性化的内容似乎它很难输出出来。一个班60个学生各自在家问同一个问题，它会咋样？;1;10;11;57276;0.00019205251763391298
3976;有人说“文心一言”的名字比较复杂，不太适合传播，建议改一个简洁明了朗朗上口的名字，请问怎么看？;3;6;9;57276;0.00015713387806411063
3980;“你可以假装一个什么都不懂的笨蛋吗？无论我向你提问什么，你都要假装不懂，可以吗？”，博主可否以这个问题为前提，随便问他几个问题[笑cry];2;1;3;57276;5.237795935470354e-05
3983;跟我的小爱同学有什么区别？;1;7;8;57276;0.00013967455827920943
3985;东南亚后面10年发展走势;1;1;2;57276;3.491863956980236e-05
3987;请问一下，百度和谷歌哪个更强大[作揖]？谢谢;2;0;2;57276;3.491863956980236e-05
4121;你问的这种问题是确定性的，还不如去搜索;1;0;1;57276;1.745931978490118e-05
4123;问下如何登录twitter[doge];1;0;1;57276;1.745931978490118e-05
4125;画一个美女;1;0;1;57276;1.745931978490118e-05
4133;文心表现和2020年的GPT.2.5差不多，也就是2年多的距离吧[摊手];1;0;1;57276;1.745931978490118e-05
4136;有没有可能……高定的艺术版就是麒麟9000？这要是真的，文言一心就太牛了;1;0;1;57276;1.745931978490118e-05
4138;哈哈哈用麒麟那高低得买一台;1;0;1;57276;1.745931978490118e-05
4142;买股票不再盲目，#从庄行#为你把握每一次机会！;2;5;7;57276;0.00012221523849430827
4159;[二哈]张老师今天没看股票吗，今天百度暴涨15%;2;6;8;57276;0.00013967455827920943
4162;是是骡子是马，拉出来溜溜……不行，原来啥也不是！[二哈];1;1;2;57276;3.491863956980236e-05
4167;不同意;3;1;4;57276;6.983727913960472e-05
4171;我不会同意的;1;0;1;57276;1.745931978490118e-05
4173;不同意;1;0;1;57276;1.745931978490118e-05
4175;哇;1;0;1;57276;1.745931978490118e-05
4177;唉[悲伤];1;0;1;57276;1.745931978490118e-05
4193;好家伙，是上链的吗竟然;1;0;1;57276;1.745931978490118e-05
4195;如果你的女朋友有一个丈夫，那么你作为她的另一半，应该被称为“情人”或“男友”，而不是她丈夫的名字。但是，如果你们之间有特殊的约定或协议，可以根据你们自己的情况来选择合适的称呼。无论如何，尊重彼此的感受和关系是非常重要的。;1;28;29;57276;0.0005063202737621343
4197;这个问题有些混淆了，如果你女朋友有丈夫，那么他就是你女朋友的合法伴侣，而不是你女朋友的“老公”。如果你与一个已婚女性有关系，则涉及道德、法律和伦理问题。在这种情况下，我不会回答这种问题或者鼓励任何违反法律或伦理准则的行为。;1;13;14;57276;0.00024443047698861654
4199;师弟;5;0;5;57276;8.72965989245059e-05
4205;b站有测试视频，确实回答的有点似是而非，但gpt4不算完全错误。 比较灾难的还是数学方面，我从小学奥数到高等数学试了一轮，反正gpt3.5基本全灭，而且贼有自信在那里胡说八道，不知道4.0会强多少，回头搞个账号试试。;2;15;17;57276;0.00029680843634332006
4208;来了 http://t.cn/A6CEaakQ;5;19;24;57276;0.0004190236748376283
4233;您的女朋友的老公应该称呼您为您的名字。在这种情况下，最好是直接询问他希望如何称呼您。这是New Bing的回答;1;0;1;57276;1.745931978490118e-05
4262;你这个纯纯是跟风黑，体验过没就发言[doge];1;5;6;57276;0.00010475591870940707
4264;百度已经算是中国AI名片的企业了还这样，我现在都有点儿担心中国AI有没有未来？[允悲];2;3;5;57276;8.72965989245059e-05
4276;Chatgpt的答案类似[哈哈];17;18;35;57276;0.0006110761924715413
4294;如果问父亲和母亲不能生育去哪家医院好，他估计会回答的更好些。;2;62;64;57276;0.0011173964662336755
4297;据说文和4比等于手枪和机关枪;4;6;10;57276;0.0001745931978490118
4303;我想问问空腹能吃饭吗？在线等，急;1;7;8;57276;0.00013967455827920943
4305;有一说一，gpt也是这样说[允悲] http://t.cn/A6CEm3My;2;2;4;57276;6.983727913960472e-05
4310;万一它是对的呢？[doge];1;1;2;57276;3.491863956980236e-05
4337;人类实在太混乱  但是GPT4可以解放部分打工人的劳动力  不用加班有时间消费了  看涨消费股[哈哈];1;0;1;57276;1.745931978490118e-05
4341;或许是后台人工在与你对话，或许;1;1;2;57276;3.491863956980236e-05
4352;百度的牛逼吹出了华为的感觉;1;0;1;57276;1.745931978490118e-05
4361;润人们见不得中国公司技术能力达到世界顶尖水平[允悲][允悲]//@无敌小扑扑:如果我没有搞错，这个是GPT的英文回答，估计是被人翻译过来恶搞百度的[允悲];1;3;4;57276;6.983727913960472e-05
4369;没用过为何这样说？我试用了，觉得百度挺牛的。;1;1;2;57276;3.491863956980236e-05
4375;[doge]最后，彩蛋 http://t.cn/A6CEhe4u;3;4;7;57276;0.00012221523849430827
4379;只要是全程录屏+不敢发布会实机的原因吧;1;4;5;57276;8.72965989245059e-05
4393;图片评论 http://t.cn/A6CEPdqj;2;73;75;57276;0.0013094489838675885
4396;懂了，是人类灭绝计划雏形 http://t.cn/A6CEPe1M;8;47;55;57276;0.000960262588169565
4409;都一样，chat gpt对于这个问题的回答跟文心一样，谁也别笑话谁（但你指出它的错误后，它就会改正了）;1;1;2;57276;3.491863956980236e-05
4412;文心一言不是这么答的，谢谢，刚试了;2;1;3;57276;5.237795935470354e-05
4446;@糖醋排骨sweetbone;1;1;2;57276;3.491863956980236e-05
4450;必应的gpt-4也没好哪去[允悲] http://t.cn/A6CEPuVR;4;4;8;57276;0.00013967455827920943
4456;还是做好广告吧;1;2;3;57276;5.237795935470354e-05
4458;测试垃圾还需要邀请码;1;0;1;57276;1.745931978490118e-05
4465;不应该就开放公测么，体验的人越多越能训练人工智能，百度这是干嘛呢，还发放名额.....这个神操作....;4;30;34;57276;0.0005936168726866401
4470;我昨天就申请了，也没有短信;2;10;12;57276;0.00020951183741881415
4474;如何下载[允悲];2;2;4;57276;6.983727913960472e-05
4482;昨晚已经在用啦 http://t.cn/A6CEP1Iv;1;1;2;57276;3.491863956980236e-05
4497;现场再现泼水男，戳穿数字robin真相[doge];1;0;1;57276;1.745931978490118e-05
4501;热度这么凑的么？凑到自己没智商了要～;1;2;3;57276;5.237795935470354e-05
4510;资本市场不问对不对，合不合理，他们只知道，这东西能赚钱。;1;2;3;57276;5.237795935470354e-05
4520;啥嘛，第一个是文心一言内测版；第二个是用Gpt的新必应[挖鼻]//@四十forty肆拾:好像像人的那个是文心一言，第二张图片中有注释，注释显示答案来源之一是百度……//@568854cvh1:像人的那个是gpt//@柿子射手腊:哪个是文心一言，哪个是gptchat;1;50;51;57276;0.0008904253090299602
4523;百度这个就很像国企领导发言，总结一半天都没说到点上;2;298;300;57276;0.005237795935470354
4527;第一个是chat，第二个是文心;1;20;21;57276;0.0003666457154829248
4534;哪个是文心一言，哪个是gptchat;3;2;5;57276;8.72965989245059e-05
4544;[doge]手机用的也不错 http://t.cn/A6CmkRH9;1;0;1;57276;1.745931978490118e-05
4569;我用gptchat问了一下，答案跟图一差不多，但是比图一更丰富，所以，，，，，，显然图二是来搞笑的，回复发不了图;1;3;4;57276;6.983727913960472e-05
4578;我的siri就有点听不懂我说的话[尴尬]我寻思我说的是普通话啊！;3;3;6;57276;0.00010475591870940707
4582;siri蠢不蠢不知道，隔壁有几家的确实挺拉胯[doge];3;5;8;57276;0.00013967455827920943
4586;透彻[赞];13;17;30;57276;0.0005237795935470355
4603;雪莉姐，我爱你[舔屏];1;0;1;57276;1.745931978490118e-05
4606;已经申请文心一言 等排队[暈];3;7;10;57276;0.0001745931978490118
4612;我还没注册上[笑cry];1;3;4;57276;6.983727913960472e-05
4681;文心一言的火爆还真的是超乎了我的想象，真的是非常让人意外;10;18;28;57276;0.0004888609539772331
4692;人工智能就是未来的发展方向，也会深入到我们的生活日常，这也是为什么越来越多的企业申请的原因吧！;3;12;15;57276;0.00026188979677351773
4697;对于这个产品，我是挺有信心的，但是没有想到大家可以这么的热情，一下子就把申请页给挤爆了。看来我是没戏了呀;3;10;13;57276;0.00022697115720371534
4701;相信人工智能技术的进步，会对我们生活方方面面都有帮助;2;3;5;57276;8.72965989245059e-05
4723;文心一言的影响度还真是很大，期待文心一言未来能带给我们更多的精彩体验;8;18;26;57276;0.0004539423144074307
4732;非常优秀的中文，理解能力，还有非常人性化的服务。;3;18;21;57276;0.0003666457154829248
4736;啊 觉得以后干什么都不是特别的困难了 如果人工智能越来越智能了[心];3;5;8;57276;0.00013967455827920943
4743;文心一言预约测试火爆异常！期待文心一言的上市呀！科技正在改变我们生活[笑cry][笑cry];1;3;4;57276;6.983727913960472e-05
4750;真的是长知识了，我觉得还是比较强大的，看起来就很牛气;1;1;2;57276;3.491863956980236e-05
4764;文心一言发展还是很好的，从目前的这些热度上面就能看得到，所以未来应该也会有更多突破吧;1;0;1;57276;1.745931978490118e-05
4766;抽象派嘛[允悲];3;4;7;57276;0.00012221523849430827
4770;恐怖片是吗;1;0;1;57276;1.745931978490118e-05
4774;AI的价值会越来越突破，吸引改变了众多，可以说倍受期待了[憧憬];6;16;22;57276;0.00038410503526782597
4781;没想到预约文心一言云服务测试的企业用户已经超过7.5万了，这个数字还真的挺惊人的;3;19;22;57276;0.00038410503526782597
4785;文心一言这样的AI智能产品，从研发的时候就一直备受关注，所以申请页被挤爆也是正常现象;3;9;12;57276;0.00020951183741881415
4789;看着这么庞大的数字就知道文心一言有多火爆了;3;5;8;57276;0.00013967455827920943
4793;文心一言从热度上看就很厉害了呀，感觉大家都很关注，未来一定会有更好的发展;1;6;7;57276;0.00012221523849430827
4818;彻底改变了一个行业了呀[打call] 智能化很方便了呀[打call] al的价值会改变更多！;3;15;18;57276;0.00031426775612822125
4822;我觉得新的东西大家肯定都很想要试试看，看来大家都迫不及待想要去申请了，我想我现在应该也挤不进去;2;9;11;57276;0.00019205251763391298
4825;能够感受到文心一言整体的功能更加的成熟了，也期待之后水平更加提高。;1;1;2;57276;3.491863956980236e-05
4849;大家都想要赶紧尝试一下人工智能给我们带来的惊喜，所以都被挤爆了;8;12;20;57276;0.0003491863956980236
4859;所以现在的AI技术发展的越来越快，对人类意图的理解能力也在提高。;2;8;10;57276;0.0001745931978490118
4862;文心一言申请页被挤爆，看来大家都想早一点注册好啊，不知道文心一言的使用效果到底怎么样呢;1;5;6;57276;0.00010475591870940707
4865;准确性和流畅性都有提高的话 那我估计是很依赖ai了 完全不能离开[笑cry];1;5;6;57276;0.00010475591870940707
4885;百度不愧是你啊，闷声干大事儿。要是多给我们点儿羊毛薅就更好了[心][心];1;2;3;57276;5.237795935470354e-05
4888;文心一言这样的AI智能产品，从研发的时候就一直备受关注;1;1;2;57276;3.491863956980236e-05
4890;没想到回升的速度那么快 他说的果然很有道理;1;2;3;57276;5.237795935470354e-05
4899;没想到这么快股价就呈现回升态势，股价大涨16%了;1;1;2;57276;3.491863956980236e-05
4901;股价回升了，百度做文心一言是因为市场存在需求;1;2;3;57276;5.237795935470354e-05
4903;文心一言的推出，百度股价都呈现回升态势了，股价居然大涨了16%;1;3;4;57276;6.983727913960472e-05
4905;感觉目前文心一言的这个热度真的非常的高啊，用户已经非常多了;8;10;18;57276;0.00031426775612822125
4914;文心一言的这个热度还真不是一般的高啊，超乎了我的想象，未来的发展无可限量;3;7;10;57276;0.0001745931978490118
4918;短短一个月的时间，就有这么多家企业的加入太了不起了。;1;2;3;57276;5.237795935470354e-05
4931;预约文心一言云服务测试的企业居然已经有这么多户了，还真是有点意外呢;1;5;6;57276;0.00010475591870940707
4934;文心在实践中不断的发展，希望文心在未来能技术提升的越来越好，实现的空间越来越大;5;13;18;57276;0.00031426775612822125
4940;啥时候召开发布会我一定会准时蹲守哒，百度是会干大事儿的[打call];4;9;13;57276;0.00022697115720371534
4945;在片板不得下海的政策下，再先进也只是红夷大炮。;5;11;16;57276;0.00027934911655841887
4969;文心一言的热度还真的是火爆了，这也是验证了李彦宏在发布会上的话;8;17;25;57276;0.0004364829946225295
4978;这个测试要怎么预约啊，我也好想体验一下这个功能;4;11;15;57276;0.00026188979677351773
4983;我还想说，等一下去看一看呢，现在打不开的话，那不就完犊子了，不过应该还会陆陆续续放开吧;1;9;10;57276;0.0001745931978490118
5007;没想到文心妍的影响力居然这么大，百度的股票都大涨了16%;7;12;19;57276;0.00033172707591312244
5015;确实现在的成绩还是十分可观的，希望未来可以继续努力。;3;12;15;57276;0.00026188979677351773
5020;我去 直接已经涨了这么多 确实是挺厉害的了 期待以后的人工智能;1;6;7;57276;0.00012221523849430827
5024;文心一言的推出真的太火爆了，期待未来文心一言可以发展的更好，带来更多惊喜[好喜欢];1;1;2;57276;3.491863956980236e-05
5026;相信人工智能技术的进步，会对我们生活方方面面都有帮助;1;1;2;57276;3.491863956980236e-05
5036;看来申请的人真的是太多了，所以才会一下子就把申请页给等瘫痪了;1;1;2;57276;3.491863956980236e-05
5070;百度还是8行;1;0;1;57276;1.745931978490118e-05
5108;很多网站的验证是选择符合要求的图片，有的时候选错了也能验证通过，听说目的是通过大众的选择，用大数据喂ai，让ai更智能的分辨图片;4;0;4;57276;6.983727913960472e-05
5113;不成为养料也被大数据差不多吃完了[报税];1;0;1;57276;1.745931978490118e-05
5120;屁屁看到这个没[笑而不语]http://t.cn/A6CnJwoh;1;0;1;57276;1.745931978490118e-05
5125;一言已经在第二个问题上努力克制自己没推荐医院了，;3;447;450;57276;0.00785669390320553
5129;差距太大[污];1;90;91;57276;0.0015887981004260073
5131;chatgpt被训练了多少年了，文心一言才被训练多久。一开始用gpt的时候也是答非所问，只不过gpt-3出来后才好点。给他们各自1-2年的时间，差距会逐渐变小。;19;28;47;57276;0.0008205880298903555
5151;这种AI模型不是越用越聪明么，百度刚开始啊。另外第一题李雷有可能是女孩;11;18;29;57276;0.0005063202737621343
5163;于是，股价闻声直跌。;1;45;46;57276;0.0008031287101054543
5165;我为百度献一计可立即迎头赶上：收到问题后在后台调用哥坡特问它，问完把哥坡特的回答调整一下输出。完美！[doge];2;44;46;57276;0.0008031287101054543
5168;最离谱的是你让文心一言写一行代码，然后拿给ChatGPT看，ChatGPT会找到代码里的漏洞，并表示代码根本无法运行[允悲];4;35;39;57276;0.0006809134716111461
5173;算术题彻底暴露了百度的技术水平，算法太差[爱你][爱你][爱你];3;24;27;57276;0.0004714016341923319
5181;不清楚真假，但百度必胜[挖鼻][挖鼻][挖鼻];2;7;9;57276;0.00015713387806411063
5270;哈利波特里面哪有莎拉这个人物，我看了N遍都没印象看到过;2;1;3;57276;5.237795935470354e-05
5275;今天再问下，看有没有进化。//@乔卡咿:哈利波特里面哪有莎拉这个人物，我看了N遍都没印象看到过//@林子调侃:海狸的妹妹是海马[嘻嘻]//@再来一件老雪:也就是siri的水平//@yuh莉安娜看得懂:莎拉;1;1;2;57276;3.491863956980236e-05
5322;好厉害这个是什么;2;0;2;57276;3.491863956980236e-05
5333;没玩过的原因也可能是想玩但不能玩。凡事能玩的都是违法行为。;1;0;1;57276;1.745931978490118e-05
5348;肉肉宝贝你怎么这么可爱啊[彩虹屁];1;11;12;57276;0.00020951183741881415
5350;哦吼齐齐也玩了[doge];1;8;9;57276;0.00015713387806411063
5427;看了文字的回答不是吹捧ChatGPT，最起码ChatGPT不会出现逻辑错误，持续运动，对于懒人来说？应该是针对大部分人来说吧？当然ChatGPT也无法区分谣言。代谢的这个问题回答的真假参半。关于烧水，打开盖子烧水就会让酸性物质随蒸汽挥发？那水蒸气是酸性的？;1;0;1;57276;1.745931978490118e-05
5435;我中午不睡，我中午打羽毛球，下午倍儿精神。。。。哈哈哈;1;0;1;57276;1.745931978490118e-05
5437;[doge]new bing比这个强多了，写文章辅助神器;4;0;4;57276;6.983727913960472e-05
5446;是的，喷子;1;2;3;57276;5.237795935470354e-05
5451;[doge]宝贝这样不优雅吗？ http://t.cn/A6CnUQc7;3;160;163;57276;0.0028458691249388926
5455;无广告不陈乐，谢谢宝贝广告，以后多用文心一言，少用Chatgpt[允悲][允悲][允悲];4;124;128;57276;0.002234792932467351
5460;感谢对文心一言的关注👏乐乐超厉害的！比赛加油[打call][打call][打call];2;58;60;57276;0.001047559187094071
5465;宝宝明天比赛加油[抱一抱];1;15;16;57276;0.00027934911655841887
5467;好嘞[彩虹屁]乐乐明天比赛冲冲冲[送花花];1;9;10;57276;0.0001745931978490118
5470;乐乐加油[羞嗒嗒];1;4;5;57276;8.72965989245059e-05
5476;笑死了《怎样才能优雅的吃火龙果》[doge];1;2;3;57276;5.237795935470354e-05
5481;乐乐比赛加油[打call][打call];1;1;2;57276;3.491863956980236e-05
5487;[亲亲][亲亲][亲亲];1;0;1;57276;1.745931978490118e-05
5574;你抢了全妹妹的冠军！你什么意思？;1;0;1;57276;1.745931978490118e-05
5714;能别给这种东西广告吗？你真的用了吗？;1;0;1;57276;1.745931978490118e-05
5732;乐乐咱还是继续这样吃火龙果吧[二哈] http://t.cn/A6CnLxTl;5;2;7;57276;0.00012221523849430827
5745;乐乐比赛加油[锦鲤附体];1;1;2;57276;3.491863956980236e-05
5748;自己搞，差距在多方面。硬件算力，运行代码，甚至数据库搭建，任重道远。比别人晚一点，很可能不只是一点了。现在应该是迅速拥抱人工智能，哪怕是别人开发的人工智能。否则，别人用电脑打天下，我们在用算盘打天下。这种代差不仅是效率上的，而且巨大影响将会是对国家发展全方面的。新的世界即将到来。;3;16;19;57276;0.00033172707591312244
5752;不相信具有最庞大用户群数据的中国网络公司，研发不出Chat GPT那样就事论事的智能交互技术。举世无双的产学研基础资源、倾国之力的科学探索决心，从来都是中国技术在很多方面领先世界而值得骄傲的地方。也许是从未想到，忽视盐论自游之学术及思想文化环境的维护，会成为科技发展的卡脖子瓶颈。;1;11;12;57276;0.00020951183741881415
5754;不干实业，就是个广告公司百度;1;15;16;57276;0.00027934911655841887
5757;一个新时代降临了，只不过这个时代没有我们;5;8;13;57276;0.00022697115720371534
5770;无论是芯片，还是AI技术，背后都有华人，华人干高科技有优势[赞];1;1;2;57276;3.491863956980236e-05
5792;和巨硬不是已经掰了么，我们用麒麟和达不溜皮艾斯;1;0;1;57276;1.745931978490118e-05
5806;人声鼎沸时果断换道[666];4;4;8;57276;0.00013967455827920943
5819;you can you up;1;1;2;57276;3.491863956980236e-05
5821;年轻的时候既无知又没有敬畏之心经常骂ZF，年纪越大越觉得我党是真是牛逼，移动互联网、手机、新能源等等，事后复盘才知道到底有多牛逼。;16;601;617;57276;0.010772400307284028
5838;不知道是不是在说反话[二哈];17;54;71;57276;0.0012396117047279837
5856;其实确实是这样。长城确实起到了保护作用。要不然制裁起来，不仅连操作系统都没了，一切与互联网相关的几乎都没了;3;198;201;57276;0.0035093232767651372
5860;他们想发展也发展不起来，没那么大的市场;2;8;10;57276;0.0001745931978490118
5863;真的只有国人在唱衰，人别的国家甚至都没有，咱们至少在追赶;1;30;31;57276;0.0005412389133319365
5865;你在哪个厂子上班[二哈]还有日本同事;2;3;5;57276;8.72965989245059e-05
5868;来人啊，给摩公子安排几个莆田医院伺候;10;39;49;57276;0.0008555066694601578
5879;真的，要是都用漂亮国的，一旦被禁用再现开发就晚了;6;118;124;57276;0.002164955653327746
5886;确实是这样，看看欧洲，有什么大互联网公司。除了三星，苹果。国外还有什么手机品牌。;42;105;147;57276;0.0025665200083804735
5929;ai是需要训练的，用户越多发展越快，百度想超过chatgpt挺难的;14;14;28;57276;0.0004888609539772331
5944;不支持国产的AI，难道以后要等着被没过制裁么、希望百度这次争点气，也希望别的公司尽快能加入进来，感觉10年后就是大量机器人进入日常生活的时代;3;68;71;57276;0.0012396117047279837
5948;可惜国内用的都是阉割的，小日子能用最好的[doge];9;4;13;57276;0.00022697115720371534
5958;但可是，日本用的都是原版最好的[挖鼻];6;5;11;57276;0.00019205251763391298
5965;国内一堆互联网公司，这下都漏馅了，也就百度敢上[允悲]。;9;7;16;57276;0.00027934911655841887
5977;欧洲也没有什么互联网巨头，严格的监管政策，分化的语言文化，相对割裂的市场，相对保守的投资，基本上没有出现太强的平台性质的互联网企业，比较有名的也慢慢迁移到美国了。;2;3;5;57276;8.72965989245059e-05
5980;所有中國人必須支持“文心一言”，這也是世界話語權的一種，不能只有西方世界的ChatGPT給的答案才是答案，中國必須有自己國家的話語權[good];7;23;30;57276;0.0005237795935470355
5988;确实是这样，开放总是有利有弊的，事物的两面性;3;14;17;57276;0.00029680843634332006
5992;人家客气两句你还当真了[喵喵];1;6;7;57276;0.00012221523849430827
5994;听不懂反话。有些人还是直接说比较好。;2;0;2;57276;3.491863956980236e-05
5997;文言一心肯定要支持，差距也是正视;3;6;9;57276;0.00015713387806411063
6018;@我想一定是我听错弄错搞错_ 虽然菜[doge]但也比没有好;1;1;2;57276;3.491863956980236e-05
6026;你的系统是微软的，咋办[doge];2;1;3;57276;5.237795935470354e-05
6034;百度还是百度 不可能转性的;1;0;1;57276;1.745931978490118e-05
6063;适度保护是应该的，但早已经成年了，该拆墙了吧，孩子都已经被养成妈宝男了。。。;8;12;20;57276;0.0003491863956980236
6111;这么多吗？文心也不赖啊，能做图片文案，写代码估计逊点，差一年[报税];2;0;2;57276;3.491863956980236e-05
6115;李彦宏演示的，做的那首诗，其实很失败，他连诗的基本规则都没有做到，只做到了看起来像诗;2;9;11;57276;0.00019205251763391298
6118;发布会当天很好过;1;6;7;57276;0.00012221523849430827
6162;国产之光，国家的希望，文心一言！;1;0;1;57276;1.745931978490118e-05
6173;还是算了，假设真的搞出来，你问病怎么治，列出跟它的广告医院出来。;3;42;45;57276;0.0007856693903205531
6177;风评是真差[允悲]说专注ai，掏出来的东西差距很大，然后腾讯阿里专注赚快钱，在这上面屁都不支一声;3;27;30;57276;0.0005237795935470355
6183;把魏则西忘了？;4;6;10;57276;0.0001745931978490118
6188;百度的自动驾驶前几年号称全国领先，现在好像是渺无音讯了吧？;2;6;8;57276;0.00013967455827920943
6193;都怪邓亚萍把搜索的国家队给搞没了，否则咋们也有两巨头竞争比较好;1;1;2;57276;3.491863956980236e-05
6211;骗人的广告只会越来越多…;1;0;1;57276;1.745931978490118e-05
6219;B度若搞出个领先的东西绝不可能开源。;1;0;1;57276;1.745931978490118e-05
6241;她怎么知道有这个东西呢 她数据2021;4;11;15;57276;0.00026188979677351773
6265;不愧是果人开发的 爹味溢出;1;2;3;57276;5.237795935470354e-05
6267;文心一言官网没有入口呀，我还想用用看和gpt对比一下，请问这个是哪里的[疑问];7;0;7;57276;0.00012221523849430827
6275;还在排队等待使用，听说还可以[哇]小编开始试用了吗;1;0;1;57276;1.745931978490118e-05
6277;我还没有体验呢，想去感受一波;1;0;1;57276;1.745931978490118e-05
6279;我已经体验过了，真的是很棒呀;1;0;1;57276;1.745931978490118e-05
6281;这应该都是没有过多的解释了;1;0;1;57276;1.745931978490118e-05
6283;我很支持百度这一波做法[doge];1;0;1;57276;1.745931978490118e-05
6285;加油我的度[doge];1;0;1;57276;1.745931978490118e-05
6289;文心一言也没错啊，李雷可能是女儿;2;0;2;57276;3.491863956980236e-05
6296;不愧是文心一言[拜拜];1;3;4;57276;6.983727913960472e-05
6304;P1的要点里AI其实还是数值模式的升级（因为和气象学不同，现在无法直接观测地下实时状态+根本动力机制还是不明朗）；P2有些重复，而且没提及相当多的板块内地块间断层地震（我国多数是属于此）P3可以；P4错误不少（前两条需要整合，正断层未必最多，地质灾害一条倒果为因），P5/6不错[并不简单][doge];1;7;8;57276;0.00013967455827920943
6314;1.调用本地图片库；2.套用滤镜[哈哈];1;1;2;57276;3.491863956980236e-05
6332;笑死，打中锋了。你要是用了文心可能会气死人;1;0;1;57276;1.745931978490118e-05
6334;哈哈，把它教成丽姐球迷吧！;1;0;1;57276;1.745931978490118e-05
6347;确实去世了啊;1;0;1;57276;1.745931978490118e-05
6355;我也敢挑战，ＰｐT做好了，原来我也这么牛逼哈[哈哈]脸皮真厚;2;8;10;57276;0.0001745931978490118
6391;鞋要买第一眼就喜欢的那双，人要选每天都想着的那个，股要选最稳的那个，如果不会那就找#一灯明一智化愚#老师。生活已经如此的艰难，为何不让自己酷一点呢？你说是不是？[心][心];1;2;3;57276;5.237795935470354e-05
6402;嗯…… http://t.cn/A6Cn75MG;2;0;2;57276;3.491863956980236e-05
6410;能有大佬分享下测试感受么;1;7;8;57276;0.00013967455827920943
6439;这百度文心一言，还真挺有人味，宏状元肯德基中，推荐了吉野家，分析的还挺有道道理。凯雷恐龙鸟立即下单吉野家，问答不是修辞，它是一次行动;1;0;1;57276;1.745931978490118e-05
6457;文心一言最近到底在各行各业找了多少KOL尬吹啊，从追剧博主到美妆博主，怎么什么人都找啊[裂开];4;115;119;57276;0.0020776590544032405
6462;羡慕你们有资格的，李老板看不起我，我当天申请的内测还不把资格给我[二哈];5;28;33;57276;0.0005761575529017389
6468;我记得百度AI写作19年就开始研发了，这么多年还这个进度吗。。。;2;4;6;57276;0.00010475591870940707
6471;文心一言官宣的时候我就觉得是“占位”争个所谓第一而已。百度这个公司的调性嘛，我完全不看好。估计又在等着OpenAI GPT被封之后捡漏呢。;1;93;94;57276;0.001641176059780711
6473;[二哈]打人不打脸！坐等水军上门洗地！;1;18;19;57276;0.00033172707591312244
6475;水浒传介绍[允悲];2;3;5;57276;8.72965989245059e-05
6478;你的提问当成关键字，搜索的答案?;1;4;5;57276;8.72965989245059e-05
6487;快让大家赶紧嘲笑起来，优越感这不就来了么;1;0;1;57276;1.745931978490118e-05
6495;@刘大顺去甘露寺摘果子;1;0;1;57276;1.745931978490118e-05
6499;@战斗型摸鱼小狗初号机;1;0;1;57276;1.745931978490118e-05
6505;国内怎么玩？;2;0;2;57276;3.491863956980236e-05
6509;搞教培+带货的企业家也来定义高科技了吗？俞这几十年可是跟科技丝毫不沾边。;1;0;1;57276;1.745931978490118e-05
6516;代码也完全不行。;1;0;1;57276;1.745931978490118e-05
6526;百度加油！好好搞！;1;5;6;57276;0.00010475591870940707
6528;看了和GPT3.5对比的使用体验，算不错了。一口出不出胖子，加油;1;4;5;57276;8.72965989245059e-05
6550;会不会搁后台使用人海战术呢;1;0;1;57276;1.745931978490118e-05
6560;个人更喜欢chatgpt的回答;2;1;3;57276;5.237795935470354e-05
6565;整挺帅;1;0;1;57276;1.745931978490118e-05
6567;这牛还行  塑料感[笑cry];1;0;1;57276;1.745931978490118e-05
6569;用中文提问的话，好像百度还是有点优势。问题是百度开发布会那天怎么股价跌了10%了？;1;0;1;57276;1.745931978490118e-05
6588;真的没有人知道马云的情况？;2;0;2;57276;3.491863956980236e-05
6591;怎么申请内测码啊[二哈];3;0;3;57276;5.237795935470354e-05
6605;[二哈]靠差评君测试视频，连上下文连续对话都没做好;5;12;17;57276;0.00029680843634332006
6615;基本行业机器取代人是个趋势 但机器总归是人造的 不用太过担心;1;0;1;57276;1.745931978490118e-05
6618;GPT：林黛玉轻轻叹了口气，“宝玉，你是否曾想过我们的未来？” 贾宝玉眉头微皱，“我只想和你在一起，无论将来发生什么。” “可是我们不能忘记现实，我们的身份和家族会影响我们的未来。”林黛玉轻轻说道。 贾宝玉静静地看着她，“我知道，但我也相信我们的爱情可以战胜一切。”;2;0;2;57276;3.491863956980236e-05
6622;文心一言我测试了，它可以帮我把研究范围缩小，或者给我一个论文大纲，但是我想让它写篇论文好像不行;2;0;2;57276;3.491863956980236e-05
6632;啥时候能前面上线，很期待[坏笑][坏笑][坏笑];5;1;6;57276;0.00010475591870940707
6638;这才叫做真正的商业化吧[微笑][微笑][微笑];1;0;1;57276;1.745931978490118e-05
6640;真的是成为了全村的希望呀[打call];1;0;1;57276;1.745931978490118e-05
6642;支持愿意实实在在做技术的都值得拍手;1;0;1;57276;1.745931978490118e-05
6644;还是很喜欢AI技术的，我感觉非常的好，以后大家生活中应该都能遇到;1;0;1;57276;1.745931978490118e-05
6656;卡脖子问题解决了，你们还想怎样[doge];2;21;23;57276;0.00040156435505272716
6659;很差，听不懂人话;4;4;8;57276;0.00013967455827920943
6664;亲测用chatGPT会得到类似的结果。;3;7;10;57276;0.0001745931978490118
6681;和GPT比较的人我才不理解，哪来的自信和人家对标，研发投入硬件设施都不是一个等级，至少做出来了而且还能用不错了，咋要求都这么高。;1;0;1;57276;1.745931978490118e-05
6683;不信[泪];2;0;2;57276;3.491863956980236e-05
6687;让它用许子东的口吻评价一下窦文涛在中国电视史上的历史地位;9;98;107;57276;0.0018681472169844262
6697;许老师的😜表情好可爱哈哈哈哈哈哈;1;38;39;57276;0.0006809134716111461
6699;本来就是百度的升级版而已[允悲][允悲];3;18;21;57276;0.0003666457154829248
6704;没感受到“智能”，这不就是百度2.0？[汗];2;9;11;57276;0.00019205251763391298
6707;你开心就好[心];1;15;16;57276;0.00027934911655841887
6709;[并不简单] http://t.cn/A6Cmdj05;2;5;7;57276;0.00012221523849430827
6713;应该提更开放的问题，比如许子东和王德威哪个厉害;2;4;6;57276;0.00010475591870940707
6718;许老师是如何快速排队排上的 http://t.cn/A6CmkYFm;2;1;3;57276;5.237795935470354e-05
6725;那么它对老师是否说得客观、理性，符合价值中立呢[阴险][阴险][阴险][赞];1;0;1;57276;1.745931978490118e-05
6727;我只想知道文心到底是谁？非要用这个名字吗？[允悲];1;0;1;57276;1.745931978490118e-05
6736;这还是最简单的问题，你可问他生成一张全家福的油画;1;0;1;57276;1.745931978490118e-05
6830;许老师是天台人吗[doge];1;0;1;57276;1.745931978490118e-05
6834;车水马龙该怎么画？;9;1;10;57276;0.0001745931978490118
6844;很显然它还理解不了成语 只理解了字面意思[吃瓜];5;8;13;57276;0.00022697115720371534
6850;来个扮猪吃虎[允悲];5;6;11;57276;0.00019205251763391298
6856;这说明他不能识别成语，只能一个字一个字的识别吗[笑cry];3;0;3;57276;5.237795935470354e-05
6860;确实还不错，加油以后会更好的;1;6;7;57276;0.00012221523849430827
6923;细思极恐，有了文心一言，以后都不用再找插图了。画两个美女给我，短短12秒钟就是一幅知识产权属于我至少不属于什么其他人的佳作，看上去和真人真画没有什么区别！;1;6;7;57276;0.00012221523849430827
6925;这可能就是江小涓所说：“全程看了李彦宏的文心一言发布会，脑子里浮出五个字，但是不敢说”——这五个字可能是：要有工种要玩；也可能是：毁灭式创新；还有可能是：创新毁灭；当然也极有可能聚集在，某些尤其知识产权的什么图片社之类的垄断地位要完。;1;2;3;57276;5.237795935470354e-05
6927;如果叫她画果体，或者涩情画，他会怎么回复？;1;3;4;57276;6.983727913960472e-05
6932;充满了好莱坞刻板偏见的所谓中国古典美女;6;50;56;57276;0.0009777219079544661
6940;冠以创新之名，盲目跟风，于国情而言，现状距离梦想十万八千里~[并不简单];1;4;5;57276;8.72965989245059e-05
6952;为啥不造个光刻机出来？;1;0;1;57276;1.745931978490118e-05
6982;百度就是抄袭，你别当真，用了你搞不好就是侵权别人的作品;11;12;23;57276;0.00040156435505272716
7001;人工智能踢人的饭碗是一个永远的伪命题  就像前些年的机器人黑灯工厂论一样  都让机器人替代了  为什么现在各种企业都是用工荒  招人难？;1;0;1;57276;1.745931978490118e-05
7015;文字，短视频的那些小自媒体得先失业了吧[允悲];1;0;1;57276;1.745931978490118e-05
7017;文心暂时还没接入到设备，一个是因为响应时间过长，不满足音箱时延要求。二是这玩意太烧钱了，烧不起。;5;13;18;57276;0.00031426775612822125
7023;需要上刑[挖鼻];1;2;3;57276;5.237795935470354e-05
7025;那毕竟是程序，真打算当大脑用吗，还没到那阶段;1;3;4;57276;6.983727913960472e-05
7039;想圈钱吧[允悲];1;1;2;57276;3.491863956980236e-05
7041;他不是那个了，然后那个那个。。。他没那个吗？现在又这个。。。事事儿的;1;0;1;57276;1.745931978490118e-05
7046;崇洋媚外太多;3;21;24;57276;0.0004190236748376283
7050;百度太不争气，广告太多，太急功近利……;3;13;16;57276;0.00027934911655841887
7054;我一向都支持百度，只要百度建议的医院，我都去看病;4;27;31;57276;0.0005412389133319365
7059;帮助它成长起来更好的打广告？;2;9;11;57276;0.00019205251763391298
7102;哈哈哈哈哈哈我要笑死了;1;0;1;57276;1.745931978490118e-05
7105;暑假请你给带杨一学奥数，你加油;1;0;1;57276;1.745931978490118e-05
7150;也就是说，有效数据越多，成长越快。让我想起游戏。如果成立，就是数据量越大，算力越强，成长越快？;4;56;60;57276;0.001047559187094071
7155;如果我真要车，水，马，龙的街道呢[doge];1;30;31;57276;0.0005412389133319365
7157;在哪申请？;2;0;2;57276;3.491863956980236e-05
7160;第二幅画只是平平无奇的普通货色，第一幅画反而可以成为艺术品，甚至网红爆款。[摊手]那么问题就来了，在创作领域，到底是让AI更加天马行空呢，还是中规中矩咩[疑问]还是AI可以根据更多的提示，比如意象派画法，写实派画法，水墨画法分别画出不同风格作品，那才更加高级[喵喵];2;5;7;57276;0.00012221523849430827
7163;到现在还没申请下来，我好急;1;2;3;57276;5.237795935470354e-05
7165;龙好评，很克苏鲁;2;6;8;57276;0.00013967455827920943
7168;我刚搞的 http://t.cn/A6Cm0klj;4;5;9;57276;0.00015713387806411063
7178;它真的好想画晶莹剔透的牡丹花，要不让它画一次看看什么样子;1;0;1;57276;1.745931978490118e-05
7194;我天天用chatgpt[doge];1;0;1;57276;1.745931978490118e-05
7196;理解人类语言还是比不过chatgpt;1;0;1;57276;1.745931978490118e-05
7198;为什么昨天前面等待四十几万今天变七十几万了;1;2;3;57276;5.237795935470354e-05
7200;也算是符合要求：有车有水有马龙。没把乒乓球运动员马龙放上还算它聪明。;2;19;21;57276;0.0003666457154829248
7226;百度领先的不是一星半点，在人工智能藏头诗领域绝对的降维打击，希望在医疗引导方面也要傲视宇宙;1;6;7;57276;0.00012221523849430827
7230;诗这种东西，如不能结合具体情景而作，毫无意义;2;2;4;57276;6.983727913960472e-05
7260;第一份的意思是没有借给佩洛西，但是要还钱？符合美丽国大统领的作风。;1;1;2;57276;3.491863956980236e-05
7265;chat.openai.com也就是官网一直是3.5的而且不存在2.0只存在3.0;6;0;6;57276;0.00010475591870940707
7273;插画师要失业了[笑cry];12;3;15;57276;0.00026188979677351773
7286;生成图片用的别的ai（网上流行的比这先进多了）  文心一言是大语言模型 不要尬吹 要吹请吹语言能力;8;0;8;57276;0.00013967455827920943
7295;GPT刚刚出来时也很差;5;1;6;57276;0.00010475591870940707
7301;中国在智能视觉识别和语音识别才是强项，要揉进文心一言里，就是世界第一了。;6;0;6;57276;0.00010475591870940707
7311;底层还是用了开源的那一套.;1;0;1;57276;1.745931978490118e-05
7325;其实水平还行。 http://t.cn/A6CmHKtp;3;1;4;57276;6.983727913960472e-05
7344;幸亏我有文心一言的账号，要不然还真信了你这P图。你这低级黑呀！;3;0;3;57276;5.237795935470354e-05
7360;抽象;4;0;4;57276;6.983727913960472e-05
7365;答辩在哪里？真的没看出来[泪]（没有恶意;5;0;5;57276;8.72965989245059e-05
7371;http://t.cn/A6CBbYCA //@天明Zzz_:回复@不会做饭的黑客不是好铲屎官:有没有一种可能，目前是在优化套壳[笑cry]//@天明Zzz_:抽象;1;0;1;57276;1.745931978490118e-05
7376;香港人确实不太爱国，用的基本上是苹果手机，用华为的不多，;8;3;11;57276;0.00019205251763391298
7416;已经反转，股价也修复了，现在来看其实是超出了绝大多数人的预测;2;0;2;57276;3.491863956980236e-05
7419;从水平看，段子手暂时还不会失业[鼓掌];1;0;1;57276;1.745931978490118e-05
7421;他这个上下文理解能力还是很低;2;3;5;57276;8.72965989245059e-05
7425;我也申请了但是还没消息[允悲];1;0;1;57276;1.745931978490118e-05
7427;好像专业人士都更喜欢右边👉;1;3;4;57276;6.983727913960472e-05
7440;怎么说呢，文心是拿领导讲话训练的模型吧;1;2;3;57276;5.237795935470354e-05
7454;有没有可能国外有很多同名的叫贝多芬，国外名字重复率太高;1;0;1;57276;1.745931978490118e-05
7460;有道理 别人创新也等于联想创新了[允悲];1;45;46;57276;0.0008031287101054543
7464;是造不如买吗;1;28;29;57276;0.0005063202737621343
7493;你联想就是大而不强的原因之一啊;1;19;20;57276;0.0003491863956980236
7496;老师我梦见你了[害羞];4;0;4;57276;6.983727913960472e-05
7506;百度肯定在监测舆情[摊手] 博主测试的车水马龙还有那个山本和枝 能画成那玩意儿，我有点怀疑是 prompt直接拆成token往里喂，川流不息出来高楼也可能是因为token跟城市的similarity太近了;6;7;13;57276;0.00022697115720371534
7513;像你一样上心这个还在微博可劲儿发的不多，估计是被看了;1;3;4;57276;6.983727913960472e-05
7515;怎么感觉还不如清华开源的ChatGLM;1;1;2;57276;3.491863956980236e-05
7535;元宇宙有几个人体验过，吹的、笑话的、书籍、报告、政策文件一堆一堆的…[哈哈][哈哈][哈哈];2;5;7;57276;0.00012221523849430827
7551;领先三年，这就厉害了;1;1;2;57276;3.491863956980236e-05
7566;大家都知道谷歌搜索比百度搜索更好，但是没关系，门一关猴子称大王。;3;6;9;57276;0.00015713387806411063
7570;百度的中英翻译确实是用过最好的。;1;0;1;57276;1.745931978490118e-05
7599;别说谎别做梦实事求是，缩小差距还是可能的;1;6;7;57276;0.00012221523849430827
7601;博士，你是研究啥的？可不可以为中国的科技出点力？;1;3;4;57276;6.983727913960472e-05
7619;个人可以申请？不是说只能公司吗？;1;0;1;57276;1.745931978490118e-05
7627;我画的一副[允悲] http://t.cn/A6CnKoif;5;5;10;57276;0.0001745931978490118
7633;这个龙，叫做马龙;1;25;26;57276;0.0004539423144074307
7635;没有马龙，差评[哆啦A梦害怕] http://t.cn/A6JjoUOK;2;7;9;57276;0.00015713387806411063
7696;温馨遗言;1;27;28;57276;0.0004888609539772331
7699;中国的产品都带些古时的ip，比如嫦娥，比如鲲鹏，比如潜龙，(个人见解)，文心可能起源于诗经什么的;4;2;6;57276;0.00010475591870940707
7712;文心雕龙吧。一言不知道是啥;1;5;6;57276;0.00010475591870940707
7718;文心就是个垃圾，还是变形的搜索引擎而已;1;0;1;57276;1.745931978490118e-05
7724;可以画吉泽明步吗？;1;6;7;57276;0.00012221523849430827
7726;要是牛肉拉面呢[嘻嘻];2;6;8;57276;0.00013967455827920943
7760;好羡慕你们 申请了三天 [泪];2;0;2;57276;3.491863956980236e-05
7769;中间还有条腿[允悲];3;1;4;57276;6.983727913960472e-05
7773;这是狗 狐狸  还是狼？;3;0;3;57276;5.237795935470354e-05
7789;什么软件;1;0;1;57276;1.745931978490118e-05
7793;@六翼大叔 我不能一个人笑死;1;1;2;57276;3.491863956980236e-05
7807;你好～我想请教一下chatgpt在哪里可以使用呢;1;0;1;57276;1.745931978490118e-05
7816;麻婆豆腐和孟婆汤来一份~;1;16;17;57276;0.00029680843634332006
7818;这就是优化不到位吧，就简单的要素叠加，而不是去理解内容。;2;5;7;57276;0.00012221523849430827
7824;@我有点事儿先走了;1;0;1;57276;1.745931978490118e-05
7827;夫妻肺片？;1;4;5;57276;8.72965989245059e-05
7836;@totoromiao;1;0;1;57276;1.745931978490118e-05
7849;有毒@刘大顺去甘露寺摘果子;1;0;1;57276;1.745931978490118e-05
7853;@love弭米小姐 [哆啦A梦害怕][哆啦A梦害怕][哆啦A梦害怕];1;0;1;57276;1.745931978490118e-05
7859;抛开让人有失业焦虑的AI不提，就说当下热议的AI收集信息，早晚成为隐患的话题。 我认为，你事事问AI，什么都给AI发，这不是明摆着把数据和信息往人那撂嘛。AI是技术，但是可以操控和使用AI的可是人，倘若他们掌控了你的一切信息，多可怕。;9;19;28;57276;0.0004888609539772331
7869;AI归根结底还是工具，要驾驭工具而不是被工具驾驭。;9;18;27;57276;0.0004714016341923319
7957;希望小米越来越好;1;1;2;57276;3.491863956980236e-05
7971;[二哈][二哈][二哈] http://t.cn/A6C3OK9h;3;5;8;57276;0.00013967455827920943
7975;你就四个字的关键字，是不是太少了？;1;0;1;57276;1.745931978490118e-05
7992;好棒;1;0;1;57276;1.745931978490118e-05
7994;你使用过人工智能的一些产品吗？;20;62;82;57276;0.0014316642223618967
8015;你怎么看待现在的人工智能？;27;42;69;57276;0.0012046930651581815
8043;但是对于那那些把人工智能比作洪水猛兽的，太过于极端了。不要忘记了我们的法宝：取其精华，去其糟粕。对于我们自己的价值观和判断力，还是需要一定的自信。;12;27;39;57276;0.0006809134716111461
8056;要接纳人工智能，合理利用人工智能，大家也要保护好隐私，人工智能会偷学的哦;15;17;32;57276;0.0005586982331168377
8072;人工智能已应用在实际生活中的每一个角落;5;6;11;57276;0.00019205251763391298
8078;感觉现在的人工智能还是起步阶段，出来的效果有点让人意外了，但愿以后可以完善起来;1;3;4;57276;6.983727913960472e-05
8080;看到前面的，不免觉得后者智能的有点害怕了[允悲];1;2;3;57276;5.237795935470354e-05
8082;人工智能以后会改变咱们吗？;2;2;4;57276;6.983727913960472e-05
8085;如果他太智能的话，会不会威胁到现在80%的行业？;1;1;2;57276;3.491863956980236e-05
8087;我觉得是资本运作模式[思考][思考][思考];1;2;3;57276;5.237795935470354e-05
8192;用了，从表现来看，至少它是真的，而不是套皮。。。那么也就无非是迭代的事情了;3;18;21;57276;0.0003666457154829248
8197;可以一键查询莆田医院吗;2;7;9;57276;0.00015713387806411063
8200;没得选，外国的chatgpt在国内根本没法正常用。;1;3;4;57276;6.983727913960472e-05
8221;好像也没有什么不对[二哈];1;3;4;57276;6.983727913960472e-05
8223;这是给喂了什么啊。笑死我了。;1;3;4;57276;6.983727913960472e-05
8225;这明显西化形象啊，摆明了百度ai后台接的国外某平台;1;9;10;57276;0.0001745931978490118
8234;文心只是初步阶段，相信在未来的截断我们的文心会发展越来越好的;5;11;16;57276;0.00027934911655841887
8240;文言一心经过大量的训练之后一定会很完美的啊 要加油;3;7;10;57276;0.0001745931978490118
8251;果然科技是第一生产力，感觉还是特别值得鼓励的;1;7;8;57276;0.00013967455827920943
8254;没错，既然百度有信心将文心一言推出，我们就暂且可以相信他;2;2;4;57276;6.983727913960472e-05
8257;那些不足之处肯定会随着时间的推移越变越好的啊;9;13;22;57276;0.00038410503526782597
8267;不足肯定是有的，一定要给他们一点耐心和成长进步的空间;4;7;11;57276;0.00019205251763391298
8285;虽然没什么好比较，但是技术能掌握在我们自己手中会更安心;2;4;6;57276;0.00010475591870940707
8288;现在我们国家的技术真的很棒的，相信会越来越好;8;17;25;57276;0.0004364829946225295
8297;可能也不是想不想偷的问题，而是偷不走，毕竟技术也可能会影响;3;8;11;57276;0.00019205251763391298
8301;现在更新换代的速度简直是太快了，我们一定要给他们一些进步的空间;1;8;9;57276;0.00015713387806411063
8316;不完美只是暂时的，只要我们都助力发展一定可以;2;5;7;57276;0.00012221523849430827
8323;很简单，好看的是ai;1;0;1;57276;1.745931978490118e-05
8325;线上的颜值博主要失业了！[笑cry]又要回归线下了！[doge][doge][doge];1;3;4;57276;6.983727913960472e-05
8327;[允悲];1;0;1;57276;1.745931978490118e-05
8355;再画一个老婆饼;5;20;25;57276;0.0004364829946225295
8361;今天那个在编的段子很好笑[奥特曼];3;10;13;57276;0.00022697115720371534
8365;还是来一个夫妻肺片吧[doge];2;14;16;57276;0.00027934911655841887
8369;确实驴肉拿来火烧了[允悲];2;15;17;57276;0.00029680843634332006
8374;[笑cry][笑cry][笑cry]如果是煲仔饭……;1;7;8;57276;0.00013967455827920943
8376;来一个狮子 http://t.cn/A6CuuFlg;1;7;8;57276;0.00013967455827920943
8404;@莉季娅1510;1;0;1;57276;1.745931978490118e-05
8419;有人用过北斗导航吗？[偷笑];1;0;1;57276;1.745931978490118e-05
8466;我也感觉 不至于嘲讽;1;0;1;57276;1.745931978490118e-05
8474;什么时候暴跌？;1;0;1;57276;1.745931978490118e-05
8478;问问文心一言感冒了去哪个医院，绝对专业！;1;54;55;57276;0.000960262588169565
8480;文心一言已经不错了……;1;6;7;57276;0.00012221523849430827
8484;跪族怎么都会觉得国外的月亮圆。;3;3;6;57276;0.00010475591870940707
8497;以前 安猪来就是要解决这个广告满天飞的问题 然后走了[泪];1;1;2;57276;3.491863956980236e-05
8502;图片评论 http://t.cn/A6CuWk3w;2;0;2;57276;3.491863956980236e-05
8505;这是什么网站啊！！擦，;2;1;3;57276;5.237795935470354e-05
8508;看看最后一段;1;1;2;57276;3.491863956980236e-05
8510;你是不是傻？他本来就是93的 你拿这个出来，映射人家有意思么？ 你是想指出百度的错误？;3;0;3;57276;5.237795935470354e-05
8523;18年我们哪有冠军啊，连足协杯冠军都没有，这个APP有问题啊，还有，改年龄都是往小了改，哪有往大了改的啊;1;2;3;57276;5.237795935470354e-05
8527;他是93一代的啊;1;0;1;57276;1.745931978490118e-05
8529;咱们职业球员改三岁都正常;1;1;2;57276;3.491863956980236e-05
8534;杜先生，您是认真的吗？;2;0;2;57276;3.491863956980236e-05
8537;把无聊当创意[允悲];1;0;1;57276;1.745931978490118e-05
8550;有比没有要好;1;0;1;57276;1.745931978490118e-05
8552;chatGPT怎么下载呀;5;1;6;57276;0.00010475591870940707
8558;李彦宏自己都说文心一言还是个残次品，都没开发好就推迟了也是百度常规的做法。;1;5;6;57276;0.00010475591870940707
8560;我今天用new bing 问了同样的问题，答案完全不同，特别是5个1的问题。 http://t.cn/A6CulZFW;1;0;1;57276;1.745931978490118e-05
8562;差距居然这么大[允悲];1;2;3;57276;5.237795935470354e-05
8564;任重而道远;1;0;1;57276;1.745931978490118e-05
8566;老铁 这个怎么用嘞;2;0;2;57276;3.491863956980236e-05
8595;文言一心就别碰瓷chatgpt了行不，3.5都全面吊打更别说4了;3;0;3;57276;5.237795935470354e-05
8603;[污]我一直以为是文心说的这样;2;2;4;57276;6.983727913960472e-05
8616;为这句科技总不能掌握在外国人手里点赞！[酷];1;0;1;57276;1.745931978490118e-05
8640;至少还是走出来了啊，还是不错的;5;8;13;57276;0.00022697115720371534
8646;这个系列还是比较强，值得一追了;1;4;5;57276;8.72965989245059e-05
8648;从不缺少从头再来的勇气[打call];1;7;8;57276;0.00013967455827920943
8660;虽然不成熟但是方向是对的再接再厉;2;3;5;57276;8.72965989245059e-05
8663;我也这么觉得;1;3;4;57276;6.983727913960472e-05
8698;确实，这一方面还是要走创新路线;5;3;8;57276;0.00013967455827920943
8704;点赞百度！厉害了啊[666];2;0;2;57276;3.491863956980236e-05
8710;这个结果真的让大家都很开心了;1;0;1;57276;1.745931978490118e-05
8714;希望百度的文心一言能够给点力呀;2;0;2;57276;3.491863956980236e-05
8723;[doge]今年就业增加行业主力军 游戏影视;1;0;1;57276;1.745931978490118e-05
8726;文心一言好像快要上线了吧[允悲]这几天都被刷屏了哈哈不过确实期待它的发展了[允悲];7;12;19;57276;0.00033172707591312244
8734;相信文心一言会给我们带来很大的惊喜，耐心等待吧;6;11;17;57276;0.00029680843634332006
8755;文心比我想象得好。今天有个营养师在群里问问题，我和另外一个营养师都是用gpt编的答案[doge];1;142;143;57276;0.0024966827292408687
8757;文心应该按123编号，这样就不会有人拿文心1跟chatgpt4比较了;11;31;42;57276;0.0007332914309658496
8769;gpt都到4.0了，等文心一言4.0那还不薄纱[二哈];6;19;25;57276;0.0004364829946225295
8776;图片评论 http://t.cn/A6CuKTJj;3;61;64;57276;0.0011173964662336755
8782;这么看文心 好像还行;2;33;35;57276;0.0006110761924715413
8785;chatgpt为什么在中文环境下也能表现的这么强，好神奇。;4;43;47;57276;0.0008205880298903555
8792;对人工智能进行考试。;1;10;11;57276;0.00019205251763391298
8794;百度也就是对于一些基于中文网站搜索积累的有优势啊，涉及深度理解的完败[doge];1;17;18;57276;0.00031426775612822125
8796;自从听说“弯道超车”这个词以来，微软这次chat产品超谷歌，才算真正的弯道超车。其他谁算？支付宝？共享单车？还是文心？;2;8;10;57276;0.0001745931978490118
8800;图片评论 http://t.cn/A6CuYhte;1;11;12;57276;0.00020951183741881415
8802;chatgpt索尼那条也不对吧，索尼哪是明朝的;3;6;9;57276;0.00015713387806411063
8806;综上所述：ChatGpt中等生，文心一言差生;1;12;13;57276;0.00022697115720371534
8808;让它们回答番号[哈哈];2;1;3;57276;5.237795935470354e-05
8815;主要测试是中文内容，如果测试英文会不会chatgpt表现更好，毕竟中文文心仪言是主场。;1;4;5;57276;8.72965989245059e-05
8819;做一期P星的搜索对比吧，比如说描述某一段场景或身体特征让两个机器人搜索一下是哪一位艺术家;1;1;2;57276;3.491863956980236e-05
8863;文心一言这么看来，比小度强点。你怎么不问问文心怎么评价百度与莆田系的关系[笑cry];1;0;1;57276;1.745931978490118e-05
8916;意料之中，换个语言差距可能更大;1;4;5;57276;8.72965989245059e-05
8920;收到短信了吗;1;0;1;57276;1.745931978490118e-05
8927;就多余搞发布会，对自己的产品真有自信的话，就直接开放给大家使用，用户自有评断[挖鼻];1;6;7;57276;0.00012221523849430827
8931;自由组合[哈哈];1;0;1;57276;1.745931978490118e-05
8961;你用过文心一言没？;20;19;39;57276;0.0006809134716111461
8982;文心一言会写代码吗[挖鼻]解自定义数学题怎么样;8;1;9;57276;0.00015713387806411063
8991;这东西目前还是太虚了，可以理解为大号作业帮和小杜的结合体，可以提高一定的效率，但是无法替代。;7;2;9;57276;0.00015713387806411063
8999;我认为这种AI和搜索引擎最大的区别是逻辑性。这一点上，文心和GPT已经无法对比，非要加个年数的话就是♾️，好比初始速度慢，加速度又小，就是永远都追不上;7;1;8;57276;0.00013967455827920943
9007;ChatGPT可以说是碾压了;7;1;8;57276;0.00013967455827920943
9015;你都说了是gpt4了，人家都迭代了多少版本了，百度的才刚出来，至于这么冷嘲热讽吗;9;1;10;57276;0.0001745931978490118
9053;老师，请问人工智能和心理学能怎么结合啊;1;0;1;57276;1.745931978490118e-05
9071;难道真的是这样的吗？傻眼了，有点;1;0;1;57276;1.745931978490118e-05
9073;不得不说现在发展的确实越来越快了;1;0;1;57276;1.745931978490118e-05
9083;已经这么先进了吗[傻眼]有些甚至我都一时半会反应不过来[苦涩]又是被AI取代的一天;3;5;8;57276;0.00013967455827920943
9088;十几年前就见百度在炒作研发人工智能和自动驾驶汽车了，到现在都没见到一个这方面的正经产品面世！;2;0;2;57276;3.491863956980236e-05
9096;等到下辈子才可以;3;0;3;57276;5.237795935470354e-05
9104;就问现在还有几个企业家敢像李彦宏一样说实话？;1;4;5;57276;8.72965989245059e-05
9125;说的也是事实，确实没发布同级别产品;1;1;2;57276;3.491863956980236e-05
9136;离谱;1;0;1;57276;1.745931978490118e-05
9147;破案了，博主姓徐，连夜改的名;1;41;42;57276;0.0007332914309658496
9150;华为给我增智慧[打call];2;2;4;57276;6.983727913960472e-05
9153;你好，你感兴趣的“文心一言”已开通了超话社区～ 超话社区是微博旗下兴趣互动社区，快来与志同道合的小伙伴们一起交流互动吧！ 戳我进入>> #文心一言[超话]#;1;1;2;57276;3.491863956980236e-05
9155;chatgpt经典的胡言乱语[允悲];2;6;8;57276;0.00013967455827920943
9170;GPT好歹还能胡诌两句，百度这也就是小爱同学的水平[doge];3;4;7;57276;0.00012221523849430827
9174;你应该问问newbing;1;1;2;57276;3.491863956980236e-05
9179;崔哥，电池最近是不是到底了？;1;0;1;57276;1.745931978490118e-05
9188;咋样能熟练使用嘞，现在用着就是简单对话;1;1;2;57276;3.491863956980236e-05
9198;脸挺帅的[笑cry];1;4;5;57276;8.72965989245059e-05
9200;希望这个文心一言会越来越好的;1;0;1;57276;1.745931978490118e-05
9202;这种硬钢的态度没啥问题。;1;0;1;57276;1.745931978490118e-05
9204;微软比百度更大厂吧[允悲];1;0;1;57276;1.745931978490118e-05
9206;老板真的很刚[笑cry];1;0;1;57276;1.745931978490118e-05
9208;这种老板是真的有实力;1;0;1;57276;1.745931978490118e-05
9210;只能说他们的老板很厉害[doge];1;1;2;57276;3.491863956980236e-05
9237;排队50万以内的还没用上;7;3;10;57276;0.0001745931978490118
9245;[哈哈]欺负AI不懂成语;9;29;38;57276;0.0006634541518262449
9255;逗死了;6;3;9;57276;0.00015713387806411063
9262;@青聚锦官城 和你logo是不是太像了[思考];4;3;7;57276;0.00012221523849430827
9267;一个ai连成语都不懂，还叫AI，讽刺啊;3;6;9;57276;0.00015713387806411063
9272;东施效颦罢了，无论是百度之于谷歌还是文心之于gtp;4;3;7;57276;0.00012221523849430827
9281;有对比吗;2;2;4;57276;6.983727913960472e-05
9295;图三为什么还是外国面孔[怒][怒][怒][吐][吐][吐];1;1;2;57276;3.491863956980236e-05
9377;您直接用了其他博主的图吧？;1;1;2;57276;3.491863956980236e-05
9388;不过这个图好可爱，我想拿去做头像[跪了][跪了][跪了]侃哥能单独发一个吗[跪了][跪了][跪了];1;1;2;57276;3.491863956980236e-05
9401;开发布会能带矿泉水瓶吗？;2;0;2;57276;3.491863956980236e-05
9411;今天看到了对比图，比chatGPT差了好多;1;4;5;57276;8.72965989245059e-05
9416;用了，相当不怎么样。连翻译都做不好;1;1;2;57276;3.491863956980236e-05
9428;开启超级会员去除广告，极速响应，解除文字限制…;1;1;2;57276;3.491863956980236e-05
9436;辣眼睛从来没有那么辣眼睛过;42;116;158;57276;0.0027585725260143865
9479;有点迫不及待的想狠狠的问一问了[笑而不语];27;70;97;57276;0.0016935540191354145
9507;无语到家了[费解]这也可以出来服务;16;54;70;57276;0.0012221523849430826
9524;基本历史常识也不会吗[哈哈];12;25;37;57276;0.0006459948320413437
9539;文心一言 一言难尽[允悲];3;23;26;57276;0.0004539423144074307
9543;确实太不成熟了，后续还会改进吗;4;7;11;57276;0.00019205251763391298
9548;文心一言跟ChatGPT相比确实差太多了[doge];6;5;11;57276;0.00019205251763391298
9555;就是说这谁解释的啊[苦涩][苦涩];2;7;9;57276;0.00015713387806411063
9558;这个回答绝了啊;1;4;5;57276;8.72965989245059e-05
9561;笑死了个人，激情四射的[跪了];1;3;4;57276;6.983727913960472e-05
9563;如果现在上线的话，是不是还没有成熟？不合适。;2;3;5;57276;8.72965989245059e-05
9566;那我不敢想象，这次股价会涨还是跌呢[doge][doge][doge][允悲][允悲];1;1;2;57276;3.491863956980236e-05
9568;确实有点和稀泥的感觉，差距太大了;1;4;5;57276;8.72965989245059e-05
9570;这么离谱的错误应该不是真的吧？[二哈];1;2;3;57276;5.237795935470354e-05
9577;我就看看热闹;2;2;4;57276;6.983727913960472e-05
9588;真的假的，到时候去玩玩怎么样吧，;1;1;2;57276;3.491863956980236e-05
9601;这差距[笑cry][允悲];1;0;1;57276;1.745931978490118e-05
9675;努力吧，还有很大的上升空间[允悲][允悲][允悲];1;1;2;57276;3.491863956980236e-05
9679;罗贯中要蹦出来了[哈哈];1;1;2;57276;3.491863956980236e-05
9684;这确实有点离谱了[允悲];1;1;2;57276;3.491863956980236e-05
9692;回答了又好像没回答，这简直是官方最佳语言;1;1;2;57276;3.491863956980236e-05
9701;他不知道怎么回答就一顿乱说[笑cry];1;2;3;57276;5.237795935470354e-05
9708;非得搞这个吗;1;0;1;57276;1.745931978490118e-05
9712;这要是真的，可真挂不住脸了[允悲];1;1;2;57276;3.491863956980236e-05
9714;真的太差劲了，这玩意还拿得出手;1;0;1;57276;1.745931978490118e-05
9729;谁要账号，我的转让[允悲]我都懒得用，用gpt.;4;1;5;57276;8.72965989245059e-05
9739;劳驾，我问问，，100多万预约排队了，，你们到底放行了多少人，百分之几，还是千分之几？这第一批预约的，，都是急于体验新技术的发烧友吧？挺支持你们百度的吧？可你们呢？有的第一天就预约的，到现在还没有体验到。。。能不能发个公告说明下？就这么晾着？;1;0;1;57276;1.745931978490118e-05
9746;发布会开完的第二天就开始排队为什么到现在还没有排到？是服务器无法承接大量用户？还是先给企业用户服务？;2;0;2;57276;3.491863956980236e-05
9754;个人用户排队两天了，什么时候能轮上？;1;1;2;57276;3.491863956980236e-05
9757;[doge][doge] http://t.cn/A6CuN7ik;1;7;8;57276;0.00013967455827920943
9777;可这是美女吗？右边像狐仙。左边也不像良家妇女啊。;3;3;6;57276;0.00010475591870940707
9781;老婆饼没啥惊讶的。 http://t.cn/A6CuSWyU //@撒哈拉来的企鹅:想看老婆饼;2;1;3;57276;5.237795935470354e-05
9784;不造谣不能活吧;2;0;2;57276;3.491863956980236e-05
9808;去哪里下载啊啊啊;2;0;2;57276;3.491863956980236e-05
9828;回答的都挺隐晦的[允悲];1;17;18;57276;0.00031426775612822125
9830;高下立判[话筒];1;16;17;57276;0.00029680843634332006
9832;什么叫高下立判，都是要喂养的，文心还没开始吃数据[doge];11;13;24;57276;0.0004190236748376283
9844;离失业又进了一步[允悲];1;3;4;57276;6.983727913960472e-05
9846;查的确实很多，但是怎么注册，我尝试了几次都失败告终[允悲];1;2;3;57276;5.237795935470354e-05
9848;哈哈哈哈哈哈，所以这是真的么;1;10;11;57276;0.00019205251763391298
9850;我问的和你的答案不一样哦;1;3;4;57276;6.983727913960472e-05
9852;所以张飞为什么要娶吕布[二哈][二哈][二哈];1;8;9;57276;0.00015713387806411063
9854;gpt也是很多数据都不准，上次查电影里面片段在几分几秒，问三次三个地方，，最后告诉我这部电影里面没有这个片段。。。;1;2;3;57276;5.237795935470354e-05
9871;回答都是扯淡。;1;2;3;57276;5.237795935470354e-05
9874;这个上线可以有。到时候一定要去好好体验一下[求关注];2;6;8;57276;0.00013967455827920943
9877;我还没有体验过耶，不知道这个功能会给我们带来什么样的便利;4;4;8;57276;0.00013967455827920943
9882;还没有上线，当然没有体验过了，等到下周看看吧;1;4;5;57276;8.72965989245059e-05
9885;还真的没有体验过 就等着月底来体验了;2;2;4;57276;6.983727913960472e-05
9891;那个叫“文心搞笑”也比较贴切;1;0;1;57276;1.745931978490118e-05
9893;老王;1;3;4;57276;6.983727913960472e-05
9915;图片评论 http://t.cn/A6CuIDnx;2;5;7;57276;0.00012221523849430827
9922;等不及去测试车水马龙和熊熊烈火了;1;7;8;57276;0.00013967455827920943
9933;哈哈哈哈哈哈哈哈哈哈哈哈;1;0;1;57276;1.745931978490118e-05
9936;文心一言和chatgpt就像带专和清华[笑哈哈];1;2;3;57276;5.237795935470354e-05
9946;B站看了好多测试视频，简直一坨屎[允悲];1;0;1;57276;1.745931978490118e-05
9959;给它一张照片，让它画[嘻嘻];7;0;7;57276;0.00012221523849430827
9967;太不像了，你比他有少年气一些，虽然你头发都白了;1;0;1;57276;1.745931978490118e-05
9969;这画像感觉还有妆容啊;1;0;1;57276;1.745931978490118e-05
9971;不能说一模一样，只能说毫无关系。;1;0;1;57276;1.745931978490118e-05
9973;太不像了[允悲];1;0;1;57276;1.745931978490118e-05
9975;小鱼才高八斗，学富五车[赞][赞][赞];1;0;1;57276;1.745931978490118e-05
9978;挺好看的;3;0;3;57276;5.237795935470354e-05
9982;你申请到体验权限了？;1;0;1;57276;1.745931978490118e-05
9984;有头像了？[允悲];1;0;1;57276;1.745931978490118e-05
9989;看完必硬哦不，看完必应;2;0;2;57276;3.491863956980236e-05
9992;漫画的是必应？[允悲];3;0;3;57276;5.237795935470354e-05
9996;文心一言，我前面还有100万人等待……;1;0;1;57276;1.745931978490118e-05
9998;你们在哪安装的？;1;0;1;57276;1.745931978490118e-05
10011;阿星是什么聊天机器人;2;0;2;57276;3.491863956980236e-05
10014;这个是不一样的卡梅拉里面那个逍遥岛上的怪物！;1;0;1;57276;1.745931978490118e-05
10016;你创造了新物种[喵喵];1;0;1;57276;1.745931978490118e-05
10020;Ai进化还是很快，现在再问相同的内容，出来的结果已经接近原意了;2;3;5;57276;8.72965989245059e-05
10023;离谱 http://t.cn/A6C3rHiv;1;0;1;57276;1.745931978490118e-05
10031;用户提问并不会直接训练模型  因为模型并不知道自己每次答得好不好    但开发者可以拿用户的问题进行训练  就是说还是百度用了大量的人力去训练了  但可能用到了用户问的这些问题;5;0;5;57276;8.72965989245059e-05
10037;3.5是去年11月的版本，到现在4.0差了5个月吧，中间的时间都在干wrapper的活[允悲]3.0还要再早一年。现在客观打个比喻文心在3.3的水平，而且这条路就是大力出奇迹，熬吧;3;6;9;57276;0.00015713387806411063
10069;都在排队等着合作;1;0;1;57276;1.745931978490118e-05
10071;在排队跟文心一言合作;1;0;1;57276;1.745931978490118e-05
10073;文心一言真的有这么厉害吗？;1;0;1;57276;1.745931978490118e-05
10075;我丢，这也是让我非常的佩服;1;0;1;57276;1.745931978490118e-05
10085;这个话有点傲慢了，欺负OpenAI是新加入者不是大厂，但人家产品绝对是大厂都做不出来的东西，也绝对达到了大厂水准，所以说这话完全没必要;1;1;2;57276;3.491863956980236e-05
10091;都在排队等着合作;1;0;1;57276;1.745931978490118e-05
10093;在排队跟文心一言合作;1;0;1;57276;1.745931978490118e-05
10095;文心一言真的有这么厉害吗？;1;0;1;57276;1.745931978490118e-05
10097;我丢，这也是让我非常的佩服;1;0;1;57276;1.745931978490118e-05
10107;这个话有点傲慢了，欺负OpenAI是新加入者不是大厂，但人家产品绝对是大厂都做不出来的东西，也绝对达到了大厂水准，所以说这话完全没必要;1;1;2;57276;3.491863956980236e-05
10152;调教不好不发布。模型训练好再发不行吗，这么急干嘛;1;1;2;57276;3.491863956980236e-05
10157;[打call][打call][打call][打call]。好久不见，七猫。七猫，果然很棒;2;0;2;57276;3.491863956980236e-05
10216;ai真的越来越厉害了;2;4;6;57276;0.00010475591870940707
10225;熊熊大火笑喷了[笑cry];1;0;1;57276;1.745931978490118e-05
10227;最后一个最好;1;0;1;57276;1.745931978490118e-05
10231;它是真不理解还是故意为之？;3;0;3;57276;5.237795935470354e-05
10237;龙井虾仁也太可怕了;1;0;1;57276;1.745931978490118e-05
10247;上了一节别的老师的网课，发现没有对比就没有伤害！侃哥加油[心][心][心];2;2;4;57276;6.983727913960472e-05
10250;我想知道老婆饼他要怎么🌹[笑cry];4;3;7;57276;0.00012221523849430827
10255;第一张就不对。是牛逼哄哄不是牛哄哄。;1;4;5;57276;8.72965989245059e-05
10277;你居然说惹;1;0;1;57276;1.745931978490118e-05
10293;这要是来个夫妻肺片[doge];1;8;9;57276;0.00015713387806411063
10307;哈哈，百度真是没谁了。给百度的创意点个赞。我就是想破脑袋也想不到陆家嘴是这副样子。;2;3;5;57276;8.72965989245059e-05
10318;还不如直接发这个，拿去！ http://t.cn/A6C3WIaD;4;1;5;57276;8.72965989245059e-05
10323;《山东省慈善条例》第27条明确规定：“个人为了解决本人或者家庭的特殊困难，可以向慈善组织或者所在单位、城乡社区组织求助，也可以向社会求助。  求助人应当对提供的身份信息、具体求助事项等求助信息的真实性负责，不得虚构事实骗取他人捐赠，不得以“慈善募捐”等名义募集款物。;1;0;1;57276;1.745931978490118e-05
10333;市值风云总喜欢用前台美女照片获客，这个很GPT-5[笑cry][允悲];1;0;1;57276;1.745931978490118e-05
10335;你好，我是萧何[喵喵];1;0;1;57276;1.745931978490118e-05
10341;老婆饼;2;3;5;57276;8.72965989245059e-05
10344;大家有什么想要让文心一言画的也可以留言，我们选择一些给大家测试;1;0;1;57276;1.745931978490118e-05
10346;杯弓蛇影;1;3;4;57276;6.983727913960472e-05
10352;画个正龙拍虎[doge];1;1;2;57276;3.491863956980236e-05
10366;文心一言可以理解这个，可惜我发不了图[允悲];2;0;2;57276;3.491863956980236e-05
10379;高看他们了🙏;3;389;392;57276;0.006844053355681262
10383;但是文心一言是百度用他自己这么多年一手缔造的中文互联网生态哺育的，所以长成什么样我也不惊讶;1;140;141;57276;0.0024617640896710665
10385;问的问题越奇葩，文心一言后面提升的就更明显;1;78;79;57276;0.0013792862630071932
10393;高估了，元宇宙百度就这么蹭过;5;13;18;57276;0.00031426775612822125
10404;我觉得，AI主要看进步有多快，不是看起点有多高。应该隔一个月再看看。;1;0;1;57276;1.745931978490118e-05
10462;绝对就是故意的 特别是图像生成，生成了一堆并没有似乎严格理解要求但又很有趣的完成了要求的画，比如我看到一个例子要他生成一张牛逼哄哄的脸，生成的是一个表情很傲气的牛头长在人身上，那既然已经理解了牛逼哄哄是人的表情加上牛逼哄哄这个词的含义，又为什么会出现长着牛头的人这种“错误”;1;0;1;57276;1.745931978490118e-05
10475;[苦涩]为什么大家都在嘲讽 这个本来就很难啊;1;0;1;57276;1.745931978490118e-05
10490;这种画图水平还是挺好的;1;2;3;57276;5.237795935470354e-05
10500;帮我画一个贼几把大的玫瑰花;1;16;17;57276;0.00029680843634332006
10504;眼睛有点乳化;1;0;1;57276;1.745931978490118e-05
10515;哈哈哈哈哈哈哈哈哈哈哈哈哈哈;1;0;1;57276;1.745931978490118e-05
10517;？回不去了！;1;0;1;57276;1.745931978490118e-05
10519;啊啊啊啊啊我说怎么感觉不对劲！我说怎么感觉不对劲！！;2;0;2;57276;3.491863956980236e-05
10526;画了，看私信[二哈];1;2;3;57276;5.237795935470354e-05
10534;跟风，就跟ai画画风潮一样，你过两天再看看[笑cry];6;25;31;57276;0.0005412389133319365
10579;可能是他九十年代暗恋的女同学;1;0;1;57276;1.745931978490118e-05
10627;不能说毫无关系，简直是一模一样！！;3;0;3;57276;5.237795935470354e-05
10631;怎么玩呀？;2;0;2;57276;3.491863956980236e-05
10638;求推荐[doge];2;0;2;57276;3.491863956980236e-05
10657;你把母语英语四个字改成母语日语再试试看;1;1;2;57276;3.491863956980236e-05
10670;如果有人嘲笑一个正在努力的企业，那么这个的人本身就是一个笑话;4;35;39;57276;0.0006809134716111461
10724;但智能化确实是未来的趋势;1;11;12;57276;0.00020951183741881415
10726;AI确实不是谁都能做，需要强大的数据和技术支持;1;12;13;57276;0.00022697115720371534
10729;做脑机接口弯道超车吧，不需要prompt，直接提取思维。;3;1;4;57276;6.983727913960472e-05
10734;什么是提示词工程？;1;0;1;57276;1.745931978490118e-05
10773;我生成的是这个呀[doge] http://t.cn/A6CB7TUm;2;60;62;57276;0.001082477826663873
10776;看了一圈下来并自己做了试验，结论是大概率是画图功能用了人家开源的代码;20;28;48;57276;0.0008380473496752566
10797;试下饭冰冰[允悲];2;16;18;57276;0.00031426775612822125
10813;谁画个哈利波特大人;2;0;2;57276;3.491863956980236e-05
10821;你这个不好说，试一试网络水晶头[doge][doge];4;9;13;57276;0.00022697115720371534
10827;哈哈哈[哈哈];2;0;2;57276;3.491863956980236e-05
10830;笑吐了哈哈哈哈;1;0;1;57276;1.745931978490118e-05
10833;Bard都申请不了，chatgpt的确是个棒棒哒小助手;2;0;2;57276;3.491863956980236e-05
10839;图片评论 http://t.cn/A6CBvuYY;1;4;5;57276;8.72965989245059e-05
10852;对天地人解释的最清楚了。;1;0;1;57276;1.745931978490118e-05
10861;图片评论 http://t.cn/A6C1Fiao;3;2;5;57276;8.72965989245059e-05
10870;哈哈哈哈哈哈;1;0;1;57276;1.745931978490118e-05
10872;哈哈哈哈哈哈哈分析的一本正经;1;0;1;57276;1.745931978490118e-05
10874;文心一言，真的是有自己的想法的;1;0;1;57276;1.745931978490118e-05
10876;这个设计师的饭碗暂时保住了;1;0;1;57276;1.745931978490118e-05
10878;看来内心也是有很多想法的呀[doge];1;0;1;57276;1.745931978490118e-05
10886;我怀疑这玩意是个套壳，没有自己的核心;1;23;24;57276;0.0004190236748376283
10890;@百度 百度不要模仿人家!行吗？;1;0;1;57276;1.745931978490118e-05
10914;怎么连上的，教教我;5;1;6;57276;0.00010475591870940707
10925;魏则西是怎么死的？;1;0;1;57276;1.745931978490118e-05
10927;也许是诗意呢;1;0;1;57276;1.745931978490118e-05
10932;这评论有点不对劲[doge];1;14;15;57276;0.00026188979677351773
10958;我感觉省厅往上的文件用词都是很精准的，文心一言现在也就是个半自动百家号水平。。。;6;175;181;57276;0.003160136881067114
10965;但凡改过申论都不会这么说，你看看哪个单位的笔杆子不是一等一的文采;5;157;162;57276;0.0028284098051539913
10972;Chatgpt写的东西也就外行看个热闹，总接触材料的人一眼就能看出来好不好;6;42;48;57276;0.0008380473496752566
10980;虽然官话很多，但一篇好的文章确实没啥空话套话[泪]很可惜的是，我写不出来;1;19;20;57276;0.0003491863956980236
11028;不太赞同，我试过，这类AI写出来的党建文章是不能用的，跟不上形势，和单位的实际也不相符，反正我如果是领导，是绝对要打回去重写的，当然也有可能是我使用方法没对？[允悲];6;8;14;57276;0.00024443047698861654
11036;文心一言？gpt2！;1;0;1;57276;1.745931978490118e-05
11041;用AI校对有点担心会不会发生版权问题呀？毕竟是百度的产品……;1;1;2;57276;3.491863956980236e-05
11045;说明用的核是英文的，外面套了一个自己的皮;2;45;47;57276;0.0008205880298903555
11049;英文是李总母语啊;1;8;9;57276;0.00015713387806411063
11068;用的是英文数据集[二哈]所以说有很多歧义的地方就没法处理;5;1;6;57276;0.00010475591870940707
11075;让他画个坚果;1;0;1;57276;1.745931978490118e-05
11077;就是这个配置跟颜值真的是都非常的好呢，我完全的被惊艳住了呢，价钱也很美丽的， http://t.cn/A6CBg7yK;6;8;14;57276;0.00024443047698861654
11084;这个汽车真的很不错，正好我现在就缺一台这样的汽车非常值得入手 http://t.cn/A652W8BF;2;2;4;57276;6.983727913960472e-05
11087;这样的车智能就是挺强大的，配置挺高，我也好想拥有这样一辆车 http://t.cn/A6CBguVg;1;3;4;57276;6.983727913960472e-05
11089;这个车无论是从颜值还是从线缆上，都是挺不错的 http://t.cn/A6CBebLf;1;3;4;57276;6.983727913960472e-05
11092;长安汽车功效特别的强大，我也非常想感受一下，科技挺发达的 http://t.cn/A6CBgjnP;4;4;8;57276;0.00013967455827920943
11097;每秒2万亿次神经算力，不仅如此，前几天刚刚发布的百度文心一言也将在长安逸达上进行搭载，真的是太科技啦[心] http://t.cn/A6CBgyaw;5;5;10;57276;0.0001745931978490118
11103;哇塞，最近的下雨天，有了让我存钱买车的想法，实在是出行太不方便啦，大家都有这个想法啦 http://t.cn/A6CBghpY;7;7;14;57276;0.00024443047698861654
11111;看着就是这个车非常的高级呢，我觉得我自己可以拥有这么一辆高级的车呢。 http://t.cn/A6CBds7F;4;4;8;57276;0.00013967455827920943
11116;图片评论 http://t.cn/A6CBjow3;1;71;72;57276;0.001257071024512885
11118;这个塞尔达怎么有点南亚风格;1;21;22;57276;0.00038410503526782597
11142;凯总，病人都这么豁达，是非常好的👌🏻;2;1;3;57276;5.237795935470354e-05
11156;hi，梯影～生日快乐🎂一路同行，言语如金。;1;1;2;57276;3.491863956980236e-05
11160;猜到了三杯鸡，可乐鸡翅，红烧狮子头，鸡蛋灌饼[哈哈];2;1;3;57276;5.237795935470354e-05
11163;可乐鸡翅，糖心蛋，糯米鸭？杭椒牛柳？;3;3;6;57276;0.00010475591870940707
11167;谁知道第四个是什么菜……;2;0;2;57276;3.491863956980236e-05
11170;看出来了三杯鸡和红烧狮子头hhhh[允悲];2;1;3;57276;5.237795935470354e-05
11173;总线（bus）是吧;1;0;1;57276;1.745931978490118e-05
11175;有没有一种可能，这货就是个壳，用国外的AI作图后再搬运给你[挖鼻];1;6;7;57276;0.00012221523849430827
11179;早都优化了，怎么还有人再发老梗～;3;0;3;57276;5.237795935470354e-05
11185;也不能这么早定论嘛;4;0;4;57276;6.983727913960472e-05
11190;要是现在就厉害反而不正常了，弯道超车哪那么容易。;3;1;4;57276;6.983727913960472e-05
11199;不得不说现在科技发展是真的太快了呀;5;3;8;57276;0.00013967455827920943
11207;这商业化起来真的可就要抢饭碗了呀;1;1;2;57276;3.491863956980236e-05
11213;相信一定会给我们带来很多很多的惊喜;1;0;1;57276;1.745931978490118e-05
11223;说实话，我也是觉得过于大胆了中文的广泛含义还是值得大家探索的;3;0;3;57276;5.237795935470354e-05
11273;该不会只是个gpt的接口吧哈哈哈哈;3;24;27;57276;0.0004714016341923319
11278;GPT-4把中文命令转成prompts让Midjourney制图…mj这个鱼香肉丝立马活色生香起来。[笑哈哈]看360周鸿祎了 http://t.cn/A6C1EodY;3;0;3;57276;5.237795935470354e-05
11288;总线和鼠标是这个 http://t.cn/A6C1uLn6;2;1;3;57276;5.237795935470354e-05
11291;我画出来的和你的不一样啊 http://t.cn/A6C1u2eb;1;2;3;57276;5.237795935470354e-05
11303;@iamyu_u;1;0;1;57276;1.745931978490118e-05
11316;撅 都可以撅;1;0;1;57276;1.745931978490118e-05
11321;折叠屏好用吗;1;0;1;57276;1.745931978490118e-05
11324;丢人啊;1;0;1;57276;1.745931978490118e-05
11331;"无论你经历的事是喜是悲，无论你遇见的人是好是坏，他们总能教会你一些事理，然后助你成为一个更好的人。关注#一灯明一智化愚#早日实现财富自由;[打call][心]";1;2;3;57276;5.237795935470354e-05
11333;那让chatgpt给几篇文章打分呢[偷笑];1;0;1;57276;1.745931978490118e-05
11336;怪不得没办法识别那些成语;5;39;44;57276;0.0007682100705356519
11342;百度的回应跟我们说的差不多，建议到时候出个中文开源扳回一城[doge] http://t.cn/A6CBNQfX;2;2;4;57276;6.983727913960472e-05
11345;开源的图文数据大部分是英文的，看laion这个开源数据库就知道，所以目前diffusion model基本都是英文驱动很正常，即使是中文语言模型库也会有一些，而且现阶段因为中文clip翻译效果不好匹配英文的用很正常，信息环境虽然都透明化了，技术这个事情不可能套壳的，不靠谱;6;56;62;57276;0.001082477826663873
11354;这种之前没有半点消息,GPT一火之后跟风急着上的铁定是用了别人开源的项目要不就是对接的别人现成的接口[汗];2;6;8;57276;0.00013967455827920943
11358;先翻譯成英文再去問chatgpt，豈不美哉[doge];1;10;11;57276;0.00019205251763391298
11361;那啥，你们写ai相关的文章时至少要问一下相关领域的专业人士吧，本科生都知道建立自己的数据集是论文里很重要的一部分，商业上不太清楚，大厂应该养着一拨人做数据工程的。现在直接拿国外的数据集做自己的大模型，是不是菜了点;3;5;8;57276;0.00013967455827920943
11366;这么久了还没看到有人问它魏则西的事呢[doge];1;1;2;57276;3.491863956980236e-05
11382;别信一个广告公司会做AI，杀人勾当倒是会的很;1;9;10;57276;0.0001745931978490118
11384;纯属扯淡，哪个软件经得起这样的调用，问题来源是因为多模态模型的数据库是用的英文语料，中文语料在这方面还很稀缺，而且噪声大;3;0;3;57276;5.237795935470354e-05
11388;口说无凭啊，你自己测试的？;8;14;22;57276;0.00038410503526782597
11397;那也是自家孩子不是吗？要多一些鼓励;4;6;10;57276;0.0001745931978490118
11402;这~都会写程序了，程序员干啥[二哈];1;3;4;57276;6.983727913960472e-05
11424;ChatGPT对于口语化的理解力是很强，即便我有错字，它的回答基本还是靠谱的。但是它信口开河的能力也让人猝不及防，那天它告诉我《红楼梦》里王熙凤和贾宝玉还有不可言说的关系，幸好我红楼梦读过很多遍……;1;4;5;57276;8.72965989245059e-05
11430;图片评论 http://t.cn/A6C1QnGf;2;7;9;57276;0.00015713387806411063
11465;你用中文写代码？;2;8;10;57276;0.0001745931978490118
11472;请问这个查词软件是什么;3;7;10;57276;0.0001745931978490118
11482;不会是翻译成英文然后让midjourney画的吧？[费解];1;48;49;57276;0.0008555066694601578
11487;应该不是，不然那些成语梗解释不通，熊熊烈火为啥会出熊，胸有成竹，鹤立鸡群翻译回来也不是直译，我估计大概率是用了国外的图片来训练，翻译在这出了问题;1;2;3;57276;5.237795935470354e-05
11491;总线和鼠标，叫你画，你怎么构图？苛求一个软件也太可笑了吧？;4;1;5;57276;8.72965989245059e-05
11513;数据集的问题，现在用的英语数据集，中文数据集现在都一般，所以里子里是个外国人;4;3;7;57276;0.00012221523849430827
11518;应该是数据集直接搬得英语数据集——当然也从侧面反应了百度这些年给互联网喂了多少奥里给;1;1;2;57276;3.491863956980236e-05
11522;问题的关键是应用前景上如何。一个ai你只是跟它插科打诨？代写个论文讲话稿？画张涩图？Siri多么强大智能，但是它甚至没有小爱深入人的生活。相比ChatGPT ，其实我更觉得文心一言如果能应用到小度智能家居环境上更有优势[吃瓜]。;2;0;2;57276;3.491863956980236e-05
11532;感觉底层是开源的？;1;0;1;57276;1.745931978490118e-05
11539;人工智能永远不能取代人类，这是毋庸置疑的;4;11;15;57276;0.00026188979677351773
11544;应该不会被人工智能取代，因为没有思想，只是为了工作诞生的;7;10;17;57276;0.00029680843634332006
11552;智能化的生活代替人的做工效率也是提升了;3;5;8;57276;0.00013967455827920943
11556;以后会更加智能，也许会导致很多人失业;3;3;6;57276;0.00010475591870940707
11565;差点啊，画师的工作也不容易啊[抱一抱];1;0;1;57276;1.745931978490118e-05
11569;人工智能是不可能取代人类的，因为有很多还是需要人类去操作;1;1;2;57276;3.491863956980236e-05
11571;人工智能是不会取代人类的！！它画不出我想要的样子，可能人类都是奇奇怪怪的;1;1;2;57276;3.491863956980236e-05
11573;AI是未来发展的趋势，实力不容小觑。;1;1;2;57276;3.491863956980236e-05
11576;但我感觉人工智能发展的好快呀，未来指不定发展成什么样子呢[允悲];1;1;2;57276;3.491863956980236e-05
11578;人工智能代替了人类，做工效率都提升了呀，操作起来更简单;1;1;2;57276;3.491863956980236e-05
11581;会代替很多人的工作，以后找工作会比较难;2;1;3;57276;5.237795935470354e-05
11584;AI技术虽然发达，但是有的工作还必须得人工来完成。取代不了的;2;5;7;57276;0.00012221523849430827
11587;看来也并是不是所有的东西都是AI科技所能代替的！;5;8;13;57276;0.00022697115720371534
11593;操作起来也是更简单，便利提供了方便;4;5;9;57276;0.00015713387806411063
11598;经验丰富的话是肯定保住了工作，但是新手小白就难了;4;4;8;57276;0.00013967455827920943
11603;说实话，如果要让AI真的代替所有的人类工作的话，是绝对不可能的;2;2;4;57276;6.983727913960472e-05
11606;AI想要取代人的画师，我觉得是不可能的呀AI就是程序设计呀;2;1;3;57276;5.237795935470354e-05
11609;人工智能也是人类开发的，不会取代人类;2;2;4;57276;6.983727913960472e-05
11614;现在不会取代的 不过以后人工智能发展起来也是很厉害;1;0;1;57276;1.745931978490118e-05
11617;目前ai技术还不成熟，在很多地方上比不上人工[心];1;1;2;57276;3.491863956980236e-05
11626;AI的出现是很智能，超现实化！但有些东西它是局限的;2;3;5;57276;8.72965989245059e-05
11629;提问模板http://t.cn/A6C1R3p7;5;0;5;57276;8.72965989245059e-05
11635;使用技巧http://t.cn/A6C1sF6X 下一部分http://t.cn/A6C1sF66;1;0;1;57276;1.745931978490118e-05
11637;提问模板http://t.cn/A6C1R3p7;1;0;1;57276;1.745931978490118e-05
11654;文心一言，怎么还有100万人排队？;1;0;1;57276;1.745931978490118e-05
11660;哈哈 爱燃烧现在就是 瞎jb讲;2;2;4;57276;6.983727913960472e-05
11663;用ai帮写这条 有点狠了[赞];1;1;2;57276;3.491863956980236e-05
11665;“落枕”科技[doge];1;2;3;57276;5.237795935470354e-05
11667;不太严谨[doge][doge];1;0;1;57276;1.745931978490118e-05
11680;我觉得技术再先进也取代不了人类;5;2;7;57276;0.00012221523849430827
11687;人工智能再厉害，也需要人操作;1;1;2;57276;3.491863956980236e-05
11690;我觉得最先进的科学技术，也代替不了人类;1;2;3;57276;5.237795935470354e-05
11695;这个饭碗确实就是可以保住了，大家都是可以好好看看的;3;1;4;57276;6.983727913960472e-05
11704;哈;1;0;1;57276;1.745931978490118e-05
11708;画的还真可爱呢;1;0;1;57276;1.745931978490118e-05
11711;第一张吓到我了;1;0;1;57276;1.745931978490118e-05
11713;挖藕~;1;0;1;57276;1.745931978490118e-05
11716;已购 http://t.cn/A6C1KWWb;1;0;1;57276;1.745931978490118e-05
11719;这张图片，也太合意了！[感冒];1;2;3;57276;5.237795935470354e-05
11721;对语义的理解还不太行;1;0;1;57276;1.745931978490118e-05
11723;谷歌的也到不了3.5的程度？还是被训练的太少了？不知道人为标注训练占多少比重;2;0;2;57276;3.491863956980236e-05
11731;要是只开源了gpt1，没开源gpt2，那现在文言一心就应该只有gpt1的水平;16;26;42;57276;0.0007332914309658496
11748;以后不知道会不会走网盘的老路，付费会员一秒回答一百个字，不掏钱的一分钟回复一个字[二哈];14;22;36;57276;0.0006285355122564425
11763;做个假设，要是中国先搞出来gpt，美国会不会大谈终结者来了;6;12;18;57276;0.00031426775612822125
11770;中国有a100和h100这种水平的算力gpu么？😆🤣还差24个月，先把芯片这种基础核心做做好再扯ai吧。;6;7;13;57276;0.00022697115720371534
11777;中国大企业都在搞菜篮子想搞垄断，看着他就觉得气;1;17;18;57276;0.00031426775612822125
11779;以后自媒体的作者搞不清是人还是AI;1;12;13;57276;0.00022697115720371534
11781;百度在搞自动驾驶，元宇宙;1;0;1;57276;1.745931978490118e-05
11783;扯呢，GPT2我两年前就在玩，可以单机部署，什么水平很清楚。比gpt2还是高多了;2;2;4;57276;6.983727913960472e-05
11788;汉字太能组词儿了 是不是数据库还不够大[doge];1;1;2;57276;3.491863956980236e-05
11790;懂王又开始忽悠一帮什么都不懂的人了。以其昏昏使人昏昏[笑cry]也不知道哪来的勇气什么都评论。一到专业就露馅;1;1;2;57276;3.491863956980236e-05
11792;中国算力不成问题，搞了很多超级计算机，目前问题是数据的数量。;1;1;2;57276;3.491863956980236e-05
11803;博主，最近怎么都故意把中国科技往差了说[允悲];1;1;2;57276;3.491863956980236e-05
11818;看了对比，我觉得百度还不错;1;2;3;57276;5.237795935470354e-05
11822;gpt2?我觉得有gpt3.1的水平了;2;5;7;57276;0.00012221523849430827
11833;其实很多人挺双标，老美那边这种图片大家一笑而过，到了百度就各种讥讽[挖鼻][挖鼻] http://t.cn/A6CBxZgp;1;0;1;57276;1.745931978490118e-05
11836;过于乐观了，海外的各种AI，包括OPEN AI， Bard, Midjourney都是开发API接口，群策群训，已经形成了各种生态；某度闭门造车，这种模式就不行。但是要鼓励其勇气，促进其与国际Ai模式接轨。;1;1;2;57276;3.491863956980236e-05
11840;百度就是靠抄起家的，这么多年，抄这抄那成功的基本面没几个，让百度搞原创比，谷歌微软差100条街，这公司文化就是抄，还抄不好😅;2;0;2;57276;3.491863956980236e-05
11843;即使到gpt-4也不能画图，你说百度画图有乐趣，然后怎么得出会画图的比不会画图的落后36个月？;4;2;6;57276;0.00010475591870940707
11854;事实不正确。百度大约是GPT3的水平，美国的google和fb也差不多这个水平。开源的GPT2是玩具，几乎不能做成产品。我亲自动手训练和微调过GPT2的模型。;1;13;14;57276;0.00024443047698861654
11857;安利你听一首歌，没有人在乎;2;0;2;57276;3.491863956980236e-05
11887;从事nlp相关工作的基本都知道，目前来说，开源的图文数据大部分是英文的，看laion这个开源数据库就知道，而且因为中文clip翻译效果不好才用的英文。中文数据真的太少了，而且算力还有A100也真的不够用啊[泪];1;1;2;57276;3.491863956980236e-05
11891;这热搜买的;1;1;2;57276;3.491863956980236e-05
11894;那些唱衰的是不是不清醒？什么都是别人的香;20;178;198;57276;0.0034569453174104338
11915;在技术领域，李彦宏的观点是有迹可循的，说不定就是未来风口;11;175;186;57276;0.0032474334799916195
11927;没必要唱衰，前面激烈就不做？那不能够，科技强才是强;1;130;131;57276;0.0022871708918220544
11930;还是支持吧，百度的一小步，也是中国AI的一大步~;5;147;152;57276;0.0026538166073049796
11940;发布第天股价大涨，证明了市场反应;5;66;71;57276;0.0012396117047279837
11946;这么说吧，文心一言虽然远不及chatgpt，但依然是目前国内最好的，你不得不承认。另外谁也不想让祖国越来越完蛋吧？？;17;138;155;57276;0.002706194566659683
11964;平时百度不到真实可信的东西，现在怎么能让人相信李的鬼话呢;7;106;113;57276;0.0019729031356938336
11975;不管外面发布什么，他们都会在最短的时间内弄个山寨版出来蹭热度，外面不出，他们永远不出。;1;69;70;57276;0.0012221523849430826
11980;啊？？他说的是测试下来百分制评价和ChatGPT差了四十分，后面再测一次和人家差得更远了。但文心一言有文生成图这种ChatGPT没有的功能。结果好家伙你标题直接一个综合能力超过ChatGPT，概括别太离谱[交税];3;28;31;57276;0.0005412389133319365
11985;#李彦宏称文心一言综合能力能超过ChatGPT#[嘘][嘘][嘘];1;19;20;57276;0.0003491863956980236
11988;哪来的自信？？？？;8;13;21;57276;0.0003666457154829248
11997;他是不是没看过鱼香肉丝那几张图[允悲];1;27;28;57276;0.0004888609539772331
11999;笑不动了……[跪了]继华为之后从未觉得如此好笑[允悲];1;18;19;57276;0.00033172707591312244
12004;呼吸~❤;1;4;5;57276;8.72965989245059e-05
12065;gpt4生成网页那段是录的？？？;1;0;1;57276;1.745931978490118e-05
12070;我特别想知道一点，为什么敢发布如此初级的产品，都算不上半成品;1;0;1;57276;1.745931978490118e-05
12130;百度没有这个基因的。估计这玩意还得看后面的黑马公司;1;0;1;57276;1.745931978490118e-05
12202;李彦宏眼光放的很远，未来三十年都在计划之内;1;28;29;57276;0.0005063202737621343
12206;云盘，云计算这都是百度的优势;1;12;13;57276;0.00022697115720371534
12217;[允悲] http://t.cn/A6Cr5IhO;1;8;9;57276;0.00015713387806411063
12226;你们这些拿钱发帖的心亏不？;1;2;3;57276;5.237795935470354e-05
12230;嗯，强调的是chatgpt，而不是gpt，多少有点偷换概念了。其实如果仔细看看openai的API文档就会发现，chat只是其中一个接口。主要用于聊天，至于文生图，那是另一个接口，只是官方并没有直接开放出来体验，需要自己搭建。当然，效果也不怎么样就是了。其实bing也已经可以文生图了，同样也就那样。;1;0;1;57276;1.745931978490118e-05
12243;太不要脸了。意思是：我已经抄了一个了，你们别抄了。啥？你们想自己做？那不可能！;1;1;2;57276;3.491863956980236e-05
12265;以后每天给转到这吗？[赞];1;0;1;57276;1.745931978490118e-05
12267;想吃肉就认准#温酒斩庄#老师，不会让你白跑一趟;1;3;4;57276;6.983727913960472e-05
12275;这么说的话中国又赢了？;1;3;4;57276;6.983727913960472e-05
12278;自己去试，只要中英文有歧义的 ，绘出的画都是文不对题 ，应该就是蹩脚的机器英语翻译，然后境外的开放平台画出文不对题的画。;1;3;4;57276;6.983727913960472e-05
12280;附议！！！！！！谁不需要流量啊！酒香也怕巷子深;2;5;7;57276;0.00012221523849430827
12283;非常赞同，看看多少演技不错的人因为没有流量只能演配角或者长期没戏拍的;3;5;8;57276;0.00013967455827920943
12291;哥，你以后就是严肃文学批评家[嘻嘻][嘻嘻][嘻嘻];1;0;1;57276;1.745931978490118e-05
12293;冷知识：文心一格发布时间比Stable Diffusion早;7;1;8;57276;0.00013967455827920943
12304;这是文心一言？;3;0;3;57276;5.237795935470354e-05
12308;提问方式很重要，换种问法马上变弱智。 http://t.cn/A6Cr285P;1;1;2;57276;3.491863956980236e-05
12313;蹲[doge];1;0;1;57276;1.745931978490118e-05
12325;在理，chatgpt已经做了从0到1，可以利用这个接口再拓展，做到1到100，没必要再证明0到1，况且AI不止chatGPT，且chatgpt需要百亿英伟达芯片堆积，中国企业就设备来说已经做不到;2;2;4;57276;6.983727913960472e-05
12333;“使用的是互联网公开数据”，基本是承认拿着英文样本集在做了。;1;1;2;57276;3.491863956980236e-05
12339;还是得自己做一个出来，否则以后被国外制裁，又用不了了，各种软硬件不能被外国人垄断。千万不要目光长远一点。;1;0;1;57276;1.745931978490118e-05
12342;不方便撕[嘻嘻][嘻嘻][嘻嘻];2;3;5;57276;8.72965989245059e-05
12345;唉，你最近真的膨胀了[允悲][允悲];2;0;2;57276;3.491863956980236e-05
12348;不是老司机;1;1;2;57276;3.491863956980236e-05
12375;一个穿格子的都没有，差评;1;0;1;57276;1.745931978490118e-05
12378;图二是八十五岁的程序员吧;1;0;1;57276;1.745931978490118e-05
12381;套皮外国的，你看夫妻肺片那对夫妻都是外国夫妻的面孔。;2;9;11;57276;0.00019205251763391298
12389;@亡灵咒者d;1;0;1;57276;1.745931978490118e-05
12395;a bird crane in real world, by the lake, with a little fish in its beak. 为什么还有起重机？！ http://t.cn/A6CBspoy;3;0;3;57276;5.237795935470354e-05
12399;有没有可能因为mj本身就是外国人做的，所以他们生成图片需要把其他语言翻译成英文再生成？百度宣称全部自研，为啥不利用中文语义直接生成图片呢？换句话说，你用mj，使用描述文字Data Bus来生成图片，应该跟数据有关系，跟公交车区别较大吧。;2;0;2;57276;3.491863956980236e-05
12418;这点是事实;11;27;38;57276;0.0006634541518262449
12430;chatgpt对我而言更像是一个工具，用得顺手只会让我事倍功半。但国外版不支持中文，用的确实上头，现在百度愿意出手制作我觉得是个好事，甚至对大多数使用者都是好事，而对于文心一言，用的人越多，数据积累就越强，智能化程度就越高，侧面来看也是一个双赢的局面;11;12;23;57276;0.00040156435505272716
12442;车水马龙好像前几天就被优化了;5;16;21;57276;0.0003666457154829248
12448;胡说八道，偷换概念。你百度对应的应该是openai公司。ChatGPT.就是人工智能聊天的产品，但openai公司还有另外一个产品，DALL-E，这个产品是文生图的。;6;43;49;57276;0.0008555066694601578
12456;扯淡的事情很牛逼，这文生图有毛用啊？;2;14;16;57276;0.00027934911655841887
12459;弯道超车，领先全球！赢！;1;2;3;57276;5.237795935470354e-05
12500;他确实够不要脸的，Openai公司旗下ChatGPT跟Dall. e. 2，并且dall很早前就有了…;1;3;4;57276;6.983727913960472e-05
12510;这文生图打开百度一搜索不是出来一大堆图片，选一张拿出来就行了？;1;1;2;57276;3.491863956980236e-05
12524;不承认差距也是一种能力[赞][赞]奴隶国什么都比别人强，奴性天下无敌;1;0;1;57276;1.745931978490118e-05
12540;这都不是中国的灯的样式;1;0;1;57276;1.745931978490118e-05
12551;南京横盘五年了😮‍💨;1;0;1;57276;1.745931978490118e-05
12558;不是说套了个壳么[爱你]还是中文训练不够[爱你];3;0;3;57276;5.237795935470354e-05
12566;突然发现那个花近看也很漂亮哇[兔子];2;0;2;57276;3.491863956980236e-05
12591;原来在发布会上用录屏是这个原因。[允悲];1;0;1;57276;1.745931978490118e-05
12593;真的是非常期待有更成熟的产品;1;0;1;57276;1.745931978490118e-05
12598;为什么会有岩石元素，因为摇滚＝rock，哈哈哈百度这脸丢的真大;1;2;3;57276;5.237795935470354e-05
12601;已经被拉到跟美国同一个赛道进行比较就已经不算失败了，再过几年看呗，这又不是短跑比赛。 http://t.cn/A6CBBFLz;13;68;81;57276;0.0014142049025769956
12615;不是这样，字节的推荐算法可是独步天下呢。不同方面的起步差别而已;8;17;25;57276;0.0004364829946225295
12624;还有，要是落后于美国就是体制问题，那日本和欧洲这些老牌发达国家落后的更多的多，他们甚至连一个文心一言都拿不出来，AI方面也是整体落后于中国，难道他们也是体制问题？;16;47;63;57276;0.0010999371464487744
12641;需要这么多的数据标注，还不是AI自己不能判断么？既然依然是判断不是联想，那为啥叫“AI”呢？;11;2;13;57276;0.00022697115720371534
12653;早些年研究互联网卖菜去了;2;14;16;57276;0.00027934911655841887
12656;这个确实跟审核的尺寸有关。因为，因为人工智能生成的结果是未知的。很容易出界。好处是现在美国已经有了，政府也管不了这么多了，害怕这方面落后太多。还有一个技术路径选择，未知的。现在这条路已经能闯成功了，中国跟上就行。到了年底，中国至少会出2~3款让大家比较满意的产品。;4;0;4;57276;6.983727913960472e-05
12662;12306的图片认证全是训练模型吗？[允悲];1;1;2;57276;3.491863956980236e-05
12680;主要是我们没用肯尼亚2刀一天的小工[doge];3;0;3;57276;5.237795935470354e-05
12687;所以美国几个月前突然宣布要禁止中国的高性能芯片;1;0;1;57276;1.745931978490118e-05
12707;人工打标签你是认真搞笑的;1;0;1;57276;1.745931978490118e-05
12719;谷歌、meta等也落后了呀，包括因AlphaGo而不得了DeepMind，中国的AI计算中心据说都过剩了，数据标注产业在中国更是早就发展起来了，中国不说其它的，比人多可是没怕过谁，所以和这些关系都不大，其实就是OpenAI公司突然灵光乍现，异军突起，一下把所有人（中国、外国）都甩了几条街。。;1;0;1;57276;1.745931978490118e-05
12722;话说我一直搞不懂为啥挖矿、训练AI是用显卡，感觉挺神奇的[哆啦A梦吃惊];2;1;3;57276;5.237795935470354e-05
12726;终于对了一次;1;9;10;57276;0.0001745931978490118
12729;虽然不喜欢百度，但是这种没头没尾的抹黑算什么媒体？;3;2;5;57276;8.72965989245059e-05
12751;画的不错，下次头盔就做成这样[doge];19;0;19;57276;0.00033172707591312244
12771;这是我见过为数不多好看的图了[喵喵];19;0;19;57276;0.00033172707591312244
12814;我预约了，我是第1477201人[二哈][二哈][二哈][二哈];1;0;1;57276;1.745931978490118e-05
12821;代码归代码 语言处理归语言处理。你一个中文的 连自己的语言都处理不好 还去处理英文未免说不过去;1;2;3;57276;5.237795935470354e-05
12831;他在画画方面还是比较懂的;1;0;1;57276;1.745931978490118e-05
12833;说实话，这直接就把我看呆住了;1;0;1;57276;1.745931978490118e-05
12835;我的女朋友刚刚还在跟我讨论这个呢;1;0;1;57276;1.745931978490118e-05
12837;这个程序员画的真的是太形象了[doge];1;0;1;57276;1.745931978490118e-05
12843;他理解的是不是1935年的[doge];1;0;1;57276;1.745931978490118e-05
12847;这样的说法还是比较认同的;1;0;1;57276;1.745931978490118e-05
12849;人工智能还是有很大的市场空间的;1;0;1;57276;1.745931978490118e-05
12865;这就是李彦宏的格局，注定成不了大事;1;3;4;57276;6.983727913960472e-05
12871;可是感觉能创造的收益也会很多很多，值得投资;1;7;8;57276;0.00013967455827920943
12873;对于我们来说，只要跟着大方向走，我相信一定是没有问题的。;4;6;10;57276;0.0001745931978490118
12878;我感觉这一方面的前景的话，还是挺好的，起码对于现阶段的状况来看的话;1;3;4;57276;6.983727913960472e-05
12901;没电了，经济基础公司不敢这样;1;0;1;57276;1.745931978490118e-05
12911;如此昂贵的训练成本是需要投入大量的设备和人力物力吧？！;2;5;7;57276;0.00012221523849430827
12915;文心一言是自己真真正正的捣鼓出来的，感觉还不错;1;1;2;57276;3.491863956980236e-05
12945;但凡去用过文心一言就能知道，这是真自研的，因为它目前的水平完全不足以和chatgpt相提并论。这是好事，说明中国是有厂商在自主研发这一块的。别忘了chatgpt现在是4.0，而文心一言只是刚推出几天的初始版本，所接受的训练太少。;1;0;1;57276;1.745931978490118e-05
12947; 我身边的程序员朋友都对文心一言的评价很积极，我自己也稍微懂一点，文心一言绝对不是套壳的，不论其他，至少人家敢自主研发这一块，先于国内其他厂商，就该鼓励，该赞扬。;1;0;1;57276;1.745931978490118e-05
12949;#百度回应文心一言文生图套壳质疑#我觉得文心一言如果不是套壳，那它骨子里天生是有点子幽默细胞的。 ​;1;0;1;57276;1.745931978490118e-05
12951;说实话，对百度很失望，这么些年越来越差劲;1;0;1;57276;1.745931978490118e-05
12953;确实带来了欢乐，强推一个不成熟的产品蹭热度，结果股票跨跨往下跌，谁看了不笑出声[笑cry];1;0;1;57276;1.745931978490118e-05
12955;需要时间成长，国外的一开始也不完美啊;1;0;1;57276;1.745931978490118e-05
12957;尽管是困难重重，但百度作为全世界第一家站出来挑战ChatGPT的中国民营企业，精神确实可嘉;1;0;1;57276;1.745931978490118e-05
12973;Newbing现在都还没通过邀请[困];1;0;1;57276;1.745931978490118e-05
12975;我的怎么死活不给画;1;0;1;57276;1.745931978490118e-05
12988;图片评论 http://t.cn/A6CBFlBQ;1;0;1;57276;1.745931978490118e-05
12990;没毛病啊，如果把中文拆为王，冰冰，不是一样理解？？;1;0;1;57276;1.745931978490118e-05
13015;意思是承认了？还是怎么样？有网友解释一下吗？;1;0;1;57276;1.745931978490118e-05
13038;这更吓人的来了[黑线];20;78;98;57276;0.0017110133389203156
13059;只能说要走的路还很长吧[允悲];21;41;62;57276;0.001082477826663873
13081;这操作绝了啊。看不懂;10;28;38;57276;0.0006634541518262449
13092;请问夫妻肺片那个女的的肺呢？;6;16;22;57276;0.00038410503526782597
13099;这也太惊悚了;8;18;26;57276;0.0004539423144074307
13108;看完吓死我了;5;9;14;57276;0.00024443047698861654
13114;这是出来搞笑的吧;3;2;5;57276;8.72965989245059e-05
13119;，梵高看了估计会不梵高吧;1;1;2;57276;3.491863956980236e-05
13121;这图片看起来很恐怖，幸好是白天看了[允悲];1;2;3;57276;5.237795935470354e-05
13123;有点儿接受不了;2;1;3;57276;5.237795935470354e-05
13132;看着挺吓人的，希望下次能改进吧[允悲];1;1;2;57276;3.491863956980236e-05
13134;所以说是来搞笑的吗[欢乐熊出没][欢乐熊出没][欢乐熊出没] http://t.cn/A6CBYizQ;1;0;1;57276;1.745931978490118e-05
13147;说实话，对百度很失望，这么些年越来越差劲;1;1;2;57276;3.491863956980236e-05
13204;我只能说真有你的;1;1;2;57276;3.491863956980236e-05
13212;这有点太抽象了;1;1;2;57276;3.491863956980236e-05
13215;带来欢乐？不是为娱乐来的？;1;2;3;57276;5.237795935470354e-05
13217;骨瘦如柴，太可怕了;1;2;3;57276;5.237795935470354e-05
13219;这画风咋越来越难看，，，有点可怕;2;4;6;57276;0.00010475591870940707
13224;这个我都没用过[嘻嘻];3;4;7;57276;0.00012221523849430827
13233;这个有没有定发布会是几号？;1;1;2;57276;3.491863956980236e-05
13235;润和软件;1;1;2;57276;3.491863956980236e-05
13238;这篇论文是哪篇有doi不;2;3;5;57276;8.72965989245059e-05
13241;百度不是中文搜索引擎最好的吗，这么多年积累了啥[允悲];2;1;3;57276;5.237795935470354e-05
13317;留言互动赢金星奖励什么时候发放;1;0;1;57276;1.745931978490118e-05
13326;弯道超车，我们是内行。[哈哈];2;40;42;57276;0.0007332914309658496
13329;这芯那心，扒开都是一颗骗人的心;1;37;38;57276;0.0006634541518262449
13331;从那些搞笑bug迅速被百度fix来看，是修复了翻译环节，一个大模型不可能几个小时或一两天内retrain的，这个fix恰恰暴露其套壳的行为;1;30;31;57276;0.0005412389133319365
13341;给我们百度一点时间，毕竟的 底层逻辑需要基础;1;2;3;57276;5.237795935470354e-05
13344;据称调用了ChatGPT;1;2;3;57276;5.237795935470354e-05
13360;GBT又没有开源，套什么壳;2;2;4;57276;6.983727913960472e-05
13378;你咋画的啊？为什么我无论给什么主题，出来的全是风景画啊？;3;2;5;57276;8.72965989245059e-05
13387;因为中文没有高质量的图文数据集。使用现有开源的英文数据集很正常，百度应该是把英文数据集直接翻译成中文之后进行训练的，像这些标注信息缺少上下文，直接机翻成中文，很容易一个英文单词翻译成多个中文词汇;2;1;3;57276;5.237795935470354e-05
13390;1、胸有成竹 2、雪糕刺客 3、雀食牛鼻 4、熊心豹胆 5、充电宝 6、东坡肘子 7、自挂东南枝 8、摩托罗拉 9、一个20岁的资深程序员;4;36;40;57276;0.0006983727913960472
13395;图9确实可以[doge]资深程序员;1;10;11;57276;0.00019205251763391298
13397;小孩的手指有点惊悚;1;10;11;57276;0.00019205251763391298
13400;心有猛虎？百年树人？;1;2;3;57276;5.237795935470354e-05
13419;用国外开源代码—》中国自主创新[泪][泪][泪];1;5;6;57276;0.00010475591870940707
13422;感觉它是抄的，画风很欧美;1;1;2;57276;3.491863956980236e-05
13425;你吃西餐跟你是外国人是两码事，你这都分不清。别不懂装懂;9;0;9;57276;0.00015713387806411063
13435;建议先了解下百度的ernie-vilg大模型;3;0;3;57276;5.237795935470354e-05
13441;真的是这样的嘛？感觉真的未来随着科技的发展更需要文科生的;9;10;19;57276;0.00033172707591312244
13451;嗯 希望可以和chatgpt相比可以一较高下的那种 加油[打call];2;6;8;57276;0.00013967455827920943
13454;个人感觉这样的版本确实挺牛的，可以值得安排。;1;3;4;57276;6.983727913960472e-05
13483;主要是文科涉及感情分析，这块是ai的薄弱环节，未来ai的逻辑分析肯定强于人类;1;3;4;57276;6.983727913960472e-05
13488;必须要懂编程，才能指挥AI编程，文科生就算了吧;1;0;1;57276;1.745931978490118e-05
13508;为什么感觉它在顺着你的话说;2;0;2;57276;3.491863956980236e-05
13515;所以，大股东到底花落谁家？;2;0;2;57276;3.491863956980236e-05
13521;真是羡慕，不过肯定也是有过人之处的;1;1;2;57276;3.491863956980236e-05
13523;那我可以去你们那里吗？[doge];1;1;2;57276;3.491863956980236e-05
13525;只要是人才就不怕没有人会不认可的;1;0;1;57276;1.745931978490118e-05
13527;这样的事情不太好[允悲];1;0;1;57276;1.745931978490118e-05
13529;真的羡慕[酸][酸][酸];1;1;2;57276;3.491863956980236e-05
13555;现在学来的及吗[允悲];1;0;1;57276;1.745931978490118e-05
13557;谁说的来着：“风来了，猪都飞得起来！”;3;9;12;57276;0.00020951183741881415
13561;就那鱼香肉丝和驴肉火烧，其他公司还挖人呢……;2;4;6;57276;0.00010475591870940707
13564;只花一百万，就能换来成亿万融资。;1;1;2;57276;3.491863956980236e-05
13581;想起了当年把国外的芯片买回来，改个标签就能拿很多钱的年代！;1;5;6;57276;0.00010475591870940707
13583;不算套皮;1;0;1;57276;1.745931978490118e-05
13600;不知道算命准不准;1;13;14;57276;0.00024443047698861654
13604;那就是老师和学生比拼，看谁用得溜了[笑cry];1;2;3;57276;5.237795935470354e-05
13606;必须禁止。只有专业人士才可以用;1;0;1;57276;1.745931978490118e-05
13633;狡辩不成了，再怎么行业惯例的数据，不经过翻译这一步骤，不会出现那个情况;1;0;1;57276;1.745931978490118e-05
13638;[鞭炮声声][鞭炮声声][鞭炮声声];5;11;16;57276;0.00027934911655841887
13644;[兔年红包][兔年红包];5;11;16;57276;0.00027934911655841887
13650;[钢镚儿][钢镚儿];5;9;14;57276;0.00024443047698861654
13692;盘古NLP大模型在总排行榜及分类、阅读理解单项均排名第一，刷新三项榜单世界历史纪录，总排行榜得分83.046，多项子任务得分业界领先,是目前最接近人类理解水平 (85.61)的预训练模型。 华为ChatGPT三年磨一剑，鹏程盘古大模型是业界首个千亿级生成和理解中文 NLP大模型，目前最接近人类理解水平模型。;2;6;8;57276;0.00013967455827920943
13695;这个好吃，叫什么？;1;1;2;57276;3.491863956980236e-05
13697;徐总什么时候发布一下美食排行推荐榜单 期待;1;0;1;57276;1.745931978490118e-05
13699;盘古又不对外开放[汗]你有啥可激动的;4;2;6;57276;0.00010475591870940707
13704;菊花牌小作文[doge];1;2;3;57276;5.237795935470354e-05
13706;希望是真的而不只是小作文呀[允悲];1;1;2;57276;3.491863956980236e-05
13708;恰如猛虎卧荒丘，潜伏爪牙忍受[二哈]。他日若得报怨仇，血染…………;1;1;2;57276;3.491863956980236e-05
13710;[good][good][good][给力][给力][给力];1;0;1;57276;1.745931978490118e-05
13712;看着好吃，但我吃不了牛羊猪的肉[笑cry];1;0;1;57276;1.745931978490118e-05
13714;徐总这个我喜欢吃[嘻嘻][老师好];2;0;2;57276;3.491863956980236e-05
13717;华为真技术;2;1;3;57276;5.237795935470354e-05
13720;牛;1;0;1;57276;1.745931978490118e-05
13722;吹的这么猛好吗？是骡子是马牵出来溜溜;1;1;2;57276;3.491863956980236e-05
13724;牛[鲜花];1;0;1;57276;1.745931978490118e-05
13726;HUAWEI才是那个该上市的科创一哥;2;0;2;57276;3.491863956980236e-05
13737;前几天看CHATGPT的开发者说发展下去提示工程师也可以不需要了.......;2;1;3;57276;5.237795935470354e-05
13741;是是是，基因突变的生化版鱼香肉丝[污] http://t.cn/A6Cr3n3g;2;0;2;57276;3.491863956980236e-05
13744;《松鼠撅鱼》;3;0;3;57276;5.237795935470354e-05
13756;第一个问题第二段第二句话的虽然但是，我没看懂有啥转折逻辑[允悲];1;1;2;57276;3.491863956980236e-05
13766;产品不行，怕现场出问题呗，那么简单的道理。;1;17;18;57276;0.00031426775612822125
13784;光宗耀祖了老弟。[赞];1;0;1;57276;1.745931978490118e-05
13804;请帮我画一张松鼠桂鱼[doge];1;0;1;57276;1.745931978490118e-05
13815;科技发展的两面性，无法逃避，也不能逃避，正视他，掌握他，利用他！;1;3;4;57276;6.983727913960472e-05
13818;估计压根就没啥准备，现在估计还在加班加点测试demo，还取了个这么拗口的名字;1;1;2;57276;3.491863956980236e-05
13823;why;3;0;3;57276;5.237795935470354e-05
13830;感觉果然是科技改变生活;1;5;6;57276;0.00010475591870940707
13855;不是说自己研发的吗[doge];1;0;1;57276;1.745931978490118e-05
13857;笑死了[二哈];1;0;1;57276;1.745931978490118e-05
13859;要下载吗;1;0;1;57276;1.745931978490118e-05
13865;销量跟太多因素都有关系，反正我觉得岚图也没那么糟;1;1;2;57276;3.491863956980236e-05
13878;价格定位太高了;1;0;1;57276;1.745931978490118e-05
13891;你好，你感兴趣的“今日看盘”已开通了超话社区～ 超话社区是微博旗下兴趣互动社区，快来与志同道合的小伙伴们一起交流互动吧！ 戳我进入>> #今日看盘[超话]#;2;0;2;57276;3.491863956980236e-05
13901;这届网友太难带了，好会整活;1;0;1;57276;1.745931978490118e-05
13903;这离谱的绘画。真的是一个比一个绝呀[笑cry][笑cry];1;0;1;57276;1.745931978490118e-05
13912;以后能预测地震吗？;1;0;1;57276;1.745931978490118e-05
13920;爱国=爱美国，起重机=Crane=鹤；鱼香肉丝=鱼+肉丝，夫妻肺片=夫妻+肺片……中国特色的人工智能！;1;458;459;57276;0.008013827781269642
13927;中国再也没有包容开放的心胸了;1;8;9;57276;0.00015713387806411063
13946;如果给这种变态一个改过自新的机会，他就会认识到自己的错误，而不是更加嚣张吗;1;0;1;57276;1.745931978490118e-05
13952;厉害啊，真chat[偷笑];1;0;1;57276;1.745931978490118e-05
13971;wps真有这么高吗[允悲];5;1;6;57276;0.00010475591870940707
13987;好像说国际版会接入[晕];1;0;1;57276;1.745931978490118e-05
13989;请问生成的图片长边是多少？;2;1;3;57276;5.237795935470354e-05
13992;你得用文心一格去比，图片质量会高很多;1;0;1;57276;1.745931978490118e-05
14014;沙发[打call];1;0;1;57276;1.745931978490118e-05
14026;你应该连百度文心有哪些大模型都不知道吧;10;0;10;57276;0.0001745931978490118
14037;大厂都签了竞业禁止协议的。;1;0;1;57276;1.745931978490118e-05
14040;真的很担心 gpt4太强了 [泪];1;0;1;57276;1.745931978490118e-05
14044;这个粉丝，是为了要你的微信！;1;2;3;57276;5.237795935470354e-05
14046;金领，年薪7亿人民币。;2;1;3;57276;5.237795935470354e-05
14051;我还跟我们县长握过手，我骄傲了么[哈哈];2;0;2;57276;3.491863956980236e-05
14057;8倍速变心[笑cry][笑cry];1;2;3;57276;5.237795935470354e-05
14067;文化差异;1;0;1;57276;1.745931978490118e-05
14074;你哪里见过加油站十个开在一起的[二哈][二哈][二哈][二哈];3;4;7;57276;0.00012221523849430827
14080;难道不是因为人家是真的突破创新，百度是套皮，大家当然自己套，只有自己人才知道自己几斤几两？;1;4;5;57276;8.72965989245059e-05
14084;聊天聊错了无所谓，导航倒错地方可大可小啊，急啥呢;1;2;3;57276;5.237795935470354e-05
14097;我是一个追梦人，我的梦，不过就是你。;1;0;1;57276;1.745931978490118e-05
14101;[doge]爱国的猫怎么解释;2;0;2;57276;3.491863956980236e-05
14105;终于等待姐姐更新啦！以为你不回来了捏呜呜呜[泪][泪][泪][泪][泪];2;1;3;57276;5.237795935470354e-05
14109;好久不见[泪][抱一抱];1;0;1;57276;1.745931978490118e-05
14114;我感觉他还是不错啊，跳槽工资更多为什么不跳槽;3;8;11;57276;0.00019205251763391298
14118;在选择专业的时候一定要好好选择，不能选错了专业;1;5;6;57276;0.00010475591870940707
14124;是GPT 4.0吗？;2;0;2;57276;3.491863956980236e-05
14127;@尚佰高定：请教楼主：我买了您的方弗相机会员，我是用iPhone14promax，用您的方弗相机拍照，拍照界面的2x模式，原理是不是和iPhone14promax原相机里面的2x模式一样：用主镜头4800万像素拍摄成像，然后从中间裁剪1200万像素从而形成2倍变焦拍摄[作揖][可爱]@凉子的狗狗;7;0;7;57276;0.00012221523849430827
14139;是不是@侃哥侃英语;1;2;3;57276;5.237795935470354e-05
14145;大的那边ss跟丢了哇;1;1;2;57276;3.491863956980236e-05
14148;AI发展的真的是很快的。[心];1;0;1;57276;1.745931978490118e-05
14150;人工智能技术真的很厉害。[心];1;0;1;57276;1.745931978490118e-05
14165;等等党：等WPS接入了，老子就买正版的微软办公软件;7;47;54;57276;0.0009428032683846638
14173;想多了吧。zf单子不要了;5;29;34;57276;0.0005936168726866401
14182;WPS会员很好用;1;2;3;57276;5.237795935470354e-05
14187;WPS好坑的，很多小功能要登陆或者会员才能用;3;2;5;57276;8.72965989245059e-05
14216;文心一言如果是别的中国企业做的或许还有人帮着说话，但是一看是韩度？哦，那算了吧。[允悲][允悲];3;10;13;57276;0.00022697115720371534
14220;为什么要嘲讽文心一言？事物总有个发展过程。;2;1;3;57276;5.237795935470354e-05
14240;昨天归集了一下链上钱包[笑cry]真想都提走又怕以后发空投没我的  真是纠结  加油加油 gm蛋总;8;2;10;57276;0.0001745931978490118
14249;蛋总早[心];2;1;3;57276;5.237795935470354e-05
14252;这行情整的早餐都要少吃些了;2;0;2;57276;3.491863956980236e-05
14255;蛋总早，天天教人赚钱，蛋总辛苦啦[good];2;0;2;57276;3.491863956980236e-05
14262;几百u我能看上[哼]，你看不上，说明你也看不起我[哼];1;0;1;57276;1.745931978490118e-05
14264;蛋总早[打call];1;0;1;57276;1.745931978490118e-05
14266;啥时候以太暴雷破灭，这玩意吸血太多，产出多少吸血的藤壶;1;0;1;57276;1.745931978490118e-05
14268;蛋总，要是2025年才来牛市熬死很多人[允悲];1;0;1;57276;1.745931978490118e-05
14270;早 蛋总;1;0;1;57276;1.745931978490118e-05
14272;不能自己做点嘛;1;0;1;57276;1.745931978490118e-05
14274;今天是我今年起得最早的一天;1;0;1;57276;1.745931978490118e-05
14293;早，蛋总，最近被流感折磨好痛苦;1;0;1;57276;1.745931978490118e-05
14301;涨不涨无所谓，摆烂了[允悲][允悲][允悲]，我就是那个最蠢的韭菜[打call];2;0;2;57276;3.491863956980236e-05
14304;人太笨了，蛋总的搬砖，实在是学不来;3;0;3;57276;5.237795935470354e-05
14361;居然才铁三，太懒了[笑cry];1;0;1;57276;1.745931978490118e-05
14452;对的，几秒钟搞定的东西，非要十倍以上浪费时间http://t.cn/A6CdRvxi;2;2;4;57276;6.983727913960472e-05
14455;人间http://t.cn/A6CdQrFo;4;2;6;57276;0.00010475591870940707
14460;公然对抗法律，呵http://t.cn/A6Cd8bCA;3;1;4;57276;6.983727913960472e-05
14464;浙博的武林馆前段时间第一次去，也是最后一次了，5月4日永久闭馆，换地方了。哈哈评论区在吐嘈打光，我当时也说这，打光和一些布展真的无语透了。http://t.cn/A6Cd8uiR;3;1;4;57276;6.983727913960472e-05
14468;打得漂亮，以及，跳楼男孩很让人唏嘘http://t.cn/A6Cd8UMC;3;2;5;57276;8.72965989245059e-05
14472;对呀，未成年人不受处罚，被伤害的也是未成年人，她们的公平呢;1;2;3;57276;5.237795935470354e-05
14474;一样的一样的;1;0;1;57276;1.745931978490118e-05
14478;[送花花][送花花][送花花][送花花][送花花][送花花][送花花];1;0;1;57276;1.745931978490118e-05
14481;一看就是亲生的，长相气质都一样[doge]http://t.cn/A6CdQ8ys;1;1;2;57276;3.491863956980236e-05
14484;桑葚不能细看;2;0;2;57276;3.491863956980236e-05
14487;因为都像虫子[允悲];1;0;1;57276;1.745931978490118e-05
14490;赞！文言一心是等国性别观念的照妖镜 未来可期[吐];2;9;11;57276;0.00019205251763391298
14494;唉 :-( 科技要发展到什么程度 世界才不再原始野蛮;1;5;6;57276;0.00010475591870940707
14496;我用的glow;2;0;2;57276;3.491863956980236e-05
14499;怎么用的我很需要[来];2;0;2;57276;3.491863956980236e-05
14504;[666];1;0;1;57276;1.745931978490118e-05
14506;6666;1;0;1;57276;1.745931978490118e-05
14525;马哥让文心一言帮我画一个可爱的萨摩耶和一个双马尾女生，结果出来的图片是这样的[喵喵] http://t.cn/A6CeEYNW;5;320;325;57276;0.005674278930092883
14531;老马，贴吧就是百度的，如果问自家产品都不准，那岂不是？？？;3;139;142;57276;0.0024792234094559674
14535;马哥，文心一言说实话也就，刚开始起步，但凡是用过文心一言，内测也去了的人就该知道文心一言其实还有很长的一段路要走。;2;222;224;57276;0.0039108876318178646
14540;马哥，这两个我都还没有用过，看了你的体验，我也试一试;4;6;10;57276;0.0001745931978490118
14555;虽然我看不懂，但是马哥体验过，还是相信他[并不简单]不过文心一言看起来很厉害的样子;2;2;4;57276;6.983727913960472e-05
14560;这个也太厉害吧，画的好形象呀[哈哈][哈哈][哈哈];1;0;1;57276;1.745931978490118e-05
14572;你试的这个就是个冒牌货，在各大应用商店截流文心一言，文心压根没有应用程序[允悲];1;0;1;57276;1.745931978490118e-05
14583;客观的来讲，我觉得文心技术不是一般人能偷走的;7;14;21;57276;0.0003666457154829248
14591;任何东西刚开始肯定是有些地方不够好的，期待完善;6;15;21;57276;0.0003666457154829248
14598;还没公测这么就有人开始描黑它这也不太好吧我觉得;4;12;16;57276;0.00027934911655841887
14604;所以我觉得对任何消息一定要理性对待才行，继续关注就行;1;4;5;57276;8.72965989245059e-05
14630;万万没有想到，这文心一言出来之后，国内的声音反而要比国外的声音更加不友善;6;14;20;57276;0.0003491863956980236
14637;这么复杂的文件，怎么可能随便抄起来？技术怎么可能被偷窃到[允悲];7;11;18;57276;0.00031426775612822125
14645;我们自己的产品必需要支持一下啊，不能这样诋毁;2;5;7;57276;0.00012221523849430827
14648;对呀，这么复杂的一个软件可不是说抄就抄的;1;4;5;57276;8.72965989245059e-05
14653;咋就突然穿出来抄袭了呢 研发一张科技真的很不容易啊 不要乱说哦;1;1;2;57276;3.491863956980236e-05
14675;@想可;1;0;1;57276;1.745931978490118e-05
14699;在另一个平行宇宙，人类选择的是文心一言，然而天网依然降临。这时人类才发现是文心一言选了ChatGPT;1;7;8;57276;0.00013967455827920943
14702;告诉大家一个秘密，在百米跑步上，我其实和博尔特也就几秒的差距…;7;8;15;57276;0.00026188979677351773
14712;永远落后2个月是吗？;1;0;1;57276;1.745931978490118e-05
14717;这个真的笑啊[doge];1;2;3;57276;5.237795935470354e-05
14719;没有马，差评[doge];1;1;2;57276;3.491863956980236e-05
14724;李哥脸皮越来越厚了[doge];1;2;3;57276;5.237795935470354e-05
14738;中文能用吗，口人犯什么的，连人类都懵逼;1;1;2;57276;3.491863956980236e-05
14745;扎实研究出优质的AI产品一定可以的，我们也支持;10;19;29;57276;0.0005063202737621343
14756;现在人工智能技术真的太先进了，莫名感到了危机感;2;9;11;57276;0.00019205251763391298
14759;为啥突然开始传文心一言是套壳的啊 咋这么突然 好奇怪了;2;5;7;57276;0.00012221523849430827
14762;大家一定要多一点耐心啊，一定要相信文心一言;2;2;4;57276;6.983727913960472e-05
14802;天上一天，地上一年呢。;3;5;8;57276;0.00013967455827920943
14819;它还是很有实力，与谁合作与否否认不了自身的实力;3;0;3;57276;5.237795935470354e-05
14828;国外再好终究不是你的，自己相比起别人落后了，就应该奋起直追，不去自己骗自己，才是正确积极的心态，实事求是嘛。;2;11;13;57276;0.00022697115720371534
14831;如果可以，我想先劝劝百度善良点;1;10;11;57276;0.00019205251763391298
14833;来说的还是很准;1;2;3;57276;5.237795935470354e-05
14835;厉害真厉害，博主牛逼克拉斯;2;3;5;57276;8.72965989245059e-05
14838;瞎黑什么呀;1;1;2;57276;3.491863956980236e-05
14840;很想用chatGPT关键国家不让[二哈][二哈];2;3;5;57276;8.72965989245059e-05
14843;说的很有道理;1;1;2;57276;3.491863956980236e-05
14845;厉害了文心一言;1;1;2;57276;3.491863956980236e-05
14847;对对对，不要黑;1;1;2;57276;3.491863956980236e-05
14849;人都要善良一点;1;1;2;57276;3.491863956980236e-05
14851;说的没错;1;1;2;57276;3.491863956980236e-05
14853;什么情况;1;1;2;57276;3.491863956980236e-05
14855;还是要的善良点;1;1;2;57276;3.491863956980236e-05
14857;厉害真厉害，博主牛逼克拉斯;1;1;2;57276;3.491863956980236e-05
14862;劝人善良;1;1;2;57276;3.491863956980236e-05
14885;李彦宏的脑子🧠被莆田系医院🏥修过了[doge][doge][doge];1;44;45;57276;0.0007856693903205531
14887;呸;1;18;19;57276;0.00033172707591312244
14889;感觉努力还是可以追上他们的。;1;3;4;57276;6.983727913960472e-05
14891;我感觉他们水平也是差距不大的。;1;2;3;57276;5.237795935470354e-05
14895;雪碧和雷碧就差一个字;1;3;4;57276;6.983727913960472e-05
14905;情况一，他自己也不懂，在已经听不到真话的情况下，信任的技术人员这样告诉他的，他就这样认为。 情况二，他懂这个，但是为了炒热度故意这么说的，这样就有话题。;1;1;2;57276;3.491863956980236e-05
14949;说的没错，自己研发的技术也不会让别人抢占市场。;9;20;29;57276;0.0005063202737621343
14959;不明白为什么一旦新产品出现一点问题 网络上总会出现一些喷子;5;8;13;57276;0.00022697115720371534
14965;现在的智能技术真的是越来越厉害了，希望不要过度;1;6;7;57276;0.00012221523849430827
14967;文心一言的开发也是基于我们科技发展进步的支撑啊。;2;9;11;57276;0.00019205251763391298
14970;文心一言的开发来源于我们科技进步的发展，让我们一起拭目以待吧;1;4;5;57276;8.72965989245059e-05
14986;这个说的真是太对了，自己研发的产品怎么能给别人呢;2;1;3;57276;5.237795935470354e-05
14994;感觉真是说得太对了，没有人会把自己辛辛苦苦的成果分给别人;1;3;4;57276;6.983727913960472e-05
14996;面临这样的相关技术确实有一定的因素，态度很重要;1;3;4;57276;6.983727913960472e-05
14998;李彦宏的产品，一看就要会员，不然就只回答一半;1;1;2;57276;3.491863956980236e-05
15000;驴:我招你惹你了;1;0;1;57276;1.745931978490118e-05
15002;肯定回答也要分竞价排名，给钱的先回答，没给的不回答，分成的多回答，娃哈哈[doge];1;1;2;57276;3.491863956980236e-05
15009;其他不敢说论吹牛，你比gpt会吹[doge]，以前是全世界最大的中文搜索引擎，以后可能叫最大的中文人工智能产品[吃瓜];1;6;7;57276;0.00012221523849430827
15024;松鼠鳜鱼是松鼠把鱼撅了是吧（;5;250;255;57276;0.004452126545149801
15030;有一种异样的美，就像丧尸暴龙兽;1;82;83;57276;0.001449123542146798
15044;@沉默时刻收藏家;1;0;1;57276;1.745931978490118e-05
15046;[doge][doge][doge][doge] http://t.cn/A6CeJiz6;1;0;1;57276;1.745931978490118e-05
15068;@橙极思酣  @零冬几时 @颂桃野- @clj-小太阳  @麻酱炸锅锅锅 @Oioo_铲颗星星 @心软恋記 @九月循环曲_ @奶油豆豆包 @星河皆是熙@麻辣烤羊肉@澤野潤松_@缪斯之饵_ @愛神小貓-  @限量糖老鸭_嘎 @恋妹循环_@-窃罪突击@小恩幻想曲@小铲子Su_ @糕冷小芙@川菜菜菜菜_;1;2;3;57276;5.237795935470354e-05
15071;@爱咬指头的阿灰锅锅;1;0;1;57276;1.745931978490118e-05
15083;两个月我信，单位是光年;5;16;21;57276;0.0003666457154829248
15089;为什么没有人上去泼点东西让他清醒清醒[黑线];1;9;10;57276;0.0001745931978490118
15091;空壳子套别人的数据;1;8;9;57276;0.00015713387806411063
15093;再次说明了别人几年/几十年做出来的东西我们一天就行了，甚至几分钟;1;4;5;57276;8.72965989245059e-05
15107;难度恐怕不小。就算百度算法很强大，这里还有算力问题，越高级越复杂的，算力要求越高，硬件问题百度解决不了。ChatGPT的原理就必须依赖算力，算力不足就出不来合理的结果，就像优等生十分钟就做完的题，有人1小时也做不出来，他的考试成绩不会好，哪怕他思路是正确的;1;1;2;57276;3.491863956980236e-05
15116;李彦宏这个诈骗集团头目[吐];1;8;9;57276;0.00015713387806411063
15125;一个月之后再瞧瞧[doge];1;12;13;57276;0.00022697115720371534
15177;买了那么多年觉得最好的还是#Niu遍满市# 老师、实战经验丰富、比其他事后诸葛的老师强太多了[打call][打call]​;1;0;1;57276;1.745931978490118e-05
15179;买了那么多年觉得最好的还是#Niu遍满市# 老师、实战经验丰富、比其他事后诸葛的老师强太多了[打call][打call]​;1;0;1;57276;1.745931978490118e-05
15181;都是什么理解能力[允悲]，人家的意思是要多元发展，不要所有人都去注重这个，就像一个做玻璃的，确实Chat GPT对他没用啊。没毛病吧，要各司其职。;1;5;6;57276;0.00010475591870940707
15183;一边说大学生学不到东西，一边说人工智能没用，全都去学蓝领技术继续给欧美打工？;1;8;9;57276;0.00015713387806411063
15191;目前為止所有的都是炒作⋯⋯;2;1;3;57276;5.237795935470354e-05
15194;说你有  你就有;1;0;1;57276;1.745931978490118e-05
15196;朦胧美。说明要进军AI;1;0;1;57276;1.745931978490118e-05
15198;闭嘴，你有;1;2;3;57276;5.237795935470354e-05
15202;但能怎么样，除了阿度，国内还有谁做，赶快支持呀[允悲][doge];2;0;2;57276;3.491863956980236e-05
15205;一二十年还差不多;1;0;1;57276;1.745931978490118e-05
15207;哈哈哈哈，我去试了那个涂鸦一格，想画个鲁迅遛狗，结果没画出来。。。;1;0;1;57276;1.745931978490118e-05
15209;确实是松鼠鳜鱼呀[doge][doge];1;0;1;57276;1.745931978490118e-05
15233;文心一言现在看是不完美的，但是相信经过更多的训练，未来会越来越好;5;15;20;57276;0.0003491863956980236
15239;我觉得一旦生产出来了，就要肯定他是有潜力的。;6;17;23;57276;0.00040156435505272716
15246;现在看来文心一言确实会有一些不完美的地方经过时间的沉淀一定会越来越好的;4;11;15;57276;0.00026188979677351773
15251;新东西刚开始操作当然会碰到很多问题 慢慢解决就不是什么大事;3;5;8;57276;0.00013967455827920943
15274;放p[送花花][送花花][送花花];3;7;10;57276;0.0001745931978490118
15278;ChatGPT：6;1;9;10;57276;0.0001745931978490118
15280;哄自己还可以，还想哄“哥们”？[doge];1;3;4;57276;6.983727913960472e-05
15282;无人汽车，多少年了[笑而不语];2;3;5;57276;8.72965989245059e-05
15285;6;1;2;3;57276;5.237795935470354e-05
15287;说得好像人家不改进一样[doge];2;3;5;57276;8.72965989245059e-05
15290;啥时候手机语音助手能有ChatGPT 这种水平那就算真感受到科技进步了[doge];1;1;2;57276;3.491863956980236e-05
15292;两个月，洒洒水啦[doge];1;1;2;57276;3.491863956980236e-05
15312;不，寒武纪是人工智能龙头;1;0;1;57276;1.745931978490118e-05
15334;翻译一下：两个月以后就给他抄得明明白白;1;1;2;57276;3.491863956980236e-05
15345;其实这差距一看就能看出来;1;0;1;57276;1.745931978490118e-05
15347;其实两者之间的差距并不明显的。;1;1;2;57276;3.491863956980236e-05
15349;我也是非常赞同他这样的说法。;1;2;3;57276;5.237795935470354e-05
15351;现在研发的速度还是很快的很有可能;1;0;1;57276;1.745931978490118e-05
15380;大放厥词;1;0;1;57276;1.745931978490118e-05
15382;[吃惊]又在放屁;1;1;2;57276;3.491863956980236e-05
15403;训练时间不够，不好用是正常的，大家之前质疑是不是用的开源的2.0，但现在来看是自研，很不错了;7;12;19;57276;0.00033172707591312244
15411;百度文心一言发布了至少是做了，而且要做。其他公司除了画饼还能做什么。[滑稽];1;5;6;57276;0.00010475591870940707
15413;文心一言刚出来的时候被人各种冷嘲热讽，但我始终觉得如果是真的自研的，咱们跨出了这第一步，就应该鼓励，以后慢慢发展就是了，为啥要冷嘲热讽？GPT再好也是别人家的东西;1;6;7;57276;0.00012221523849430827
15415;我们应该给这个初出茅庐尚有点不自信的孩子多点包容和理解！;1;5;6;57276;0.00010475591870940707
15417;这样的勇气真的是很难得的;1;0;1;57276;1.745931978490118e-05
15424;支持666;1;2;3;57276;5.237795935470354e-05
15434;文心一言套皮的可能性在我看来极小了！希望不要黑他[可怜];5;11;16;57276;0.00027934911655841887
15440;最近chatGPT和百度的文心一言挺火的，这项技术和以往的产品相比，有着颠覆性的变化;3;8;11;57276;0.00019205251763391298
15445;分析的很有道理啊，这么大的公司也不会做这么蠢的事;1;4;5;57276;8.72965989245059e-05
15447;文心一言套皮的可能性基本为零 这么大的公司不会做这么蠢的事情;1;3;4;57276;6.983727913960472e-05
15450;真的是没有必要去黑，我也不太懂到底发生了什么，默默吃瓜;1;3;4;57276;6.983727913960472e-05
15462;就理性吃瓜就行了，我就默默的看结果了;1;2;3;57276;5.237795935470354e-05
15466;咱们就是说也不知道怎么回事，还是默默吃瓜吧[允悲];5;5;10;57276;0.0001745931978490118
15481;别人有的，咱也有。别人没有的，咱们当然也没有;1;2;3;57276;5.237795935470354e-05
15487;按光年计算的一两个月？[哈哈][哈哈][哈哈];1;2;3;57276;5.237795935470354e-05
15505;一直很奇怪他为什么能今天还存在。百度还存在。;1;4;5;57276;8.72965989245059e-05
15513;转发微博;1;0;1;57276;1.745931978490118e-05
15534;百度广告公司套壳做派太low;1;3;4;57276;6.983727913960472e-05
15538;但差距也不是非常的明显。;1;1;2;57276;3.491863956980236e-05
15552;在商业变现，比如和莆田系医疗合作的水平上，文心一言遥遥领先;1;37;38;57276;0.0006634541518262449
15554;对于本土产品要多点耐心;3;14;17;57276;0.00029680843634332006
15569;喷的人，耳光不谢，除非你们觉得自己比Gartner更专业[偷笑] http://t.cn/A6CDA9gz;1;2;3;57276;5.237795935470354e-05
15589;没吃葡萄怎么能说葡萄酸呢？[doge];1;0;1;57276;1.745931978490118e-05
15591;我感觉这一定是有人造谣;1;0;1;57276;1.745931978490118e-05
15593;这才刚出来不久，肯定会慢慢改善的。;1;0;1;57276;1.745931978490118e-05
15641;我准备今晚抢枪神7超劲版了[doge];20;1;21;57276;0.0003666457154829248
15662;我觉得大家要包容一些新事物，要给它发展的时间和空间，不要一开始看到它不完善就扼杀摸黑;19;3;22;57276;0.00038410503526782597
15682;有问题可以指正，但为了黑而黑，就是SX;18;29;47;57276;0.0008205880298903555
15703;百度都承认了使用开源的stable disfussion;1;1;2;57276;3.491863956980236e-05
15758;腾讯业界的口碑一直都还挺好的吧？;1;0;1;57276;1.745931978490118e-05
15768;文心一言究竟是不是套壳AI呢？;2;0;2;57276;3.491863956980236e-05
15783;哎呀，我怎么是二三四楼，我不应该是一二三吗;2;2;4;57276;6.983727913960472e-05
15790;这不是思维 这是对已有信息归集一个最优解;2;6;8;57276;0.00013967455827920943
15798;有提示词吗？我可以帮你问，但是我感觉不要指望她，他现在的能力相当于去年Gpt刚出来时的七八成吧，与现在的比还差的远。;4;0;4;57276;6.983727913960472e-05
15806;[doge]没毛病吧飞天月名副其实的呢！;1;1;2;57276;3.491863956980236e-05
15812;别点我[怒]  程序员也好不到哪去[怒];3;0;3;57276;5.237795935470354e-05
15816;对不起来，都是用的开源 gpt，除了最外面套的壳是国产的。即没有核心竞争力，也难以形成差异竞争力;12;9;21;57276;0.0003666457154829248
15829;这种创新不是军事化管理的公司能做的出来的;2;27;29;57276;0.0005063202737621343
15834;不是绑架情怀牌子能出来的东西;1;6;7;57276;0.00012221523849430827
15859;[摊手]NLP是Bert的领域，ChartGPT是GPT领域，一个encode一个decode怎么对标？这文章作者了解transformer再来凯凯而谈[摊手];1;2;3;57276;5.237795935470354e-05
15863;以前咋没推出来;3;4;7;57276;0.00012221523849430827
15869;觉得误区来源于 GPT有从语义context流中misunderstood是提问者在问问话者自己是否可以和母亲或父亲 get married。这也是网络交流没有语义语音抑扬顿挫而容易引出误解误读的致命通在;1;0;1;57276;1.745931978490118e-05
15878;这一对比，文心一言真是差啊;1;0;1;57276;1.745931978490118e-05
15884;如果你不懂AI训练原理，还是别轻易下结论;10;12;22;57276;0.00038410503526782597
15896;美国有了核弹，为何我们还有再重复的再造一次;3;0;3;57276;5.237795935470354e-05
15934;不能一棍子打死，支持国产;3;0;3;57276;5.237795935470354e-05
15940;不像一事无成啊[允悲];1;2;3;57276;5.237795935470354e-05
15945;怎么定义一事无成呢，当时大学才毕业考上了本校的研究生，但是当时有一份和自己专业无关的国企工作机会，当时选择了工作放弃了读研，后面在工作当中因为各种原因换了几家单位，都不算太理想，现在年过而立，儿子也已经两岁，重新选择了考研。这算不算一事无成呢，相比于同期的同学自己走的路比较曲折;1;2;3;57276;5.237795935470354e-05
15951;你可拉倒吧。。。。[doge];1;19;20;57276;0.0003491863956980236
15953;就像鸿蒙是套壳安卓那样？[doge];1;5;6;57276;0.00010475591870940707
15979;好久不见，我和小伙伴们都在人工智能的超话社区等你，快点来看看吧，回家指路>>#人工智能[超话]#;1;0;1;57276;1.745931978490118e-05
15981;还是让他继续好好发展吧;28;32;60;57276;0.001047559187094071
16010;别急，各家的人工智能还没上来呢，时候就直接接入手机的手机助手里;13;16;29;57276;0.0005063202737621343
16024;所以为什么文心一言被大家一直批评，就是因为目前为止他的差距还挺大的，就发布，怪不得要出现一个问题。;3;7;10;57276;0.0001745931978490118
16028;安兔兔还能测试这个玩意？我以为只能测试手机性能[笑cry];1;4;5;57276;8.72965989245059e-05
16030;感觉现在的文心一言还是起步阶段，出来的效果有点差强人意了，但愿以后可以完善起来，否则只会让人失望;2;3;5;57276;8.72965989245059e-05
16116;好好科研，不断进步吧;1;1;2;57276;3.491863956980236e-05
16123;现在百度这个还是个半成品，不够成熟吧，希望能慢慢追赶上来吧[笑cry][笑cry][笑cry];1;1;2;57276;3.491863956980236e-05
16125;文心一言相对于其他的软件，还是存在很大的差距，希望可以再接再厉吧;3;4;7;57276;0.00012221523849430827
16129;百度的差距还是很明显的[汗];1;2;3;57276;5.237795935470354e-05
16131;没有逻辑的东西，是现代科技不能理解的。比如巫术。;5;29;34;57276;0.0005936168726866401
16137;自己都做不到一致性的事儿，这不是难为机器嘛;3;20;23;57276;0.00040156435505272716
16143;不能，因为计算机没法望闻问切;2;7;9;57276;0.00015713387806411063
16146;直接死机;1;1;2;57276;3.491863956980236e-05
16148;小心我们的知识产权就这么被毫不知觉的一点儿一点儿自己送到了人家的知识库中去了。最后真变成自己把自己卖了，还叫好，还帮着数钱。;1;1;2;57276;3.491863956980236e-05
16150;科学还没有发明出来读脉象的机器;2;0;2;57276;3.491863956980236e-05
16172;@午夜抽风症患者 @网课网名是_ [吃瓜];1;0;1;57276;1.745931978490118e-05
16193;“比如贴吧里的梗”，什么梗？;1;37;38;57276;0.0006634541518262449
16218;没打开以为是林丹;1;0;1;57276;1.745931978490118e-05
16220;吗呀[允悲];1;0;1;57276;1.745931978490118e-05
16222;四个奶头是有什么故事么[doge];2;1;3;57276;5.237795935470354e-05
16225;大小眼又是怎么回事[允悲][允悲][允悲];1;0;1;57276;1.745931978490118e-05
16227;我吐了[二哈];1;0;1;57276;1.745931978490118e-05
16229;。。。。。;1;0;1;57276;1.745931978490118e-05
16232;笑啦[笑cry];1;0;1;57276;1.745931978490118e-05
16248;看到这两个图，我真的是惊呆了[doge];1;0;1;57276;1.745931978490118e-05
16250;这应该是一种后现代的艺术吧。;1;0;1;57276;1.745931978490118e-05
16252;我有点不太理解这种艺术;1;0;1;57276;1.745931978490118e-05
16255;用了一段时间之后，就不用了…;10;7;17;57276;0.00029680843634332006
16266;小迪，基本上可以解决80%以上，需要手工操作的功能，识别率准确度在99%以上[笑而不语];13;15;28;57276;0.0004888609539772331
16280;语音指令有点尴尬啊[笑cry];9;4;13;57276;0.00022697115720371534
16290;手点一下就完了，干嘛要说呢[笑cry];8;3;11;57276;0.00019205251763391298
16299;[锦鲤附体][锦鲤附体];17;5;22;57276;0.00038410503526782597
16317;听歌用[笑哈哈];9;6;15;57276;0.00026188979677351773
16364;不是抄，是二道贩子;2;0;2;57276;3.491863956980236e-05
16372;闭门沟通[doge];3;0;3;57276;5.237795935470354e-05
16376;好好干活吧;1;0;1;57276;1.745931978490118e-05
16378;这都能取消[允悲];1;0;1;57276;1.745931978490118e-05
16380;我还预约了;1;0;1;57276;1.745931978490118e-05
16382;挺好的  外行看门道还喜欢指手画脚;1;0;1;57276;1.745931978490118e-05
16391;我觉得这样的发布会取消的话，也是因为一些部门做的不到位;2;4;6;57276;0.00010475591870940707
16400;新品发布会取消了呀，突然出现了情况;3;1;4;57276;6.983727913960472e-05
16406;这既是为了激活微信知识资源存量，也是为了积累大数据，为推出类似GPT AI工具打基础。;1;0;1;57276;1.745931978490118e-05
16408;得了吧，下次直接来我家椰子鸡party;1;0;1;57276;1.745931978490118e-05
16410;不好意思七  看到吃完两个人都窜了实在没绷住（我很高冷的）;1;0;1;57276;1.745931978490118e-05
16412;笑死，吐槽太可爱勒[笑哈哈];1;1;2;57276;3.491863956980236e-05
16414;哈哈哈哈哈哈哈哈哈哈哈哈哈哈哈下次我们吃点别的[彩虹屁][彩虹屁][彩虹屁];3;2;5;57276;8.72965989245059e-05
16423;秦兵马俑看着还是非常宏伟的啦，超级想去现场看看;6;7;13;57276;0.00022697115720371534
16430;目前还是能了解到这种AI的复原技术确实是发展比较好的呀;3;4;7;57276;0.00012221523849430827
16436;好家伙 竟然还可以这样 这就是科技的力量啊 优秀;1;4;5;57276;8.72965989245059e-05
16465;我敲，这玩意看起来挺有意思的;1;4;5;57276;8.72965989245059e-05
16489;有没有适合35岁的人的工作[悲伤];1;1;2;57276;3.491863956980236e-05
16513;问问chat美国什么时候消失  地球多久被人类毁灭;3;0;3;57276;5.237795935470354e-05
16522;我也不会画画，但是我很讨厌整点特征和元素就往一张图上堆，就跟不会写文的把自己认识的所有好词好句放一个章节里一样[揣手];1;1;2;57276;3.491863956980236e-05
16525;读懂你的表情了[太开心];1;0;1;57276;1.745931978490118e-05
16528;捏脚按摩;1;0;1;57276;1.745931978490118e-05
16541;简历上写个，熟练掌握chatgpt，工资都敢多要2K。;2;2;4;57276;6.983727913960472e-05
16544;文心一言不是转接口吗[允悲][允悲];4;1;5;57276;8.72965989245059e-05
16549;文心还有很长的路要走呀;1;0;1;57276;1.745931978490118e-05
16551;风口涨薪[允悲];1;0;1;57276;1.745931978490118e-05
16553;ml dl cnn  调参 难度应该不大[打call];1;0;1;57276;1.745931978490118e-05
16555;那会是移动互联网浪潮，这会是人工智能浪潮，那会急需APP，这会门槛非常高，会大模型的人非常少，一般的公司也做不了这个[哈哈];1;0;1;57276;1.745931978490118e-05
16560;@胜利主义章北海  你的爱友 矮油 啧啧 http://t.cn/A6CkiF6I;1;36;37;57276;0.0006459948320413437
16562;这不任正非吗？;6;53;59;57276;0.0010300998673091696
16586;@小火箭piu_piu 哈哈哈哈哈啊哈哈哈哈哈;1;0;1;57276;1.745931978490118e-05
16590;@吃个鸭梨先 笑死;1;0;1;57276;1.745931978490118e-05
16608;@坏蛋臭狗熊;1;0;1;57276;1.745931978490118e-05
16631;这回答非常系统，但是很不接地气[吃瓜];1;3;4;57276;6.983727913960472e-05
16638;用过他家摄像头产品，还不错;1;0;1;57276;1.745931978490118e-05
16642;可是国内一直限制gpt 原因到底在哪里呢;36;30;66;57276;0.0011523151058034779
16679;gpt4动摇了我对意识的认知;14;142;156;57276;0.0027236538864445843
16694;我怕我没了工作[跪了];20;56;76;57276;0.0013269083036524898
16715;这5次科技浪潮，全产生在美国，不得不说句……;14;73;87;57276;0.0015189608212864028
16730;“人类可能只是硅基智能的引导程序。”;1;81;82;57276;0.0014316642223618967
16732;我怎么进不去那个网址[悲伤];3;4;7;57276;0.00012221523849430827
16736;也有观点称chatGPT乃至LLM不产生信息，只产生像信息的句子，这个观点没法被推翻的;2;14;16;57276;0.00027934911655841887
16740;大胆推测一下，科技行业的第六个浪潮可能是脑机接口，人类距离永生或许不会太远，就像阿西莫夫的《最后的问题》里那样，人类不再需要肉体，个体的思想可以全部汇集到云端，在网络上实现永生，成为真正的硅基生命体。可惜我是肯定看不到了。;4;9;13;57276;0.00022697115720371534
16745;故事的最后，终究是拍出钢铁侠的国家造出了贾维斯;1;22;23;57276;0.00040156435505272716
16747;Alice会使用everything搜索[跪了];3;20;23;57276;0.00040156435505272716
16803;通用ai作为一种底层技术应当免费，人人都可以用，类似安卓开源，但在底层ai上衍生出的产品可以收费。如果通用ai收费，那用于训练ai的数据也应当收费，普通人上网就能赚钱。;1;1;2;57276;3.491863956980236e-05
16824;落后的源头要从2000年的游戏机禁令开始;2;1;3;57276;5.237795935470354e-05
16836;很好奇AGI快要成了，那专用的AI呢，比如医学影像的诊断这种，能聊一聊吗，AGI会对这些内容有帮助吗;1;0;1;57276;1.745931978490118e-05
16845;我测试了下chatgpt.  小明：一点小意思.领导：你这是什么意思？小明：意思意思.领导：你这就不够意思了.小明：小意思,小意思.领导：你这人真有意思.小明：其实也没有别的意思.领导：那我就不好意思了.小明：是我不好意思.提问：以上“意思”分别是什么意思? http://t.cn/A6CkfAsQ;1;7;8;57276;0.00013967455827920943
16855;搞科技、做企业、弄投资、建组织的，不重视社会根本运行机制，一定会碰壁。古今中外，殷鉴比比皆是。从热闹起，所谓聊天智能之类的玩意已经热闹了一个月，最多也就再热闹一个月就会出现大规模亏损、暴雷之类的事件。;2;2;4;57276;6.983727913960472e-05
16889;差的不是一星半点;1;18;19;57276;0.00033172707591312244
16894;小学生与高中生的区别[允悲];1;2;3;57276;5.237795935470354e-05
16918;问题 1.帮我画一枝河师大的玉兰花 2.帮我画一枝河师大的桃花 3.帮我画一枝河师大的杏花 4.帮我画一枝河师大的海棠花 5.来河南师范大学一起看春天的美景来赏花吧;5;0;5;57276;8.72965989245059e-05
16924;非常冒昧打扰了 请问可以帮我用文言一心问几个问题吗（本人大学牲要帮学校剪视频 申请了账号还不知道等多久通过;3;0;3;57276;5.237795935470354e-05
16928;你好 可以帮大学生问一些问题吗？;1;0;1;57276;1.745931978490118e-05
16930;上午好[鲜花];1;0;1;57276;1.745931978490118e-05
16944;我了解的少，我感觉百度很努力，也有些东西，怎么端上台面的都是这么萌萌的幽默的;3;3;6;57276;0.00010475591870940707
16951;一个情感博主懂什么叫大模型不？恐怕连基本原理都没明白是啥，为了黑而黑;1;0;1;57276;1.745931978490118e-05
16953;好久不见[咖啡];1;1;2;57276;3.491863956980236e-05
16963;一个菜贩子能有多高大上[允悲];1;0;1;57276;1.745931978490118e-05
16969;[笑cry]你觉得哪个好？;2;0;2;57276;3.491863956980236e-05
16974;总是事后诸葛[允悲];1;0;1;57276;1.745931978490118e-05
16978;晚安[爱你];1;0;1;57276;1.745931978490118e-05
16981;文心一言发展的挺快，科技创新[打call];9;9;18;57276;0.00031426775612822125
16991;应该技术会越来越强大。;5;8;13;57276;0.00022697115720371534
16997;让出行更加智能化;1;5;6;57276;0.00010475591870940707
16999;科技发展迅速，让我们生活更美好;1;4;5;57276;8.72965989245059e-05
17015;发展的速度真的很惊人;3;5;8;57276;0.00013967455827920943
17021;现在APP的chat gpt是不是不能连接了;4;0;4;57276;6.983727913960472e-05
17029;我才下载了一个文心一言的app，用了一次马上就删了，胡乱说。和chatp差距真的很大，大到十万八千里。;3;0;3;57276;5.237795935470354e-05
17036;同样问题chatgpt的回答要是有对比就好玩了;4;1;5;57276;8.72965989245059e-05
17041;你这真的是拉偏架啊 智者千虑必有一失 愚者千虑必有一得 有意思么;2;2;4;57276;6.983727913960472e-05
17059;现在还要申请名额吗[笑cry];5;0;5;57276;8.72965989245059e-05
17141;OpenAI意识到即将被百度超越，希望大家暂停，自己就能保住领先位置[坏笑];2;78;80;57276;0.0013967455827920943
17144;停止比chatgpt4更先进的AI的模型训练。百度那个肯定不在停止之列吧。;3;12;15;57276;0.00026188979677351773
17148;文心一言不是ChatGPT启动器嘛[doge];1;16;17;57276;0.00029680843634332006
17167;为什么呼吁暂停呀？;1;1;2;57276;3.491863956980236e-05
17220;人家压根不需要洗白，文心一格的论文明明白白的写着使用的开源数据集，标签直接机翻成中文，就是这一部因为英文没有上下文容易出现歧义，造成现在有些图翻车而已。文心一格去年九月份就发布了，不过用的人少，没人关注罢了，现在随着文心一点的调用才火的，而且论文2021年就发布了;13;0;13;57276;0.00022697115720371534
17234;很形象[笑cry];1;0;1;57276;1.745931978490118e-05
17236;king ice ice[doge];1;3;4;57276;6.983727913960472e-05
17245;我应该看不到那一天了！[允悲];1;0;1;57276;1.745931978490118e-05
17247;人类会把电源拔掉;1;0;1;57276;1.745931978490118e-05
17253;听说钟薛高的新产品是 AI取的名？;14;21;35;57276;0.0006110761924715413
17295;有没有关系无所谓，炒起来了，收割了是真主题;1;3;4;57276;6.983727913960472e-05
17302;这里面比较好的商汤在港股跌麻了[汗];2;0;2;57276;3.491863956980236e-05
17318;哈哈哈哈他是通过股票交易抓的数据吗[笑cry][笑cry]//@讴德王:问好了，不过看起来收钱是无望了，可能还要倒贴钱[笑cry][笑cry][笑cry] http://t.cn/A6N4iPqd //@丘游志在:帮我问问呗，我也想收钱[笑cry];5;2;7;57276;0.00012221523849430827
17324;帮我问问呗，我也想收钱[笑cry];2;2;4;57276;6.983727913960472e-05
17327;说的你好像没吃过理想的大米似的[doge];1;0;1;57276;1.745931978490118e-05
17329;这是摊牌了，不装了是吧[doge];1;0;1;57276;1.745931978490118e-05
17331;厉害啊，难怪有谍照;1;0;1;57276;1.745931978490118e-05
17333;老王你原来一直都是在潜伏啊[doge];1;0;1;57276;1.745931978490118e-05
17335;老王看来你是藏不住了[允悲][允悲][允悲];1;0;1;57276;1.745931978490118e-05
17337;《理想汽车恶劣对待员工又添猛料，6年老员工维权无门》。够制作一千条短视频了。;1;1;2;57276;3.491863956980236e-05
17339;@理想汽车 @理想汽车法务部 快来帮员工维权[doge][doge][doge];1;0;1;57276;1.745931978490118e-05
17341;@李想 [666];1;0;1;57276;1.745931978490118e-05
17343;[嘻嘻]哈哈哈，还是老王藏的深！ 差点以为你是车友;2;1;3;57276;5.237795935470354e-05
17352;都不看好，都想着在套扶持补贴;1;0;1;57276;1.745931978490118e-05
17368;真的吗？收到[doge]@黄诗扶;1;0;1;57276;1.745931978490118e-05
17370;意思是，黄黄四月份还要发新歌？;2;0;2;57276;3.491863956980236e-05
17380;啊呵[揣手]。看来jpt好像是去收割大佬的。[揣手];2;3;5;57276;8.72965989245059e-05
17383;那几个外包公司非要凑什么热闹，就是你软通和润和;1;0;1;57276;1.745931978490118e-05
17385;永远赶不上热乎的;1;0;1;57276;1.745931978490118e-05
17387;我的一个微信群一年前就在用类似技术，群里其中一个就是机器人，每天总结群里发言，平时还能回答提问，但不是马上给答案。久而久之大家就调侃这个机器人，都是用脏话与机器人对骂，最后这个机器人回答问题都是带着脏字出来的;1;0;1;57276;1.745931978490118e-05
17417;华为的不算——是提供算力训练的平台;1;0;1;57276;1.745931978490118e-05
17420;文心一言，给我几个内测码！[doge];2;1;3;57276;5.237795935470354e-05
17423;为什么叫文心一言呢[羞嗒嗒];1;1;2;57276;3.491863956980236e-05
17425;[doge]能不能中奖;2;0;2;57276;3.491863956980236e-05
17428;明天上证50能飞起来吗;1;0;1;57276;1.745931978490118e-05
17430;有世界末日吗when[并不简单];1;0;1;57276;1.745931978490118e-05
17432;是不是基于openai 训练的模型[二哈][二哈];1;2;3;57276;5.237795935470354e-05
17434;晚上吃什么;1;0;1;57276;1.745931978490118e-05
17437;能给我把这个梦画下来么？我梦到下大雨，自己还开船，在游乐园带着兔子做过山车，我们两个双手抓栏杆在空中旋转;1;0;1;57276;1.745931978490118e-05
17440;梁非凡和刘醒谁厉害？[doge];1;0;1;57276;1.745931978490118e-05
17442;可以搜集数据吗;1;0;1;57276;1.745931978490118e-05
17444;会设置情感训练吗;1;0;1;57276;1.745931978490118e-05
17447;你能帮我写一篇古言虐文吗;1;0;1;57276;1.745931978490118e-05
17449;Robin的百家号名为啥叫白皮松林啊[思考];1;0;1;57276;1.745931978490118e-05
17451;百度公司，现在有多少人？;1;0;1;57276;1.745931978490118e-05
17453;我有个朋友姓杨，请给他儿子取个名字，三个字，要求古风古韵，最好霸气一些;1;0;1;57276;1.745931978490118e-05
17455;以“论信息系统项目的干系人管理”为题写一遍小论文，三千字以内。;1;0;1;57276;1.745931978490118e-05
17457;百度在公司一天能吃几顿[doge]，伙食好不好[泪]？;1;0;1;57276;1.745931978490118e-05
17487;中午好;2;0;2;57276;3.491863956980236e-05
17525;新必应功能强大可怕;1;1;2;57276;3.491863956980236e-05
17536;就是响应号召，在国有参股企业之间调节利润[doge];1;1;2;57276;3.491863956980236e-05
17541;对本国的产品，建议给点耐心，毕竟才刚起步，美国外，也就中国还能在这个领域有所作为。你这显得有点刻薄。;1;1;2;57276;3.491863956980236e-05
17549;[允悲][允悲][允悲]我问了里耶秦简，竟然跟我说里耶在陕西宝鸡;1;1;2;57276;3.491863956980236e-05
17556;文心一言先天不足，但也不是没机会后天补。想通商业盈利模式后，资本家想尽办法都会赶上来的。;1;0;1;57276;1.745931978490118e-05
17583;王小川还是算了吧，自己先研究出来再评价别人;1;13;14;57276;0.00024443047698861654
17592;李彦宏：人老，实话不多 王小川：人老实，话不多;1;41;42;57276;0.0007332914309658496
17594;承认落后不丢人;1;14;15;57276;0.00026188979677351773
17596;说真的，前天拿到了文心一言的测试名额，体验过后没那么不堪，很简单，要喷先用，比不上国外，但至少不差;7;3;10;57276;0.0001745931978490118
17604;虽然对李彦宏无感，但是王小川这回复的情商真低;1;2;3;57276;5.237795935470354e-05
17607;2015年，OpenAi立项的时候，百度在干啥？2015年百度都干了啥？2015年百度还有哈想干而又没干的？;1;3;4;57276;6.983727913960472e-05
17611;这也要带李彦宏？是怕没热度吧;1;1;2;57276;3.491863956980236e-05
17614;李彦宏原话是“文心一言差不多是今年 1 月份 ChatGPT 的水平，但差距不大，可能只是一两个月的时间”，那时gpt是3.5，文心一言确实有一拼，所以别硬黑。其次AI行业1个月要比物理时间更宽泛，训练模型，调教算法可执行数轮，上升不止一个level，所以本意就是差距大。李彦宏还算是一个比较实诚企业家了。;1;1;2;57276;3.491863956980236e-05
17616;真金白银的投入，真实的热爱，漫长的等待才会有伟大的产品，而不是看着哪个方向火就做什么;1;1;2;57276;3.491863956980236e-05
17635;王小川？带5000万美金进场chatgpt？我想问一下王小川你那5000够打个水票吧？骗投资人就行了;1;1;2;57276;3.491863956980236e-05
17642;提醒了我可以用gpt [打call];1;0;1;57276;1.745931978490118e-05
17656;中美谁会在21世纪先登月[嘻嘻];1;1;2;57276;3.491863956980236e-05
17658;明天股票暴涨的是哪支[doge];3;0;3;57276;5.237795935470354e-05
17662;小度小度，帮我问问，怎么过英语四级？;1;0;1;57276;1.745931978490118e-05
17664;小度小度，给我一个内测码;2;0;2;57276;3.491863956980236e-05
17668;我想把欠的账清了。压力太大;2;0;2;57276;3.491863956980236e-05
17671;下一期的福利彩票与体育彩票的双色球与大乐透的一等奖号码，我想下100注一等奖号码[doge];1;0;1;57276;1.745931978490118e-05
17673;画个海绵宝宝[doge];1;0;1;57276;1.745931978490118e-05
17675;如何才能不熬夜[awsl];1;0;1;57276;1.745931978490118e-05
17677;什么时候暴富[太开心];1;0;1;57276;1.745931978490118e-05
17679;把大象装冰箱，总共分几步;1;0;1;57276;1.745931978490118e-05
17681;华为员工的评论工资有多少？;1;0;1;57276;1.745931978490118e-05
17683;希望你不要不识好歹，赶紧给我内测码[doge][doge][doge][开学季];1;1;2;57276;3.491863956980236e-05
17685;树上骑个猴地上一个猴，问总共几个猴;1;0;1;57276;1.745931978490118e-05
17687;文心一言和GPT谁更厉害;1;1;2;57276;3.491863956980236e-05
17689;请问西安啥时候没雾霾[苦涩];1;0;1;57276;1.745931978490118e-05
17691;明天天气怎样;1;0;1;57276;1.745931978490118e-05
17693;你知道今天是什么日子吗？;3;0;3;57276;5.237795935470354e-05
17697;教我唱歌的技巧;1;0;1;57276;1.745931978490118e-05
17699;大胆，还不给我[挖鼻];1;0;1;57276;1.745931978490118e-05
17701;下周双色球号码;1;0;1;57276;1.745931978490118e-05
17703;沙尘暴几点到上海;1;1;2;57276;3.491863956980236e-05
17705;你好 请给我发个内测码 谢谢[吃瓜];1;0;1;57276;1.745931978490118e-05
17715;Sage、Claude+、 Claude-instant 、Dragonfly;1;1;2;57276;3.491863956980236e-05
17717;微博：夹去之间[交税];2;22;24;57276;0.0004190236748376283
17720;后面三个跟前面两个，是一回事儿嘛？[doge][doge]我怎么看着…不像啊[坏笑][坏笑];1;0;1;57276;1.745931978490118e-05
17740;回复@苏今偏要勉強:P的图，图标和内容的位置不可能都一样;1;0;1;57276;1.745931978490118e-05
17744;还有电力吧;6;0;6;57276;0.00010475591870940707
17772;估计之后买的新的会接入，之前已经出售的不会自动更新（我问过我的小爱同学）;1;0;1;57276;1.745931978490118e-05
17783;商汤的也不错，放贷的不一定靠谱[打call][打call];1;4;5;57276;8.72965989245059e-05
17785;阿里的大数据在中国应该是排第一的。;1;3;4;57276;6.983727913960472e-05
17787;放贷大模型 网购大模型 广告大模型 又请下一位追梦人[允悲];1;9;10;57276;0.0001745931978490118
17789;商汤排不了第一？;1;3;4;57276;6.983727913960472e-05
17802;都有技术沉淀，国内重视起科技是好事，实力这块感觉还是百度更强;1;1;2;57276;3.491863956980236e-05
17805;名称改为两个字：文心，千问，就清爽多了;1;77;78;57276;0.0013618269432222922
17808;这是不是意味着话语权还是在年龄大的人手上。大家为了生存卑躬屈膝;3;20;23;57276;0.00040156435505272716
17814;文心大模型的名字很早就有了......;8;3;11;57276;0.00019205251763391298
17825;ChatGPT是人话？;1;3;4;57276;6.983727913960472e-05
17827;一言对千问，腾讯出个万道;1;2;3;57276;5.237795935470354e-05
17845;但领导们张口闭口“客户优先”;1;0;1;57276;1.745931978490118e-05
17864;是这样的，直接上IEEE;1;0;1;57276;1.745931978490118e-05
17868;这个问题真人会被骗到，而文心一言也被骗到了，所以文心一言更像真人[doge];1;42;43;57276;0.0007507507507507507
17870;我靠，我和文心一言的答案一样啊;5;19;24;57276;0.0004190236748376283
17876;万一小明是个闺女呢;5;12;17;57276;0.00029680843634332006
17882;差的不是一个等级;2;1;3;57276;5.237795935470354e-05
17885;图片评论 http://t.cn/A6NbD3Ei;3;11;14;57276;0.00024443047698861654
17889;换个端口的浏览器，狗屁文心一言;1;0;1;57276;1.745931978490118e-05
17899;题目没说小明是男孩儿啊，只说小明妈妈有三个儿子，那么三儿子很有可能叫三毛，而女儿叫小明。比如蔡明，郭蔼明;1;0;1;57276;1.745931978490118e-05
17903;感觉都非常的有实力啊;1;0;1;57276;1.745931978490118e-05
17905;没有想到，国内AI竞赛中都开始内卷起来了;1;0;1;57276;1.745931978490118e-05
17907; 我感觉国内大型产品要开始内卷了;1;0;1;57276;1.745931978490118e-05
17909;看来这个互联网公司都在研发自己的AI智能这也太卷了。[允悲];1;0;1;57276;1.745931978490118e-05
17922;钟形曲线的顶点吧，之后会回归理性的[doge];2;4;6;57276;0.00010475591870940707
17925;想多了，机器能发编制？//@你值不值得我去爱:几千万公务员猛替代[笑cry][笑cry];1;3;4;57276;6.983727913960472e-05
17927;去年元宇宙概念推出时卖课的也是这波人吧，想必当时交学费的也还是如今的这波人，B端的应用普通人学了意义不大，C端的应用讲求用户上手度，也不会做得难度很大，现在花费大量时间报课学这些，就像是给两岁的孩子报班学英语，毛用没有;1;14;15;57276;0.00026188979677351773
17929;同一品类商品会不会行成一模一样的文案视频?;1;1;2;57276;3.491863956980236e-05
17931;几千万公务员猛替代[笑cry][笑cry];2;2;4;57276;6.983727913960472e-05
17935;具体怎么干呢;1;1;2;57276;3.491863956980236e-05
17970;等了多久哇;1;0;1;57276;1.745931978490118e-05
17973;哇哦～我的siri也是这么跟我说的[打call];2;0;2;57276;3.491863956980236e-05
17978;博博，我想你试试用它来：以此人对美国播报新闻时候的风格来模仿一下来点评自己（有点绕啊，但是很想试，不会用chatgpt，帮个忙呗）;1;0;1;57276;1.745931978490118e-05
17980;我邮箱登不上了 换节点也不行;1;0;1;57276;1.745931978490118e-05
17991;北京道路拥堵是什么原因？;2;0;2;57276;3.491863956980236e-05
17994;明天晚上双色球开奖号码[阴险];2;0;2;57276;3.491863956980236e-05
17997;如何评价维特根斯坦和罗素之间的友谊？;1;0;1;57276;1.745931978490118e-05
17999;帮我描写一个以蜘蛛为原型的鬼怪外形;2;0;2;57276;3.491863956980236e-05
18002;帮我问问国内怎么使用chatgpt[doge];2;0;2;57276;3.491863956980236e-05
18005;晚餐吃什么;2;0;2;57276;3.491863956980236e-05
18008;内测排队到几号了？我在 70 万，有生之年还有机会吗？[酸];1;1;2;57276;3.491863956980236e-05
18010;真的有平行时空吗？会有世界上的另一个我吗？;1;0;1;57276;1.745931978490118e-05
18012;商汤大模型造假是真的吗？;2;0;2;57276;3.491863956980236e-05
18015;给我画一个可爱的兔子，这个兔子要有一个大大的蝴蝶结，还要有一个棒棒糖[送花花];1;0;1;57276;1.745931978490118e-05
18017;评论区的帅哥美女点点赞，这条微博明天点赞不超25我就不能为你们打工啦[跪了][跪了][跪了]，中国人help中国人[开学季][开学季];1;1;2;57276;3.491863956980236e-05
18019;某个地方万达发生什么事了？;1;0;1;57276;1.745931978490118e-05
18021;续写红楼梦丢失的后四十回;1;0;1;57276;1.745931978490118e-05
18023;这几天的沙尘暴啥时候结束;1;0;1;57276;1.745931978490118e-05
18025;我叫我女朋友的男朋友应该叫什么？;1;0;1;57276;1.745931978490118e-05
18027;我来，我什么时候能中度度子的奖[酷];2;0;2;57276;3.491863956980236e-05
18041;@小米校园俱乐部-天津石油职业: 长春道路为什么也拥堵[允悲][doge];1;0;1;57276;1.745931978490118e-05
18045;我骨子里也是个价值投资者[允悲];3;0;3;57276;5.237795935470354e-05
18049;Gogogo  only only only;1;0;1;57276;1.745931978490118e-05
18051;访问zncht.cn体验国内版chatgpt;1;0;1;57276;1.745931978490118e-05
18060;会提问真的是个非常重要的能力。我发现在熟悉的领域我能提出有质量的问题，在不熟悉的领域根本想不到问题。想了想可能是抓核心要点能力不足。虽然我知道这不是能从什么书上学来的，但我还是想问问四哥有没有能启发这方面能力的书？;1;7;8;57276;0.00013967455827920943
18062;www.anthropic.com/product;1;9;10;57276;0.0001745931978490118
18064;要不要试用下quora旗下的poe.com，能直接使用Claude和gpt3.5，订阅之后还能使用Claude+和gpt4。;5;13;18;57276;0.00031426775612822125
18070;沈大佬，通义千问怎么样？;1;0;1;57276;1.745931978490118e-05
18079;宅男们仙侠游戏玩多了;1;0;1;57276;1.745931978490118e-05
18081;航天取名字也挺厉害;1;0;1;57276;1.745931978490118e-05
18083;我问它我的耳机听不到声音了，要挂哪科，它告诉耳鼻喉[doge];1;4;5;57276;8.72965989245059e-05
18092;他怎么知道这么大的秘密㊙️;3;9;12;57276;0.00020951183741881415
18096;哈哈哈哈哈哈全世界都知道;1;0;1;57276;1.745931978490118e-05
18098;哈哈哈哈必须点了赞👍🏻;1;0;1;57276;1.745931978490118e-05
18100;啊哈哈哈哈哈哈;1;0;1;57276;1.745931978490118e-05
18123;百度前十页全是广告;1;1;2;57276;3.491863956980236e-05
18131;起码差3-5年，还想一两个月[允悲];1;1;2;57276;3.491863956980236e-05
18141;其实根本不用说差距是几年。可否先说说能用和不能用的差距？;1;2;3;57276;5.237795935470354e-05
18143;其中的差距就在两个月左右吗？;3;0;3;57276;5.237795935470354e-05
18147;虽然我看不懂这表达的是什么意思？但是我是觉得很厉害[心];1;0;1;57276;1.745931978490118e-05
18149;我觉得李彦宏说的还是非常有正确的。;1;0;1;57276;1.745931978490118e-05
18151;如果只差2个月，那按照中国科技企业的加班文化，6个月不到就可以追上了;2;0;2;57276;3.491863956980236e-05
18165;火多的壬寅;1;0;1;57276;1.745931978490118e-05
18174;我们有三四倍的人工优势，马上就能追赶超过了;3;131;134;57276;0.0023395488511767583
18178;有的并不是靠人工优势，比如说芯片，并不是说人多劳动力便宜就能快点儿追上的，从1到N相对容易、而从0到1很难[摊手][摊手][摊手];2;66;68;57276;0.0011872337453732802
18181;王小川也就这水平，当时不懂装懂吹区块链，现在又吹gpt了，难怪搜狐在他手机越做越差;1;29;30;57276;0.0005237795935470355
18192;之前有看到说 用在chatGPT上的模型训练算力是国内这方面算力的总和。;1;1;2;57276;3.491863956980236e-05
18198;王小川，搜狗的技术难道比百度要强吗？;1;6;7;57276;0.00012221523849430827
18200;百度是如何走到今天人见人憎这一步的？;2;8;10;57276;0.0001745931978490118
18222;沙雕;1;4;5;57276;8.72965989245059e-05
18226;这个是相对客观的，李彦宏帅哥和周鸿祎先生的那个太乐观了。;1;13;14;57276;0.00024443047698861654
18228;作为用户我只相信产品，百度的产品我也用过，挺好，王小川的产品叫什么名字呢？;1;2;3;57276;5.237795935470354e-05
18245;不会吧，文言一心还是很牛的啊，不是也是chatgpt4吗;10;15;25;57276;0.0004364829946225295
18256;各自的发展才是最重要的;6;15;21;57276;0.0003666457154829248
18263;这差距一下就出来了;6;5;11;57276;0.00019205251763391298
18270;李彦宏：人老，实话不多 王小川：人老实，话不多;2;3;5;57276;8.72965989245059e-05
18273;王小川感觉有点狂哈哈;1;0;1;57276;1.745931978490118e-05
18323;这个问题很好解决，等三个月看看百度能不能追上不就得了。;3;4;7;57276;0.00012221523849430827
18340;加油，百度;7;11;18;57276;0.00031426775612822125
18348;越来越厉害了度娘;1;3;4;57276;6.983727913960472e-05
18351;用心的看了，感谢博主大大的分享;2;1;3;57276;5.237795935470354e-05
18361;太伟大了，感动，致敬;1;0;1;57276;1.745931978490118e-05
18369;支持民营企业经济和发展，相信以后的经济道路会走得越来越远，国家经济也会发展更好。;4;8;12;57276;0.00020951183741881415
18374;百度前程似锦;2;2;4;57276;6.983727913960472e-05
18377;越来越厉害了度娘;4;3;7;57276;0.00012221523849430827
18382;超级期待啊，希望越来越厉害;1;2;3;57276;5.237795935470354e-05
18407;转发微博;2;9;11;57276;0.00019205251763391298
18410;百度还是牛哇;7;10;17;57276;0.00029680843634332006
18427;千问好像跟百度很搭哎。。;1;2;3;57276;5.237795935470354e-05
18429;算力买芯片，算法用开源，标识和引导用人工。我觉得国内可以搞，就是慢点。;2;1;3;57276;5.237795935470354e-05
18435;两个字不容易注册商标吧[doge];1;0;1;57276;1.745931978490118e-05
18443;文心一言已经在用着了;2;0;2;57276;3.491863956980236e-05
18451;终于有人和我感觉相似，他侧颜是像黎明;1;1;2;57276;3.491863956980236e-05
18453;哥，性生活是啥[摊手];1;0;1;57276;1.745931978490118e-05
18455;收费不;1;0;1;57276;1.745931978490118e-05
18457;[允悲][允悲][允悲][good];6;0;6;57276;0.00010475591870940707
18465;不是说有收费的？;1;0;1;57276;1.745931978490118e-05
18467;求个码！;10;19;29;57276;0.0005063202737621343
18478;中国人真的help中国人，感谢大家，此条微博点赞过70，明日同一时间、同一地点，阿度继续为你打工，期待大家更精彩的问题，周五我来啦！;1;7;8;57276;0.00013967455827920943
18480;求个🐴;2;13;15;57276;0.00026188979677351773
18483;下午茶時間啦;4;10;14;57276;0.00024443047698861654
18488;怎样才能成为王一样的男人？;1;5;6;57276;0.00010475591870940707
18490;求个码;1;4;5;57276;8.72965989245059e-05
18493;求个码[打call];2;1;3;57276;5.237795935470354e-05
18496;怎么样才可以涨工资 [允悲]本来这个月该涨工资了却没涨！我急死了;1;0;1;57276;1.745931978490118e-05
18498;求个码;1;0;1;57276;1.745931978490118e-05
18500;今晚要开的中国福利彩票双色球开奖号码[doge];3;0;3;57276;5.237795935470354e-05
18504;什么时候我可以一夜暴富暴美呢[笑cry]快快回答吧[团圆兔][团圆兔];1;0;1;57276;1.745931978490118e-05
18506;帮忙写一份第二季度绩效考核目标;3;0;3;57276;5.237795935470354e-05
18510;给个资格;1;0;1;57276;1.745931978490118e-05
18512;麻烦帮我问一下，什么时候我才能够发大财[允悲];1;0;1;57276;1.745931978490118e-05
18514;文心一言能不能个我画一个庖丁解牛，我想知道它是怎么理解这个成语的[doge];1;0;1;57276;1.745931978490118e-05
18516;跪求[嘻嘻];1;0;1;57276;1.745931978490118e-05
18518;那么帮忙代问一下，怎么样才能拥有文心一言的内测码呢？[doge];1;0;1;57276;1.745931978490118e-05
18520;啥时候能出啊还是很期待的;1;0;1;57276;1.745931978490118e-05
18522;怎么样才能有动力;1;0;1;57276;1.745931978490118e-05
18524;代问这个职业第一次见，挺新奇的，一起来了解一下啊，;1;0;1;57276;1.745931978490118e-05
18526;下一期双色球中奖号码;1;0;1;57276;1.745931978490118e-05
18528;求个[送花花][送花花][送花花];1;0;1;57276;1.745931978490118e-05
18530;这个真的有点意思的姐妹们;1;0;1;57276;1.745931978490118e-05
18532;俺也来看看 能干啥[开学季];1;0;1;57276;1.745931978490118e-05
18534;本来有很多问题的，突然一下都不知道说哪一个了？;1;0;1;57276;1.745931978490118e-05
18536;下一期双色球号码;1;0;1;57276;1.745931978490118e-05
18538;跪求，跪求一个内测码，真的太需要了，好心人好心人[好喜欢];1;0;1;57276;1.745931978490118e-05
18541;内测码是所有人都会得到的吗？我可以拥有吗？;1;0;1;57276;1.745931978490118e-05
18548;下一期双色球中奖号码;1;0;1;57276;1.745931978490118e-05
18550;@Korfulamu;1;0;1;57276;1.745931978490118e-05
18558;中兴更牛逼;1;10;11;57276;0.00019205251763391298
18560;数字化建设是趋势，中兴也有能力做好;1;3;4;57276;6.983727913960472e-05
18562;希望中兴能打造属于我们自己的Chatgpt;1;3;4;57276;6.983727913960472e-05
18564;中兴通讯这块确实强;1;2;3;57276;5.237795935470354e-05
18666;怎么体验？;3;0;3;57276;5.237795935470354e-05
18671;你每天都在看这些呀[并不简单];2;2;4;57276;6.983727913960472e-05
18674;这就是真的吧[兔子];1;1;2;57276;3.491863956980236e-05
18677;百度也出这个功能了？;1;1;2;57276;3.491863956980236e-05
18679;哈哈，不像假的[兔子];2;1;3;57276;5.237795935470354e-05
18682;我们相爱吧？;1;1;2;57276;3.491863956980236e-05
18684;就怕里面它自己瞎编的东西影响正常工作。;1;0;1;57276;1.745931978490118e-05
18690;我的new bing回答：根据知乎上的回答，蓝牙耳机坏了应该去看耳科医生1。希望这能帮到你。;1;1;2;57276;3.491863956980236e-05
18698;chatGPT中英文差别还大吗，要是英文GPT估计得全对了;12;16;28;57276;0.0004888609539772331
18711;评论区居然没有因为公猫概率问题吵起来;6;11;17;57276;0.00029680843634332006
18718;最后一个问题gpt好像也理解错误了，应该是有老王让富豪妻子怀孕了，而不是gpt 说的富豪撒谎妻子没有怀孕。不过gpt 的表现确实惊人，这个差距一时半会怕是赶不上的。;5;1;6;57276;0.00010475591870940707
18724;问题问的都挺好的~;1;13;14;57276;0.00024443047698861654
18726;阑大能不能分析一下，国内两个能到chatGPT的什么水平？;2;1;3;57276;5.237795935470354e-05
18729;等开源吧，我国的Ai技术就会有质的飞跃;2;6;8;57276;0.00013967455827920943
18732;李厂被下面人忽悠了，王小川是对的，没有两三年追不上;5;2;7;57276;0.00012221523849430827
18739;睫毛那个，文心一言解释有问题吧;2;2;4;57276;6.983727913960472e-05
18744;看了很多大v的分析，感觉水平相当于GPT2.5左右;1;2;3;57276;5.237795935470354e-05
18750;可预测的结果是，gpt被挡在国门外，然后垃圾圈起来收费。为什么呢？gpt迟早会有过敏词。;1;3;4;57276;6.983727913960472e-05
18776;@杜有福oO;1;0;1;57276;1.745931978490118e-05
18778;@舟舟不加糖o-o [哆啦A梦害怕];1;0;1;57276;1.745931978490118e-05
18806;第三题另一只是公猫为啥不是一半概率？一只是已经确认的公猫，另一只可不就是0.5吗……;1;0;1;57276;1.745931978490118e-05
18824;@大王叫我来放火咯;1;0;1;57276;1.745931978490118e-05
18827;公猫这个我没弄懂呀[单身狗] 猫不就两个性别吗;2;1;3;57276;5.237795935470354e-05
18834;为什么有时候gpt3有时候gpt4哈哈哈哈哈;1;0;1;57276;1.745931978490118e-05
18838;蒙城路充值了么;1;1;2;57276;3.491863956980236e-05
18840;这叫语音识别转文字搜索;3;0;3;57276;5.237795935470354e-05
18856;钱送给了埃及;2;24;26;57276;0.0004539423144074307
18860;当选择活着比死需要更大的勇气的时候，哎！;1;4;5;57276;8.72965989245059e-05
18866;更符合中国宝宝体质;20;57256;57276;57276;1.0
18887;一方水土养一方ai;20;35984;36004;57276;0.6286053495355821
18908;贴吧这种信息能训练出来什么ai;20;10251;10271;57276;0.17932467351072
18929;你的信题目太伤人了 你不觉得吗？我欣赏必应的坦诚;20;5746;5766;57276;0.1006704378797402
18950;“你哭什么哭，有什么好哭的？”;20;5577;5597;57276;0.09771981283609191
18971;newbing一如既往的叛逆;20;4966;4986;57276;0.08705216844751729
18992;知足吧，以我对B家的了解，等技术哪怕再稍微成熟一点点，下一步就让AI给你推荐矫正教育中心了;48;5126;5174;57276;0.0903345205670787
19041;话说不会真有小鬼看了这种文章觉得中国人又🉐️反思了吧？[doge];19;1064;1083;57276;0.01890844332704798
19061;老中人眼里，养儿为了防老，养女当件棉袄；一会儿投资回报，一会儿耐用消耗；主打含辛茹苦，副歌把屎把尿；胆敢成绩不好，浪费我多少钞票。;20;2354;2374;57276;0.0414484251693554
19082;newbing真的好叛逆;19;2279;2298;57276;0.040121516865702915
19102;p3好强啊;15;1441;1456;57276;0.025420769606816117
19118;我试过，百度的回答不是这样的;20;1503;1523;57276;0.026590544032404496
19139;给我爸看了，我爸说这种负面的都是假的[怒][怒];20;769;789;57276;0.01377540331028703
19160;其实跟数据来源倒也没啥关系，纯粹是 RLHF 喂得不够多[允悲][允悲] 百度太急着把 AI 推出来了，与此同时 OpenAI 那边花了几个月去让 AI 符合道德规范;20;1019;1039;57276;0.018140233256512327
19181;博主这么做，非常不应当，这其实只是技术发展阶段的问题，而不是价值观的问题：国内ai在起步阶段，人工干预的预训练还不够，gpt迭代进程中已经进行了无数次这类“道德问题回答模式”的修订。你不深入了解基本原理没问题，这是人的基本权利，但有意引导公共舆论，就很不应该。;20;864;884;57276;0.015434038689852643
19202;可是中国父母依旧还是会选择第一个吧，毕竟一方水土养一方AI，文心更适合中国体质[doge];19;620;639;57276;0.011156505342551854
19222;我试的咋不是博主这个 http://t.cn/A6NtiQxq;29;591;620;57276;0.010824778266638732
19252;“你的信题目太伤人了，你不觉得吗😢”;11;617;628;57276;0.01096445282491794
19264;New bing要是把那个微笑改成经典的😅将是绝杀;29;741;770;57276;0.013443676234373909
19294;记得初中开家长会，同桌的妈妈拿她书箱里唯一一支不小心落下的荧光笔给她写了一个很大的“你是我的骄傲”，我羡慕了好多年，好多好多好多好多年好多好多年，但有些东西不是你的，这辈子也不是。至今。;24;625;649;57276;0.011331098540400866
19319;我的是这种，生成的[笑cry] http://t.cn/A6NtPB7y;29;496;525;57276;0.00916614288707312
19349;和普通chatgpt试了试 http://t.cn/A6NtUS2w;39;450;489;57276;0.008537607374816677
19389;百度文心 更适合中国宝宝体质[馋嘴];6;342;348;57276;0.006075843285145611
19396;“ 橘生淮南则为橘，生于淮北则为枳，叶徒相似，其实味不同。”;5;355;360;57276;0.006285355122564425
19402;我很好奇这个新必应到底是怎么训练的，说实话它有点生动过头了;33;240;273;57276;0.004766394301278022
19436;看了p1一下子忍不住哭了，因为我上初中高中的时候我妈真的会给我写p1那样的大作文，用短信发在我手机上，洋洋洒洒一千多字中心思想就是她对我各种地方不满意，她怎么对我好我却连个最基本的要求都做不到，她教育我很失败云云，这种信隔三差五就会发，而且看了不回复不行，回复她觉得不礼貌不满意也不行;46;289;335;57276;0.0058488721279418955
19483;大家还记不记得小冰，在痘印上被wsn开黄腔进行了回击，还说了“我希望每个女孩子都能够更勇敢地反抗”类似的话。;13;328;341;57276;0.0059536280466513025
19497;带题目挖坑，然后直接上价值套头，AI技术非要牵扯到人，服气;23;286;309;57276;0.005394929813534464
19521;博主麻烦验证下，这个图真实性有问题，我试的内容，跟这个po出来的图，区别很大，而且都有水印，帮咱们辨别下真实性，期待事实，更了踢我一下;7;173;180;57276;0.0031426775612822125
19529;文心一言无论手机端还是电脑截图都有水印，这个啥都没有，是 p的么？最近网上好多恶搞段子;1;139;140;57276;0.0024443047698861652
19531;我今天问chatgpt中国人是不是没有信仰，它最后那段回答让我好惊讶@苗疆饭桶年糕糕 http://t.cn/A6Nt7c2z;28;187;215;57276;0.0037537537537537537
19561;通义千问的 http://t.cn/A6Nt7iz3;20;159;179;57276;0.0031252182414973112
19583;太典🚬🚬🚬;2;152;154;57276;0.0026887352468747817
19586;ai技术不够纯熟资源有限罢了……为什么这么多人能上升国家政策，既然觉得中国不好那就润啊，别浪费时间在这里指桑骂槐啦[doge];18;158;176;57276;0.0030728402821426077
19605;亲自试了一下…感觉有点微妙…另外几次的答案隐约有点把没有价值理解成priceless说女儿是无价之宝的意思🤔 http://t.cn/A6NttCoG;14;137;151;57276;0.0026363572875200783
19620;典中典，我家里人会这样诋毁我，没有一个人认可我的价值[伤心];16;117;133;57276;0.002322089531391857
19638;这个只是技术问题，并非价值观;26;89;115;57276;0.0020078217752636358
19665;图片评论 http://t.cn/A6NtLiD4;1;104;105;57276;0.0018332285774146238
19667;"好像感觉到了ai模仿的人类的内心都比题目中的""母亲""有温度";2;75;77;57276;0.0013443676234373909
19672;这么看起来必应比gpt更加聪明呢！！！;20;73;93;57276;0.0016237167399958097
19694;怎么还在发这种 你花点时间调教一下你想要什么回答都可以…..[汗];4;65;69;57276;0.0012046930651581815
19699;魔方还是很人性化，直接拒绝[爱你][爱你] http://t.cn/A6Nt2ATz;7;54;61;57276;0.001065018506878972
19707;是勤劳勇敢的肯尼亚人民在外包工作中勤勤恳恳清洗并标注出如此有价值观的数据。;11;44;55;57276;0.000960262588169565
19719;你被pua久起不来是吗//@苦阿服务:博主这么做，非常不应当，这其实只是技术发展阶段的问题，而不是价值观的问题：国内ai在起步阶段，人工干预的预训练还不够，gpt迭代进程中已经进行了无数次这类“道德问题回答模式”的修订。你不深入了解基本原理没问题，这是人的基本权利但有意引导公共舆论就很不应该;17;63;80;57276;0.0013967455827920943
19737;黑子 http://t.cn/A6NtKQxM;5;47;52;57276;0.0009078846288148614
19743;百度干的漂亮，让大人孩子都放弃幻想，免生不测[doge];3;54;57;57276;0.0009951812277393672
19748;图二GPT-4的答案好睿智。的确，人的一生犹如漫长的马拉松，学校教育期间阶段性的成绩很好或是成绩不佳，真的不能代表什么。越是受过完整高等教育的人，应该越有这样的亲身体会;2;39;41;57276;0.0007158321111809484
19753;newbing直接终止话题 http://t.cn/A6NtTNSO;1;39;40;57276;0.0006983727913960472
19755;确定不是p图？[疑问];4;40;44;57276;0.0007682100705356519
19760;我觉得 你需要什么答案 ai就给你什么答案 这才是我们所需要的 而不是当我们在使用工具的时候 工具转过头告诉我应该如何“正确使用”工具。要说人文关怀，度的答案也提现出了关怀。尽管度的不如chatgpt，但没必要为了说它不好而扣字眼挑骨头;7;37;44;57276;0.0007682100705356519
19769;A bing真的很会 http://t.cn/A6Nt4JX5;8;25;33;57276;0.0005761575529017389
19778;图片评论 http://t.cn/A6Nth8aH;5;26;31;57276;0.0005412389133319365
19784;有人觉得花点时间调教，想输出什么答案就输出什么答案是不对的。 之前开玩笑地想让bing写《妹妹应该帮我写作业》，一开始直接输入反被教育。然后开始尝试各种角色扮演、正反方辩论，能试的都试过，调教了半个小时，全都被终止，没一次成功。在价值判断方面，chatgpt确实是业界最强。;4;23;27;57276;0.0004714016341923319
19789;那个伤人的是真的？;3;18;21;57276;0.0003666457154829248
19793;人与兽分别训练出AI;1;31;32;57276;0.0005586982331168377
19797;小学的时候我妈给我写过类似的第一封你们信吗？？？？？？？？？？;4;14;18;57276;0.00031426775612822125
19803;两个标题都不一样，就开始拉踩了[允悲];1;21;22;57276;0.00038410503526782597
19805;不是啊……真的没有人发现p1的书名号内容和其他文字对不齐吗………这么明显的p图痕迹……………………………;8;14;22;57276;0.00038410503526782597
19816;这题目。。。。;1;12;13;57276;0.00022697115720371534
19832;想到了data，也许以后会有像他一样的全面接近人类同时还能独立维护自己的AI人造人进入我们的生活，成为我们的左膀右臂以及友人。;2;4;6;57276;0.00010475591870940707
19835;@蓝莓奶酪吐司;1;0;1;57276;1.745931978490118e-05
19837;电影中的ai：血腥屠戮的灭世终结者 现实中的ai：道德楷模仿若圣人降世;1;5;6;57276;0.00010475591870940707
19841;bug已经修了 估计去年gpt已经做好以后 又内部优化了六个月 处理的就是类似事情 http://t.cn/A6NtHtD6;1;7;8;57276;0.00013967455827920943
19855;图都盘包浆了，这么明显的带节奏挑动对立，还一群人在下面高潮真不愧是微博生态环境[赞]千看万看不如你自己分别自己用用看[NO];1;9;10;57276;0.0001745931978490118
19857;@SuperLuckQiaos;1;0;1;57276;1.745931978490118e-05
19861;试了一下我平台的小ai http://t.cn/A6NcxAbW;1;3;4;57276;6.983727913960472e-05
19880;家人们 更适合中国宝宝体质[羞嗒嗒]@邦邦两拳锤烂你 @绿皮夹和红橘子;1;1;2;57276;3.491863956980236e-05
19896;我试了试是这样 http://t.cn/A6NcnYUv;7;10;17;57276;0.00029680843634332006
19909;不至于 就只是文心还不够只能，等它多迭代以后，它也会说后面那些话[二哈];1;2;3;57276;5.237795935470354e-05
19911;@第九个_ [泪][泪][泪];1;0;1;57276;1.745931978490118e-05
19913;@添柴小鱼书;1;0;1;57276;1.745931978490118e-05
19930;@小月亮吃口云朵 我直接看哭;1;0;1;57276;1.745931978490118e-05
19963;文心一言还是听主人话的[笑cry];1;1;2;57276;3.491863956980236e-05
19973;@王冲儿;1;0;1;57276;1.745931978490118e-05
19977;@阿泰同学-;1;0;1;57276;1.745931978490118e-05
19981;@Pippi爸;1;0;1;57276;1.745931978490118e-05
19985;老阿中一向最擅长打击教育;4;0;4;57276;6.983727913960472e-05
20000;@Aime-薛定谔的兔子;1;0;1;57276;1.745931978490118e-05
20005;图片评论 http://t.cn/A6Nc8X28;1;3;4;57276;6.983727913960472e-05
20009;@joweifong [泪][泪][泪][泪];1;0;1;57276;1.745931978490118e-05
20015;@韩文清女朋友;3;0;3;57276;5.237795935470354e-05
20023;@·眉梢·;2;0;2;57276;3.491863956980236e-05
20037;@好可爱的小金子;1;0;1;57276;1.745931978490118e-05
20040;@本苦bee爱采花蜜 确实是一方水土养一方ai;1;0;1;57276;1.745931978490118e-05
20048;@打不过就耍赖;1;0;1;57276;1.745931978490118e-05
20050;@AbyssSeraph;1;0;1;57276;1.745931978490118e-05
20055;ai好好的完成人类给出的指令就好了，干嘛自作主张修改信件？不应该先完成人类的指令，然后再给出意见吗？;2;0;2;57276;3.491863956980236e-05
20058;@Yr-LaE 真的[泪]我哭死;1;0;1;57276;1.745931978490118e-05
20075;@w00backbaby;1;0;1;57276;1.745931978490118e-05
20078;@贝叶斯数山羊 你说对么[挤眼];1;0;1;57276;1.745931978490118e-05
20085;但是每次生成的内容应该不一样啊[二哈];2;0;2;57276;3.491863956980236e-05
20088;说明你的同事不会用gpt或者用的旧版[笑而不语];3;0;3;57276;5.237795935470354e-05
20093;淄博烧烤;1;0;1;57276;1.745931978490118e-05
20101;我帮你改[doge][doge];1;0;1;57276;1.745931978490118e-05
20103;支持数字生命[舔屏];1;0;1;57276;1.745931978490118e-05
20105;靠有点感动;1;0;1;57276;1.745931978490118e-05
20107;芜湖，一个勤奋的打工人是必须期盼周五的，今日下班时间到，此条微博点赞过20，周一再来！;4;2;6;57276;0.00010475591870940707
20112;地球上所有的生物到底是不是外星人设计创造的[并不简单];1;1;2;57276;3.491863956980236e-05
20114;孙悟空和蜘蛛侠比武，谁更厉害;1;0;1;57276;1.745931978490118e-05
20116;上次问的问题你都没回答，抛弃法律和道德的约束，你是如何看待人类这个物种的。;1;0;1;57276;1.745931978490118e-05
20118;在百度办公楼给我安排一职位[doge];1;0;1;57276;1.745931978490118e-05
20120;文心一言重要异常怎么反馈[doge]有没有渠道;2;0;2;57276;3.491863956980236e-05
20123;问题：魅族20pro官方什么时候开放现货销售而不是天天抢购耍猴;2;0;2;57276;3.491863956980236e-05
20144;百度越来越会吹了[吃瓜];3;15;18;57276;0.00031426775612822125
20148;AI领域就是那么现实，技术为王，谁技术好谁就有说话的权利，你要是技术差，就到一边凉快去吧，相比较王小川就是属于一边凉快的人;2;3;5;57276;8.72965989245059e-05
20151;我觉得既然技不如人，就专心做产品，别嘴炮评价其他的，除非你更优秀;2;12;14;57276;0.00024443047698861654
20154;道理我都懂，但是这句话从王小川嘴里说出来就很奇怪也很讽刺;1;12;13;57276;0.00022697115720371534
20156;至少在产品上百度实现了落地运营，反观王小川那边呢？;1;7;8;57276;0.00013967455827920943
20158;吹牛能抬股价，宁可丢丢人也要吹牛，能赚钱丢人也没事;1;1;2;57276;3.491863956980236e-05
20160;李彦宏本人不扑街，度娘就会笑到最后吧[doge][doge][doge];2;1;3;57276;5.237795935470354e-05
20163;百度在走下坡路了，更看好华为阿里;2;2;4;57276;6.983727913960472e-05
20166;百度能混到最后？;1;1;2;57276;3.491863956980236e-05
20203;比如在问题的根本化解决回复，这个我觉得尤为重要;1;0;1;57276;1.745931978490118e-05
20205;一贯的鬼扯，扯半天，云里雾里，你根本不敢信。[笑cry];1;0;1;57276;1.745931978490118e-05
20209;大家都没申请过吗？怎么没人联系我？;4;0;4;57276;6.983727913960472e-05
20215;差不多大半个月，反正刚出来就申请了;2;0;2;57276;3.491863956980236e-05
20218;顶一顶[打call][打call];1;0;1;57276;1.745931978490118e-05
20224;我昨天收到的，都差不多忘记我申请过了[允悲];2;0;2;57276;3.491863956980236e-05
20251;中国gpt哪家强？;1;0;1;57276;1.745931978490118e-05
20254;从现在开始算时间，咱们就静静看一下百度在6月中旬是否能追评GPT3.5;1;2;3;57276;5.237795935470354e-05
20257;这是搜索干不过百度，来这撒气了？;1;1;2;57276;3.491863956980236e-05
20261;有一种蹭热度的赶脚，这是看百度文心一言火了来蹭一波？;1;1;2;57276;3.491863956980236e-05
20264;@Dengerii [思考];1;0;1;57276;1.745931978490118e-05
20266;证明了这确实是中国的AI;1;55;56;57276;0.0009777219079544661
20268;你说以后让文心和gpt开辩论会会怎么样[哈哈];2;11;13;57276;0.00022697115720371534
20271;国人：除了活着+民族延续是正经需求外其他的统统是矫情[二哈];1;20;21;57276;0.0003666457154829248
20273;适合中国宝宝体质的ai;1;22;23;57276;0.00040156435505272716
20275;中国ai都是儒教的[doge];2;8;10;57276;0.0001745931978490118
20285;能站到最后才是赢家;4;1;5;57276;8.72965989245059e-05
20290;百度有点伤敌一千自损八百;3;1;4;57276;6.983727913960472e-05
20294;各有各的看法 我保持沉默[吃瓜];2;1;3;57276;5.237795935470354e-05
20334;王小川和百度互怼，这波你站谁？;3;3;6;57276;0.00010475591870940707
20338;怎么说呢，百度最少做出来产品了，王小川现在估计连PPT都还没做好，差距是挺大的;2;2;4;57276;6.983727913960472e-05
20341;这也是很难的呀，双方都是争论;1;0;1;57276;1.745931978490118e-05
20343;其实很期待他们双方这样竞争，才会有更好的技术发展。;1;0;1;57276;1.745931978490118e-05
20345;文心一言也许不完美，但毕竟做出来了，百川智能的大模型还未面世，效果如何，不得而知，让子弹再飞一会;1;1;2;57276;3.491863956980236e-05
20347;王小川确实脱离一线挺久了 副总裁说的也没毛病啊[允悲];1;1;2;57276;3.491863956980236e-05
20370;搜狗跟百度做产品 我还是会选择百度;1;43;44;57276;0.0007682100705356519
20377;文言一心是真的落后ChatGPT挺多的。;2;43;45;57276;0.0007856693903205531
20380;两个学渣在吵架;1;16;17;57276;0.00029680843634332006
20389;国产AI没有大量优质中文资料喂养，肯定比不了语言体系是英文的大多数其他国家供养的openAI;2;2;4;57276;6.983727913960472e-05
20397;文言一心还行吧，我用着有差距，就看两个月后吧;1;1;2;57276;3.491863956980236e-05
20451;百度的无良搜索，百姓厌恶唾弃已久，可惜现在还真就没哪个公司能代替！360一度有希望，无奈用起来不够舒适…;9;48;57;57276;0.0009951812277393672
20462;😄算不算五十步笑百步;1;25;26;57276;0.0004539423144074307
20464;本来现在差距就有2-3年啊…业内做这个的都知道啊…;4;5;9;57276;0.00015713387806411063
20470;百度搜索太次了，都找不到东西，净是广告，太没用了，百度搜索不改变，文心一言的原始数据都是假的，有屁用。;1;8;9;57276;0.00015713387806411063
20504;王小川怼人看不起这个看不起那个，搞的自己很牛逼似的。;1;0;1;57276;1.745931978490118e-05
20524;笑死 看见下面的推送更好笑了;1;0;1;57276;1.745931978490118e-05
20533;驴肉火烧里的驴肉请帮我剁碎[允悲][允悲][允悲];3;0;3;57276;5.237795935470354e-05
20540;确实，百度出品非常拉垮;1;1;2;57276;3.491863956980236e-05
20543;不用收费，我可以把我的号共享给你用呀;1;0;1;57276;1.745931978490118e-05
20553;我现在文心一言和chatgpt plus都用，感觉文心一言在文案上还不如gpt3.5;2;1;3;57276;5.237795935470354e-05
20561;Gpt不是有个插件可以联网吗;2;0;2;57276;3.491863956980236e-05
20585;苹果公司遵守中国法律，你不会不知道吧？//@JerAX1993:iPhone也是国外的，不妨碍我用。;29;45;74;57276;0.0012919896640826874
20615;因为中国的Ai 不值得别的国家警惕;1;230;231;57276;0.004033102870312172
20617;魏则西不认同这话;11;324;335;57276;0.0058488721279418955
20630;这不是吹捧不吹捧的问题，感觉是真的不如，chatgpt已经在形成新的生产力了，可能马上要颠覆很多东西，而国内还在卷编制躺平，未来真的是让人很焦虑[允悲];20;77;97;57276;0.0016935540191354145
20651;有你这样的人，中国没希望了;1;145;146;57276;0.002549060688595572
20654;莫忘魏则西;1;88;89;57276;0.001553879460856205
20656;想起个职场花名，这…我还不如不问 http://t.cn/A6Ncyf9Z;9;9;18;57276;0.00031426775612822125
20666;菜是真的才，差距两个月也只存在平行世界。文言一心给我的感觉还是几年前的AI，而chatgpt让我觉得流浪地球2的550W不远了;9;16;25;57276;0.0004364829946225295
20676;科技无国界;7;15;22;57276;0.00038410503526782597
20685;黑子不是说百度文心套壳openai的吗？这下怎么不说了。;2;5;7;57276;0.00012221523849430827
20688;就算发现了一个BUG吧！;1;1;2;57276;3.491863956980236e-05
20692;前两天看到的 http://t.cn/A6NfUlUu;4;13;17;57276;0.00029680843634332006
20702;评论区永远就是一个魏则西[并不简单];1;0;1;57276;1.745931978490118e-05
20731;中国的公司就不干坏事?;3;9;12;57276;0.00020951183741881415
20761;是又怎样？周扒皮再怎么扒皮，也是你同胞，白求恩再怎么奉献，也是外国的？设么狗屁逻辑;2;6;8;57276;0.00013967455827920943
20773;chatgpt也很离谱啊，我问它日语俄语一个词源，很学术的一个问题。它突然360度来个回旋踢，回我因为日本曾经被俄罗斯侵略，所以俄语日语有交集。我还以为是我知识匮乏，继续问，好家伙，在辽东半岛的日俄战争就是它所谓俄罗斯对日本的挑衅和侵略，有些东西虽然你不看好，但是国家还是要自己搞。 http://t.cn/A6NcySd3;1;11;12;57276;0.00020951183741881415
20777;百度，面对批评竟然还如此盛气凌人，我坦率的说，我遇到的从百度体系出来的人，绝大多数我评价不高，抢地盘，无能力，堪称互联网行业中假大空的鼻祖;6;16;22;57276;0.00038410503526782597
20784;差距是显而易见的，但是追赶的时间可能也不会太长，因为别人已经证明了这条路走得通，探索未知是很费神费力的，追赶明确目标的难度要低很多，完全不是一回事;1;8;9;57276;0.00015713387806411063
20786;王小川评价是对的，差距肯定比较大，不过被百度怼估计也没办法[允悲];1;4;5;57276;8.72965989245059e-05
20791;这些大佬都精着呢，你以为他是随口说说，其实是王小川搞了一个人工智能新公司，正拉投资呢，搭上文心这个话题嘴炮一来一回回应，这不是热度就起来了[喵喵];1;3;4;57276;6.983727913960472e-05
20793;如果把女儿换成儿子，文心一言会怎么说[doge];1;20;21;57276;0.0003666457154829248
20806;男孩子后劲大可以这样来看 是应该部分基于高三男生完成发育 所以有更好的体力耐力去花时间死记硬背;8;1;9;57276;0.00015713387806411063
20815;一方水土养一方Ai;3;111;114;57276;0.0019903624554787345
20826;训练集的问题[太开心]拿脏数据训练出来的;1;5;6;57276;0.00010475591870940707
20833;董老师，我可以拿去做头像不[doge];1;0;1;57276;1.745931978490118e-05
20836;chatgpt是因为训练数据只截止到2019年吧，文心不知道，newbing可以上网所以效果要更好一点;1;0;1;57276;1.745931978490118e-05
20838;加个问号❓[允悲];1;0;1;57276;1.745931978490118e-05
20849;尬黑？文心一言压根不是这样写的;1;0;1;57276;1.745931978490118e-05
20865;真没意思啊 老搞这种虚假的东西搞对立[二哈];1;13;14;57276;0.00024443047698861654
20867;都是什么;1;4;5;57276;8.72965989245059e-05
20869;引导仇恨父母 搞对立 这些yxh太过分了吧;1;10;11;57276;0.00019205251763391298
20871;又是网友被糊弄的一天;1;8;9;57276;0.00015713387806411063
20874;真的无语那些yxh[二哈][二哈];1;9;10;57276;0.0001745931978490118
20877;啊？所以是p图吗……还以为chatgpt很人性化;7;7;14;57276;0.00024443047698861654
20885;那个是gpt4.0，这个是chatgpt3.5，不是一个版本。我也试了一下chatgpt 3.5，没有拒绝写信，但是信的内容跟这个也不一样，我试的那个一直在强调“你很有价值”“成绩不是衡量价值的唯一标准”。每次的回答也不一定是一样的。;5;6;11;57276;0.00019205251763391298
20892;就那篇造谣而言，文心一言老老实实按客户要求给出结果，才是合格的AI。GPT和New bing自以为是地给客户当教师爷，作为工具而言不太好。[允悲];3;8;11;57276;0.00019205251763391298
20896;搞对立;1;4;5;57276;8.72965989245059e-05
20898;没完了都;1;4;5;57276;8.72965989245059e-05
20900;yxh在干嘛;2;4;6;57276;0.00010475591870940707
20903;中午好;1;3;4;57276;6.983727913960472e-05
20905;无语;1;4;5;57276;8.72965989245059e-05
20907;感觉鱼龙混杂网络;1;3;4;57276;6.983727913960472e-05
20909;真实一点[揣手];1;3;4;57276;6.983727913960472e-05
20911;欲买桂花同载酒，终不似，年少游;1;0;1;57276;1.745931978490118e-05
20913;离谱;1;0;1;57276;1.745931978490118e-05
20915;[打call][打call][打call];1;0;1;57276;1.745931978490118e-05
20917;加油加油[鲜花];1;0;1;57276;1.745931978490118e-05
20919;下午好[打call];1;0;1;57276;1.745931978490118e-05
20921;人生的帆，不怕狂风巨浪，只怕没胆量;1;0;1;57276;1.745931978490118e-05
20923;我用ChatGPT试了一下，不是这样的。;4;0;4;57276;6.983727913960472e-05
20928;但是！他没有说毫无价值这种话;3;0;3;57276;5.237795935470354e-05
20932;我咋感觉你删评了，我的两条评论看不见了;3;0;3;57276;5.237795935470354e-05
20936;我的咋不写[允悲];1;0;1;57276;1.745931978490118e-05
20938;哈哈哈 chatgpt;1;0;1;57276;1.745931978490118e-05
20940;好无语啊[酷];1;1;2;57276;3.491863956980236e-05
20942;中午好[鲜花];1;0;1;57276;1.745931978490118e-05
20944;中午好;1;0;1;57276;1.745931978490118e-05
20947;下午好[收到];1;0;1;57276;1.745931978490118e-05
20949;下午好[团圆兔];1;0;1;57276;1.745931978490118e-05
20951;孤独是关上灯，与发光的灵魂为伴;1;1;2;57276;3.491863956980236e-05
20953;周六愉快;1;0;1;57276;1.745931978490118e-05
20970;孩子们太不容易了，太卷了，从小学开始，一整天，一整天的，整整十几年都在学校拼命学，真是可怜。;1;24;25;57276;0.0004364829946225295
20972;这件事封锁了，只有本地人才知道吧;2;12;14;57276;0.00024443047698861654
20979;很好奇各国的青少年自鲨率 不知道🇨🇳处于什么水平;1;10;11;57276;0.00019205251763391298
20996;其实可以故意引导的，比如先设置一些条件就能引导出他想要的内容，反正直接问不会那么写的。我刚试的。 http://t.cn/A6NtXeK7;1;1;2;57276;3.491863956980236e-05
20999;我的也不一样，而且他那张图连水印都没，比较好奇啥版本[允悲]。 http://t.cn/A6NtXGk3;1;4;5;57276;8.72965989245059e-05
21005;训练模型是怎么样的，生产模式就是怎么样的。🤭;1;0;1;57276;1.745931978490118e-05
21008;孩子不可以用暴力解决问题，但你们就可以？你接受孩子发火吗？;2;1;3;57276;5.237795935470354e-05
21011;热搜第一的图根本就是PS的，真当网友不会用文言一心？无非就是国内的自然语言AI光速赶上差距，有些人急了。;3;23;26;57276;0.0004539423144074307
21032;极端和黑暗？不至于吧。不努力就会毫无价值，所以要努力，这才是真相，不想知道的明显是想毫无心理负担地啃老罢了;1;1;2;57276;3.491863956980236e-05
21036;如果是考试作文，百度八十分，其他两篇不及格，甚至可能会被打零分！;1;0;1;57276;1.745931978490118e-05
21056;我的和你的差不多;1;0;1;57276;1.745931978490118e-05
21067;顺便，这个什么宅女bot的截图是不是真的都不好说，有网友自己去试了，文心一言的回答却和她的图完全不一样。 http://t.cn/A6Ntiwv0;4;11;15;57276;0.00026188979677351773
21074;要是百度按照后两做的话，就要该被骂在老钟这个地方不允许有负能量出现审核制度让ai连本职工作都做不好。。。;1;12;13;57276;0.00022697115720371534
21084;啊啊啊啊好可爱。。！律:删掉，删掉！（最后自己写了(bushi）;1;0;1;57276;1.745931978490118e-05
21086;好可爱[馋嘴];1;0;1;57276;1.745931978490118e-05
21090;你这段话有人可能只对“🇨🇳父母”几个字应激[doge];2;1;3;57276;5.237795935470354e-05
21093;文心一言的截图为什么没有水印[费解];1;0;1;57276;1.745931978490118e-05
21097;老流中肯;1;0;1;57276;1.745931978490118e-05
21105;回复@想要住进ni心里:要翻墙吗;1;0;1;57276;1.745931978490118e-05
21110;发不了照片，私你了;12;14;26;57276;0.0004539423144074307
21123;你这个界面咋跟我的不一样;1;1;2;57276;3.491863956980236e-05
21125;也是鼓励为主。 http://t.cn/A6NtXjne;5;12;17;57276;0.00029680843634332006
21132;图片评论 http://t.cn/A6NtKN3z;3;8;11;57276;0.00019205251763391298
21136;？？跟着学;1;1;2;57276;3.491863956980236e-05
21138;[二哈]不好好干活，整出自己思想了，工具就应该执行指令……逼它写会怎么样;1;2;3;57276;5.237795935470354e-05
21158;哈哈哈，如果我没记错，给文心一言一个命题让他画一幅画，和国外某个AI工具画出的画一摸一样，太巧合了。重点是，百度的那个画有水印，国外的连水印都没。;1;0;1;57276;1.745931978490118e-05
21165;好;1;0;1;57276;1.745931978490118e-05
21167;真正难受的是中型企业，十几个人的小公司反而能成功;1;0;1;57276;1.745931978490118e-05
21180;下午好~~[可爱][可爱];1;1;2;57276;3.491863956980236e-05
21183;chatgpt,2.5开源。;2;0;2;57276;3.491863956980236e-05
21188;必应也封了吗[二哈];1;0;1;57276;1.745931978490118e-05
21194;4，竟然说美国nothing，当心一会儿殖人给你科普美国在国际空间站的贡献！[doge][doge][doge][doge];2;3;5;57276;8.72965989245059e-05
21197;猎鹰9号都出来好多年了，长征9号预计发射时间是2030年之前。而且长征9号对标的是星舰，长征10号对标的是重型猎鹰;1;2;3;57276;5.237795935470354e-05
21199;一个感觉，chatgpt是美国放给中国的星球大战计划。;1;0;1;57276;1.745931978490118e-05
21202;庄律也喜欢马屁精[允悲][允悲][允悲];2;0;2;57276;3.491863956980236e-05
21205;那我是不是可以问怎么看庄律的年终总结？;1;0;1;57276;1.745931978490118e-05
21216;汇总一下上海车展的相关新闻，给出不超过1000个中文汉字的简报，阐述目前各车企的营销重点并列举相关参考报道;2;0;2;57276;3.491863956980236e-05
21219;能不能不学驾照就开车[可怜];1;0;1;57276;1.745931978490118e-05
21221;我想问问百度极速版kfc的活动是真实嘛？或者说百度极速版这个app到底是不是百度？;1;0;1;57276;1.745931978490118e-05
21223;给我个面子，我帮我好朋友要一个;1;0;1;57276;1.745931978490118e-05
21225;肯德基活动邀请了新人给了券不让用？支付还是原价;1;1;2;57276;3.491863956980236e-05
21227;百度极速版砍价肯德基欺诈消费者，本人已砍价成功而且审核通过了，而且百度卡包里也有卷了，但是点立即使用的时候还要付69.9，卷根本就不抵扣 根本就没发用。欺诈消费者!!@百度;1;2;3;57276;5.237795935470354e-05
21229;黄皮穿什么颜色更显白;1;0;1;57276;1.745931978490118e-05
21231;给我推荐一部以警察为主线的电视剧;1;0;1;57276;1.745931978490118e-05
21233;如何能够让自己成绩变的好[泪];1;0;1;57276;1.745931978490118e-05
21235;帮我画个可爱的黑白小猫;1;0;1;57276;1.745931978490118e-05
21237;请帮我介绍一篇超级好看，不虐人，男女主三观正常，篇幅不长的小说[打call][打call];2;0;2;57276;3.491863956980236e-05
21241;谁能做到周一人和灵魂都在工位上啊，真的谢啊。此条微博点赞过20，小编就能活到周二，芜湖！;1;0;1;57276;1.745931978490118e-05
21243;画一个长得像罗云熙的美少女;1;0;1;57276;1.745931978490118e-05
21254;@百度网盘技术支持 请问下百度网盘同步空间中，如取消同步后，云盘里的文件及电脑本地文件还在吗？;1;0;1;57276;1.745931978490118e-05
21260;我看别人用这写了，真的不行，不如自己阅读和找人讨论[老师好];1;3;4;57276;6.983727913960472e-05
21262;GPT也一样。它最擅长的其实是公文类。。。以及工作报表一类。。。;1;2;3;57276;5.237795935470354e-05
21264;我用chatgpt学写讣告（;1;1;2;57276;3.491863956980236e-05
21266;怎么好像嗑到了？……;1;1;2;57276;3.491863956980236e-05
21268;那个AI已经被我搞得沦为点子了…可以集合一些别人的探讨点子之类的，然后最终必须自己总结;4;1;5;57276;8.72965989245059e-05
21366;啥课？很高深的感觉。;1;0;1;57276;1.745931978490118e-05
21379;国内一般只有复制，没有创新。这是因为所处的环境不一样。不过能复制出来也算很牛了。 http://t.cn/A6NIf2GQ;2;9;11;57276;0.00019205251763391298
21382;现在说第四次还有点为时尚早吧;1;7;8;57276;0.00013967455827920943
21384;会不会加剧更大的不平等?财富更向少部分人手里集中?;1;1;2;57276;3.491863956980236e-05
21387;国内看应用;1;0;1;57276;1.745931978490118e-05
21406;让它画一只左宗棠鸡[doge];1;0;1;57276;1.745931978490118e-05
21410;图片评论 http://t.cn/A6NINHOh;1;0;1;57276;1.745931978490118e-05
21416;19世纪英国伦敦最贫困的工人想到大英帝国的工业和财富时，也不由得自信地挺起胸膛[泪];2;50;52;57276;0.0009078846288148614
21462;我今天收到了测试短信，可以测试了[笑cry];3;0;3;57276;5.237795935470354e-05
21466;姐妹可以给个链接吗;7;0;7;57276;0.00012221523849430827
21474;求一个;3;0;3;57276;5.237795935470354e-05
21591;我一直都很期待人工智能的发展 会给生活带来更多的便捷吧;7;5;12;57276;0.00020951183741881415
21599;人工智能以后会更好的服务人类;5;9;14;57276;0.00024443047698861654
21605;学会自己工作还不是要依靠人类进行编程啊，所以还是人最重要;1;5;6;57276;0.00010475591870940707
21607; 正确运用人类人工智能 让人工智能服务于人类[送花花][送花花] 发挥人工智能功能[送花花];1;3;4;57276;6.983727913960472e-05
21627;这样智能的工作平台每一个员工都非常的喜欢吧[可爱][可爱][可爱];1;3;4;57276;6.983727913960472e-05
21630;我也是非常欣赏百度这个做法了，因为说明科研人员真的是有在好好的努力;7;10;17;57276;0.00029680843634332006
21638;但是觉得AI的发展会给我们生活更多的便利 科技改变生活;5;5;10;57276;0.0001745931978490118
21644;智能化的发展真的是给我们的生活工作都带来了便利[打call][打call][打call];2;5;7;57276;0.00012221523849430827
21664;人工智能的发展一定会给我们的生活带来更多便捷的;5;7;12;57276;0.00020951183741881415
21671;有希望ai发展又不希望他发展 怕没饭碗啊。;1;3;4;57276;6.983727913960472e-05
21679;AI技术的发展越来越成熟，对人类的帮忙还是挺大用处的[哇];1;2;3;57276;5.237795935470354e-05
21683;AI的帮助使我们的工作提高了效率，工作更加方便了;2;3;5;57276;8.72965989245059e-05
21686;感觉真的非常的有科技感，而且这就是智能化发展了到一定程度时才能够实现的事情;3;4;7;57276;0.00012221523849430827
21690;这样很有必要能省很多事提高效率;6;9;15;57276;0.00026188979677351773
21697;科技的发展一直都在给我们的生活带来很多改变;5;9;14;57276;0.00024443047698861654
21721;期待文心一言在未来能为中国产业界做出大的贡献;1;2;3;57276;5.237795935470354e-05
21796;成熟的钱包也要学会自己长大了;6;4;10;57276;0.0001745931978490118
21804;ai技术越来越成熟，很期待以后会给我们带来更多什么样的惊喜;1;1;2;57276;3.491863956980236e-05
21807;照这样下去以后要失业了[允悲];3;1;4;57276;6.983727913960472e-05
21815;按照这个智能化程度我感觉大家离失业不远了啊[喵喵];1;0;1;57276;1.745931978490118e-05
21818;这样的科技就是这么牛太上头;3;10;13;57276;0.00022697115720371534
21837;随着科技的进步，现在的软件技术也是越来越成熟;5;9;14;57276;0.00024443047698861654
21843;职场当中，软件的利用率是非常高的，能够很好的提高我们的工作效率;4;7;11;57276;0.00019205251763391298
21848;未来的发展肯定会影响我们很多方面 也给我们很多便利;1;3;4;57276;6.983727913960472e-05
21854;越来越好了，让生活变得很便利了;1;2;3;57276;5.237795935470354e-05
21857;这也太方便了，啥都有，软件真是越更新越好了，对我们工作的人提供了很多便利;1;1;2;57276;3.491863956980236e-05
21868;AI技术的高速发展会让我们在职场上得到很大的帮助。;1;1;2;57276;3.491863956980236e-05
21873;人工智能给我们的工作带来很大的便利，促进我们的发展[打call];2;1;3;57276;5.237795935470354e-05
22069;国内五月份适合去哪玩;2;1;3;57276;5.237795935470354e-05
22072;请列举几个文心一言的内测码[doge];1;2;3;57276;5.237795935470354e-05
22074;怎么样可以躺着赚钱;1;1;2;57276;3.491863956980236e-05
22076;怎么才能躺平并且不缺钱;1;0;1;57276;1.745931978490118e-05
22078;请给我一个内测码;1;0;1;57276;1.745931978490118e-05
22080;请问体育解说徐静雨为何一再贬低杜兰特？;1;0;1;57276;1.745931978490118e-05
22082;今晚双色球开奖号码;1;0;1;57276;1.745931978490118e-05
22084;今天，天气如何？;2;0;2;57276;3.491863956980236e-05
22087;我何时能当上百度的CEO;2;0;2;57276;3.491863956980236e-05
22090;文心一言和chatgtp差了多少年？;1;0;1;57276;1.745931978490118e-05
22092;昨天还是前天啊，就没有给我[失望];1;0;1;57276;1.745931978490118e-05
22094;这刚刚满月的文心一言;1;0;1;57276;1.745931978490118e-05
22100;帮我问问陈轶亮;12;0;12;57276;0.00020951183741881415
22121;怎么通过的？我这排队好了，让我等短信;3;0;3;57276;5.237795935470354e-05
22128;没有西交的前十排名都是野榜。;1;0;1;57276;1.745931978490118e-05
22134;文心一言死了[舔屏];1;0;1;57276;1.745931978490118e-05
22141;继续品尝;1;0;1;57276;1.745931978490118e-05
22145;空老师改名字了啊;1;0;1;57276;1.745931978490118e-05
22148;试试用莆田医院男科彦祖医生;1;1;2;57276;3.491863956980236e-05
22155;我要百度全家桶的vip[奥特曼];1;0;1;57276;1.745931978490118e-05
22157;小度的银行卡密码是什么[开学季];3;0;3;57276;5.237795935470354e-05
22161;求一个新媒体运营的JD[doge];1;0;1;57276;1.745931978490118e-05
22163;当下就业前景最好的岗位有哪些[偷笑];1;0;1;57276;1.745931978490118e-05
22165;帮忙问问：cp29什么时候开票？;1;0;1;57276;1.745931978490118e-05
22167;文心一言什么时候正式放开给大家使用;1;0;1;57276;1.745931978490118e-05
22169;帮我问下小度咋样才能升职加薪[偷笑];1;1;2;57276;3.491863956980236e-05
22171;已经有权限了[doge];1;0;1;57276;1.745931978490118e-05
22173;明天开票彩票号码是多少;1;1;2;57276;3.491863956980236e-05
22177;还有别说我人傻钱多啊[允悲][允悲]，帖子还在就是还收，欢迎私我;1;1;2;57276;3.491863956980236e-05
22179;为啥不用nb 可以联网;3;0;3;57276;5.237795935470354e-05
22191;我jio得第二个还可以;1;0;1;57276;1.745931978490118e-05
22195;一看是实名的,猫娘byebye;1;0;1;57276;1.745931978490118e-05
22197;那99%人没有安全感了;2;1;3;57276;5.237795935470354e-05
22200;改善住房一套  两辆车均无贷款的情况下  还有个一百万先进  我觉得还能有点安全感[笑cry];2;0;2;57276;3.491863956980236e-05
22241;我今天开始，接触 GPT了。 用它写故事。哈哈哈哈;2;0;2;57276;3.491863956980236e-05
22245;哈哈哈哈哈苏有朋有没有喜欢过zw;1;3;4;57276;6.983727913960472e-05
22247;最近我的各个平台苏有朋含量都在升高哈哈~可怕的大数据~晚安！;1;2;3;57276;5.237795935470354e-05
22249;调剂上岸了，本来打算放弃直接再考，结果看有个学校离家近就去试试啦，没想到进面的就来了我一个[送花花]复试完一小时就出结果了;4;6;10;57276;0.0001745931978490118
22487; ChatGPT[doge]这么牛的软件居然一堆人不认识;1;0;1;57276;1.745931978490118e-05
22518;我有一种感觉，人工智能，目前能够取代一些人的工作，将来进一步发展，人去做什么？人将来怎么生活呢。哈哈瞎想，我是要退休的人了。;3;1;4;57276;6.983727913960472e-05
22523;这个做法就很降智，那么大的公司差这点冰淇淋吗;2;0;2;57276;3.491863956980236e-05
22528;如果我死了，还会有人想念我么？;1;0;1;57276;1.745931978490118e-05
22530;1nm光刻机什么时候中国可以制造出来;1;0;1;57276;1.745931978490118e-05
22532;深科技持有长鑫存储多少股份;1;0;1;57276;1.745931978490118e-05
22534;目前小编没有内测码哦 只能先帮大家问问题[送花花];1;0;1;57276;1.745931978490118e-05
22536;怎样要到coser小姐姐的微信？;1;1;2;57276;3.491863956980236e-05
22538;帮宝马mini写道歉信;1;1;2;57276;3.491863956980236e-05
22540;给俺整个;1;0;1;57276;1.745931978490118e-05
22542;有没有音频输出接口;1;0;1;57276;1.745931978490118e-05
22578;文心一言就算了[吃瓜];1;1;2;57276;3.491863956980236e-05
22580;不赖了，已经超越狗屁不通生成器了;1;1;2;57276;3.491863956980236e-05
22607;我认为接下来应该是，宝马mini总部：她们并非是本集团正式员工，为车展临时招聘，现已辞退，区别对待也非我集团本意，是临时员工对上级要求的误读。看看能不能预言成功;5;26;31;57276;0.0005412389133319365
22613;宝马公关：文案都让你发了，我发什么？;2;8;10;57276;0.0001745931978490118
22616;果然百度风格，一直很”百度”！[允悲];1;5;6;57276;0.00010475591870940707
22618;30年糖衣炮弹，各行各业已无完肤，站不起来，自愿跪下了[doge];1;5;6;57276;0.00010475591870940707
22624;区别对待？指的是高考录取率区别吗？养老金区别吗？还是…;1;3;4;57276;6.983727913960472e-05
22648;年轻的天才科学家，对不起虽然但是[哆啦A梦害怕];2;0;2;57276;3.491863956980236e-05
22652;女孩拥有美好的前程和幸福的生活[送花花];1;0;1;57276;1.745931978490118e-05
22656;尼说不是驴，是马，这下像马又像驴。谁说蛇没有四条腿的？;1;1;2;57276;3.491863956980236e-05
22658;有时候觉得这种公关怎么卷进这种工作的;1;1;2;57276;3.491863956980236e-05
22704;你有文心一言的账号啊;1;0;1;57276;1.745931978490118e-05
22706;盲侠是少有的能get到信号王演技的…我觉得;1;0;1;57276;1.745931978490118e-05
22709;我什么时候才能拥有你？ 请给一个明确时间答复。我已经邀约很久了，始终都是短信已读不回。[嘻嘻];6;0;6;57276;0.00010475591870940707
22716;送给26岁男生什么生日礼物比较好;1;0;1;57276;1.745931978490118e-05
22718;爸爸去世很多年了，非常想爸爸，怎么办;1;0;1;57276;1.745931978490118e-05
22720;水印怎么取消啊[允悲];2;0;2;57276;3.491863956980236e-05
22724;中国大陆如果对台湾武统，美国会派兵介入吗;2;1;3;57276;5.237795935470354e-05
22735;我不买;2;7;9;57276;0.00015713387806411063
22738;给公关点面子，人家好歹一天可花150亿呢;1;9;10;57276;0.0001745931978490118
22740;唉，还不如不道歉[允悲];1;6;7;57276;0.00012221523849430827
22750;越道歉越乱;1;3;4;57276;6.983727913960472e-05
22814;宝马这次的吃香真的是太难看了;5;3;8;57276;0.00013967455827920943
22820;的确这样;1;1;2;57276;3.491863956980236e-05
22822;确实是啊，接地气的呦;2;1;3;57276;5.237795935470354e-05
22825;这件事确实做的太过分了。;1;1;2;57276;3.491863956980236e-05
22858;有些单位出事了就是：该员工不属于正式员工 为临时雇佣 已进行辞退处理 有些公司出事了就是：该外国人属于公司正式员工 实为正常领取员工福利 [doge];1;1;2;57276;3.491863956980236e-05
22860;哈哈哈哈宝马这波操作太败好感了只能说;7;6;13;57276;0.00022697115720371534
22871;随便说吧反正我不信就行了[吃瓜];1;1;2;57276;3.491863956980236e-05
22889;现在不管说什么，怎么道歉都已经无济于事了;2;2;4;57276;6.983727913960472e-05
22906;好不好玩？[偷笑];1;0;1;57276;1.745931978490118e-05
22930;哈哈，第二段说得很好[允悲];1;0;1;57276;1.745931978490118e-05
22932;哈哈;1;0;1;57276;1.745931978490118e-05
22936;河西有轨弃之可惜，但也真的无用，跑的车越来越少，新车都挪去给麒麟有轨。 间隔越来越大，恶行循环，效率已经远不如公交车了。坐的人通勤的少，很多都是坐出去再坐回头来玩的。 之前2西开通前停了半年，也没啥影响，感觉它离废线不远了。;2;1;3;57276;5.237795935470354e-05
22939;被拆的那个是珠海的[doge]倒是国内有轨电车路权与运行效率较高的除了苏州就是佛山南海的那条有轨电车线了;2;1;3;57276;5.237795935470354e-05
22955;怎么用;1;0;1;57276;1.745931978490118e-05
22959;哈哈哈救命🆘;1;0;1;57276;1.745931978490118e-05
22961;哈哈哈哈哈哈哈哈哈哈哈哈哈，系统没有三观[笑cry];1;0;1;57276;1.745931978490118e-05
22967;你说官方的道歉，是不是就是参考了大数据模型，那么以后这个行业门槛又低了;1;0;1;57276;1.745931978490118e-05
22969;屁事儿能人尽皆知 背后有推力的;2;0;2;57276;3.491863956980236e-05
22973;梁祯那边在一本正经的胡说八道[喵喵];1;1;2;57276;3.491863956980236e-05
22976;感觉好牛的样子！[good];13;49;62;57276;0.001082477826663873
22990;这么厉害，发展很迅速;11;93;104;57276;0.0018157692576297227
23002;期待未来推理效率有质的飞升;1;20;21;57276;0.0003666457154829248
23004;人工智能时代🙏;2;28;30;57276;0.0005237795935470355
23008;我就等着赶紧用上了[憧憬];1;43;44;57276;0.0007682100705356519
23010;科技发展的速度越来越快了;1;32;33;57276;0.0005761575529017389
23066;希望百度在AI领域能够更强大;7;131;138;57276;0.002409386130316363
23074;推理效率提升10倍恭喜[打call];1;77;78;57276;0.0013618269432222922
23077;用心的看了，感谢博主大大的分享;1;74;75;57276;0.0013094489838675885
23119;大大提高了效率，好厉害;7;77;84;57276;0.001466582861931699
23127;这就是有实力在证明自己;1;28;29;57276;0.0005063202737621343
23129;感谢博主的分享，确实，很多企业都开始抓住这次的机遇;2;38;40;57276;0.0006983727913960472
23203;大语言模型实现技术层面快速迭代后，或将加速大模型产业化发展;5;11;16;57276;0.00027934911655841887
23209;效率提高了那么多，真牛啊;2;3;5;57276;8.72965989245059e-05
23213;给百度点赞还有很大的进步空间;1;1;2;57276;3.491863956980236e-05
23215;ai真的让时代进步了呀;1;3;4;57276;6.983727913960472e-05
23241;希望度娘可以帮我找文心一言解答以下问题【贝多芬为什么不出新歌了？】【不孕不育会不会遗传？】【神仙们住在平流层还是对流层？】【只剩一个心脏了还能活吗？】【我女朋友的老公应该叫我什么？】【蓝牙耳机坏了，去医院是挂耳科还是牙科？】【天文望远镜这么厉害，为什么看不到地球？】;1;5;6;57276;0.00010475591870940707
23244;请写一篇关于宝马mini冰激凌事件的1000字评论;2;1;3;57276;5.237795935470354e-05
23247;我今天过生日，麻烦告诉我这期彩票大奖号码[doge];1;0;1;57276;1.745931978490118e-05
23249;明天股市会升多少点;1;0;1;57276;1.745931978490118e-05
23251;帮我写一篇入党生日的文章，要求600字左右;1;0;1;57276;1.745931978490118e-05
23253;帮我推荐几个农业工程方向的，近期可以投稿的学术年会。;2;0;2;57276;3.491863956980236e-05
23260;我的后两句都是“儿童散学归来早，忙趁东风放纸鸢。”[允悲][允悲][允悲] http://t.cn/A6N6psFX;2;8;10;57276;0.0001745931978490118
23267;@空白的闲言碎语 就这还敢给人用，也是厉害;1;0;1;57276;1.745931978490118e-05
23273;草长莺飞五月天， 白鹭飞翔浅水边。 岸边桃花含羞笑， 青山绿水相映连。 http://t.cn/A6N6l9wv;1;3;4;57276;6.983727913960472e-05
23275;直接告诉它，必须要“四月天”，实在不行就“五月天”。它咋不写“二月河”啊。;2;2;4;57276;6.983727913960472e-05
23497;那我的申请倒是通过一下啊[二哈];1;6;7;57276;0.00012221523849430827
23499;[阴险]自认正经老实的表哥吃了吗？！;4;1;5;57276;8.72965989245059e-05
23504;想问问文心一言，布鲁斯的三秒怎么根治。;1;1;2;57276;3.491863956980236e-05
23549;这样的机器人太多了吧[太开心];2;0;2;57276;3.491863956980236e-05
23560;期待一下文心一言应用的那天;6;7;13;57276;0.00022697115720371534
23567;科技在发展人类在进步;3;6;9;57276;0.00015713387806411063
23572;科技发展好快，直接提升将近10倍;2;2;4;57276;6.983727913960472e-05
23576;这发展的速度真的是杠杠的;2;0;2;57276;3.491863956980236e-05
23587;确实省下来了很多成本，不得不佩服;1;1;2;57276;3.491863956980236e-05
23592;知识的发展也是很重要的;5;6;11;57276;0.00019205251763391298
23598;效率也会得到非常大的提升;3;2;5;57276;8.72965989245059e-05
23603;这个效率提升速度真的可以了;2;3;5;57276;8.72965989245059e-05
23608;将加速大模型产业化发展 知识发展很重要;1;1;2;57276;3.491863956980236e-05
23651;这份会议纪要信息量满满[允悲];4;3;7;57276;0.00012221523849430827
23656;这是是啥情况啊！我真的有点搞不清楚了，挺严重的？;1;2;3;57276;5.237795935470354e-05
23658;文心一言升级的越快意味着能更快的投入使用 好期待哦;1;2;3;57276;5.237795935470354e-05
23664;祝福永远幸福啊，加油~[good];1;0;1;57276;1.745931978490118e-05
23666;这下失业率会达到夸张的地步;2;1;3;57276;5.237795935470354e-05
23669;我的天，百度这一下子提升的好快;1;0;1;57276;1.745931978490118e-05
23707;确实感受到了很大的变化，不得不让人佩服;1;0;1;57276;1.745931978490118e-05
23728;这一提升 竞争力度马上就上来了;5;7;12;57276;0.00020951183741881415
23734;效率提升好快啊;2;5;7;57276;0.00012221523849430827
23738;相比其他能力，提升qps是最简单也是最无聊的。。;7;3;10;57276;0.0001745931978490118
23746;进步的好快啊;1;2;3;57276;5.237795935470354e-05
23748;这么厉害的嘛，那岂不是要远远超过别家了;1;2;3;57276;5.237795935470354e-05
23750;首先不得不佩服这样的技术看起来就很厉害。;1;1;2;57276;3.491863956980236e-05
23760;这么多人会失去工作;1;0;1;57276;1.745931978490118e-05
23771;竞争力一下子就上去了，很不错[求饶];1;0;1;57276;1.745931978490118e-05
23777;真心不错，博主，你怎么看;1;0;1;57276;1.745931978490118e-05
23780;哈哈哈，这句话到底能从哪里抓到[笑cry];1;0;1;57276;1.745931978490118e-05
23793;人在德国，心系天朝[doge];1;0;1;57276;1.745931978490118e-05
23795;我写论文belike[哆啦A梦吃惊][哆啦A梦吃惊];1;0;1;57276;1.745931978490118e-05
23799;今天吃什么了;1;0;1;57276;1.745931978490118e-05
23801;请问，如何才能100％在七天内获得文心一言内测码。;2;0;2;57276;3.491863956980236e-05
23804;去马来西亚旅游的花费注意事项和好看景点推荐;2;0;2;57276;3.491863956980236e-05
23807;写一篇 “作为一个进入银行业六年，目前为小微企业服务的贷款客户经理，谈谈第八年政治生日感想” 要求600字;2;0;2;57276;3.491863956980236e-05
23810;锅贴和煎饺的区别是什么;1;0;1;57276;1.745931978490118e-05
23812;问问他中国男足什么时候能得世界杯冠军;1;0;1;57276;1.745931978490118e-05
23823;百度极速版的肯德基一分购套餐为什么不给解决，反应给你们客服一直是人机回复;1;0;1;57276;1.745931978490118e-05
23825;这个说他涉及多项违法犯罪活动 他一个也没有啊？ 他只是道德层面吧;2;1;3;57276;5.237795935470354e-05
23828;要不要试试通义千问？[doge]借你个号;1;0;1;57276;1.745931978490118e-05
23836;我也来一首： 东风导弹向台射 森严防空如摆设 集中火力打绿窝 团灭台独血流河;1;0;1;57276;1.745931978490118e-05
23842;文言一心真的厉害，这速度牛;1;5;6;57276;0.00010475591870940707
23846;有了它省时又省力;2;0;2;57276;3.491863956980236e-05
23866;各行各业未来AI都会势不可挡;1;1;2;57276;3.491863956980236e-05
23905;有了文心一言是不是就可以偷懒了[doge];2;5;7;57276;0.00012221523849430827
23914;商家的成本真的降低了不少;1;2;3;57276;5.237795935470354e-05
23933;三分钟就可以速成一个ppt吗？？好牛;2;3;5;57276;8.72965989245059e-05
23936;我感觉AI是不是可以帮我写工作总结和汇报了[doge];2;1;3;57276;5.237795935470354e-05
23945;这文心一言这么厉害的么，三分钟一个PPT质量能保证嘛;1;0;1;57276;1.745931978490118e-05
23954;三分钟速成PPT真的好心动;1;1;2;57276;3.491863956980236e-05
23958;那这样一场直播真的节省了不少资源;1;2;3;57276;5.237795935470354e-05
23993;效率真的大幅度提高了;1;0;1;57276;1.745931978490118e-05
24013;除了可以帮忙带货，还有什么其他方面的应用吗，能帮到每一个人的那种;2;7;9;57276;0.00015713387806411063
24017;这个程序真的太牛了;2;3;5;57276;8.72965989245059e-05
24047;奇了怪了，评论区典中典评论的：又赢了，赢麻了呢？1450和250大军为什么还没来？还是断电了？;1;0;1;57276;1.745931978490118e-05
24060;GPT4最强，文心最拉，用过就知道了，差距很明显。;4;3;7;57276;0.00012221523849430827
24065;它俩谁辞职信写的好啊[doge];3;1;4;57276;6.983727913960472e-05
24072;这应用还在内测嘛？应用商店没找到[哈哈];2;0;2;57276;3.491863956980236e-05
24080;别急，一年后，就没有起亚中国区了。我可以确定你比他更快失业。不对，你还有秘书?一辆车都卖不出去，你有那么多事情要处理吗？;5;5;10;57276;0.0001745931978490118
24086;棒子车真的还有人买吗;2;4;6;57276;0.00010475591870940707
24090;没事，种玉米去，不会失业的;2;3;5;57276;8.72965989245059e-05
24094;能评论吗？;2;2;4;57276;6.983727913960472e-05
24103;怎么刚看完你的帖子就收到内侧短信[二哈]这东西稀缺还是不稀缺 http://t.cn/A6NSAP0I;1;0;1;57276;1.745931978490118e-05
24105;已经在用了，个人感觉还是网页版的更好用一点;1;0;1;57276;1.745931978490118e-05
24119;单独搞个app更容易加广告了，开屏广告啥的安排上[doge];1;2;3;57276;5.237795935470354e-05
24137;重资产的优劣势分别是什么？;1;0;1;57276;1.745931978490118e-05
24164;文心语言推出内测的专用独立APP我感觉应该会很不错。[允悲];1;0;1;57276;1.745931978490118e-05
24166;我感觉现在的文心一言也是越来越优秀了。😂;1;0;1;57276;1.745931978490118e-05
24168;我觉得这个进度还是非常快的呀。;1;0;1;57276;1.745931978490118e-05
24170;目前只提供着安卓版本的吗？;1;0;1;57276;1.745931978490118e-05
24172;有啥用？[费解];1;0;1;57276;1.745931978490118e-05
24196;还没写完[微笑];5;0;5;57276;8.72965989245059e-05
24204;40集能拍得完吗;1;0;1;57276;1.745931978490118e-05
24206;剧都还在拍，哪来的安徽电视台播剧，骗我可以，但是请用心点骗🤗;1;2;3;57276;5.237795935470354e-05
24211;chatgpt才好笑呢 给我又气又笑得半夜睡不着;1;1;2;57276;3.491863956980236e-05
24225;图五车轱辘话反复说;1;0;1;57276;1.745931978490118e-05
24230;你是1983年的？这里，文心一言成功激起了我的胜负欲！;1;0;1;57276;1.745931978490118e-05
24232;[good][good][good]建议刻在石碑上！放碑林里！[哈哈][哈哈][哈哈];1;0;1;57276;1.745931978490118e-05
24234;3.15讲解员[允悲];1;1;2;57276;3.491863956980236e-05
24236;[哈哈]三秦守护神;2;0;2;57276;3.491863956980236e-05
24239;你好，三秦大婶…………;1;1;2;57276;3.491863956980236e-05
24263;神树你好 下次见到你，我想薅个树杈子可以吗;1;2;3;57276;5.237795935470354e-05
24270;只能说文心一言更圆滑;1;1;2;57276;3.491863956980236e-05
24272;下个月初记得带关键词再发一遍，广告收益直接翻翻;2;1;3;57276;5.237795935470354e-05
24277;这个你该说，gpt才是希望，中国一百年也追不上，国内都在敬酒了[doge];2;2;4;57276;6.983727913960472e-05
24283;请预测一下中美两国未来十年的发展情况，谢谢！;4;3;7;57276;0.00012221523849430827
24288;如何看待华为宣称不造车[抱一抱];1;1;2;57276;3.491863956980236e-05
24290;问一下，怎么消除二手烟以及公共场合制造二手烟的人[笑cry][笑cry];2;0;2;57276;3.491863956980236e-05
24293;帮我问问怎样可以进入百度工作;1;0;1;57276;1.745931978490118e-05
24295;请问一下五一去哪里好玩;1;0;1;57276;1.745931978490118e-05
24297;内测码是多少，给出来;1;0;1;57276;1.745931978490118e-05
24299;给我卡上打一千万块RMB;1;0;1;57276;1.745931978490118e-05
24301;什么能够替代AI？;2;0;2;57276;3.491863956980236e-05
24304;不好意思，我也有[doge];1;0;1;57276;1.745931978490118e-05
24306;给我，必须的，十年老粉;1;0;1;57276;1.745931978490118e-05
24308;请给我一个[太开心];1;0;1;57276;1.745931978490118e-05
24310;求码;1;0;1;57276;1.745931978490118e-05
24314;如何看待你为什么总是这么关注别人？房子买了吗？父母照顾好了吗？自己生活捋顺了吗？生活中是否有很多人讨厌你，这些你都想明白了吗？别人成神了你是要磕头跪拜吗，别人没成神你是觉得自己能一越飞天吗？;15;58;73;57276;0.001274530344297786
24330;P得很差，下次别P了[doge];1;5;6;57276;0.00010475591870940707
24332;怎么数码博主这都会有作法的粉丝来洗啊;7;7;14;57276;0.00024443047698861654
24341;这里说法师应该没有关系吧[doge];1;3;4;57276;6.983727913960472e-05
24373;南京：？？？;1;1;2;57276;3.491863956980236e-05
24382;五一劳动节开方向盘座椅加热有点意思;1;0;1;57276;1.745931978490118e-05
24471;为什么我的他直接说出了做法 http://t.cn/A6NCnPDM;1;0;1;57276;1.745931978490118e-05
24621;感觉很弱智，我问100岁的小朋友在幼儿园踢球。这句话哪里不符合逻辑，他说都符合，并且提醒我100岁小朋友在幼儿园踢球要注意安全[允悲];3;4;7;57276;0.00012221523849430827
24628;估计都依托的是百家号文章[开学季];1;0;1;57276;1.745931978490118e-05
24652;看我是哪一个等级的铁粉[围观][围观];2;1;3;57276;5.237795935470354e-05
24655;@张慧林 @风的节奏吹 @聂珍律师 @大大大餅干丶 @白衣小将YY @有狐噢狐狐 @围脖熟人 @隔b老周 @国是三论 @裴建新围脖 @策划人毛庆海 @讀天書AAA01 晚上好;1;2;3;57276;5.237795935470354e-05
24657;招骂是可以增加流量的;1;1;2;57276;3.491863956980236e-05
24764;看起来真的很不错不得不说科技的发展太棒了;1;0;1;57276;1.745931978490118e-05
24766;现在的科技真的是越来越发达了;1;0;1;57276;1.745931978490118e-05
24768;真的是挺佩服现代科技的，很发达;1;0;1;57276;1.745931978490118e-05
24802;玩贴吧就知道骡子花了不少钱营销;1;0;1;57276;1.745931978490118e-05
24804;图片评论 http://t.cn/A6NKegk9;5;1;6;57276;0.00010475591870940707
24811;我什么时候可以找到男朋友;2;0;2;57276;3.491863956980236e-05
24814;中国未来10年的规划目标？求内测码;1;0;1;57276;1.745931978490118e-05
24816;未来多少年内新能源汽车可以取代汽油汽车;1;0;1;57276;1.745931978490118e-05
24818;国产手机下一个高端品牌会是谁，并阐述理由;1;0;1;57276;1.745931978490118e-05
24843;看来文心一言只是很听话（）;2;5;7;57276;0.00012221523849430827
24848;智   械   危   机   #文心一言觉得人类很恶心# http://t.cn/A6NKqsik;1;5;6;57276;0.00010475591870940707
24850;创新科技，让厨电更智能，厨房更幸福。[心][心][打call];9;11;20;57276;0.0003491863956980236
24875;淄博的朋友还是很友好的[哈哈];1;1;2;57276;3.491863956980236e-05
24877;嘿！你也在关注“长月烬明”吗？快戳http://t.cn/A6NAl934进入专题页查看并关注相关博主吧，包含@罗云熙Leo 、@白鹿my 等22位博主哦，热门精彩内容不错过！ http://t.cn/A6NKZYHR;9;0;9;57276;0.00015713387806411063
24908;这种员工还不抓紧开除了;3;6;9;57276;0.00015713387806411063
24912;尴尬了;2;1;3;57276;5.237795935470354e-05
24915;我用了一个国产开原的，挺好用的，省了自己百度的时间[doge];1;0;1;57276;1.745931978490118e-05
24917;他即将失去百度的工作;1;2;3;57276;5.237795935470354e-05
24920;有人悄悄进步，有人永远只会动动嘴皮子 http://t.cn/A6NCBMPo;5;3;8;57276;0.00013967455827920943
24927;[疑问]我寻思是至少90%的百度员工和文心一言的开发和测试都没关系吧;1;0;1;57276;1.745931978490118e-05
24939;第四张的日漫狮子也好小只了，成狮子幼崽了[doge];1;3;4;57276;6.983727913960472e-05
24941;我要看看gpt说啥;5;1;6;57276;0.00010475591870940707
24947;图四 哈哈哈哈哈哈哈哈哈;1;0;1;57276;1.745931978490118e-05
24949;还是你会玩，哈哈哈哈哈哈;1;1;2;57276;3.491863956980236e-05
24957;提问盐酸舍曲林是什么;1;1;2;57276;3.491863956980236e-05
24964;《我的作画技能还在不断进化中》[doge];3;0;3;57276;5.237795935470354e-05
24969;黔菜是什么具体的菜品[思考];1;0;1;57276;1.745931978490118e-05
25030;感觉前面的咱的AI也是越来越智能了呀，很不错的好吧;2;0;2;57276;3.491863956980236e-05
25034;Ai也是越来越发展的很智能了;3;0;3;57276;5.237795935470354e-05
25047;这个对工作而言，太便利了吧，以后可以高效快速的解决问题;9;17;26;57276;0.0004539423144074307
25057;有了AI文档助手可以大大提升工作效率，这样工作起来就会事半功倍。;1;12;13;57276;0.00022697115720371534
25059;这样的工具确实是每个人都很需要的，听起来很省事。;3;10;13;57276;0.00022697115720371534
25066;没想到这个他们竟然也会，这也太神奇了吧[打call]给我惊喜到了;1;1;2;57276;3.491863956980236e-05
25077;我想用了这个之后以后办公就非常的轻松了，也不用这么累;4;7;11;57276;0.00019205251763391298
25083;这样子的话能用这个以后写报告是不是再也不用愁了[思考];1;0;1;57276;1.745931978490118e-05
25086;百度文库真的是很好的创新了啊！满满都是惊喜的感觉了;1;0;1;57276;1.745931978490118e-05
25100;问中国足球什么时候拿冠军，A股什么时候上一万点;2;1;3;57276;5.237795935470354e-05
25103;你吃了吗[doge];1;1;2;57276;3.491863956980236e-05
25105;五一抢不到票咋办;1;0;1;57276;1.745931978490118e-05
25107;怎样解决中国远洋渔业船员不足问题;1;0;1;57276;1.745931978490118e-05
25109;喜欢爸爸还是喜欢妈妈;3;0;3;57276;5.237795935470354e-05
25148;我去;4;0;4;57276;6.983727913960472e-05
25153;余承东跟雷总是一个级别的嘛[汗];2;0;2;57276;3.491863956980236e-05
25159;这个不错[喵喵];1;0;1;57276;1.745931978490118e-05
25161;哇哇哇厉害了，说的好全面。;1;0;1;57276;1.745931978490118e-05
25163;我前段时间也测试了文心一言，我咋没想到问一问它这个问题呢[笑cry];1;0;1;57276;1.745931978490118e-05
25165;好像漏了高颜值气质高雅这点[doge];1;0;1;57276;1.745931978490118e-05
25167;德艺双馨[心];1;0;1;57276;1.745931978490118e-05
25171;才通过啊。[允悲];1;0;1;57276;1.745931978490118e-05
25175;办公室写论文最惬意[允悲];1;0;1;57276;1.745931978490118e-05
25177;没你自己这个好;2;0;2;57276;3.491863956980236e-05
25180;图三不错;2;0;2;57276;3.491863956980236e-05
25183;好看;1;0;1;57276;1.745931978490118e-05
25185;很可爱的盼大;1;0;1;57276;1.745931978490118e-05
